0.000000000000000000e+00 9.987029433250427246e-01 9.982128143310546875e-01 1.260737329721450806e-01 1.176923960447311401e-01 9.386602044105529785e-02 6.413000822067260742e-02 5.828227102756500244e-02 5.079184472560882568e-02 5.143512785434722900e-02 5.309809744358062744e-02 5.056275427341461182e-02 4.689575731754302979e-02 4.350662231445312500e-02 4.069542884826660156e-02 3.909526765346527100e-02 3.730241954326629639e-02 3.600716590881347656e-02 3.543460369110107422e-02 3.558248281478881836e-02 3.661060333251953125e-02 3.750407695770263672e-02 3.816765546798706055e-02 3.899413347244262695e-02 3.967073559761047363e-02 3.973726928234100342e-02 3.939677774906158447e-02 3.872027993202209473e-02 3.812634944915771484e-02 3.708694875240325928e-02 3.646257519721984863e-02 3.608238697052001953e-02 3.583857417106628418e-02 3.578905761241912842e-02 3.731986880302429199e-02 3.983584046363830566e-02 4.174512624740600586e-02 4.308900237083435059e-02 4.359173774719238281e-02 4.312209784984588623e-02 4.130482673645019531e-02 3.855240345001220703e-02 3.583538532257080078e-02 3.472276031970977783e-02 3.500184416770935059e-02 3.512050211429595947e-02 3.339292109012603760e-02 3.276318311691284180e-02 3.384633362293243408e-02 3.607618808746337891e-02 3.900411725044250488e-02 4.229284822940826416e-02 4.268014430999755859e-02 4.223065078258514404e-02 4.041615128517150879e-02 3.672328591346740723e-02 3.468438982963562012e-02 3.562758862972259521e-02 3.733368217945098877e-02 3.791074454784393311e-02 3.942495584487915039e-02 4.072529077529907227e-02 4.187035560607910156e-02 4.770101606845855713e-02 5.612991750240325928e-02 8.621288836002349854e-02 1.721847653388977051e-01 2.967967391014099121e-01 1.941576898097991943e-01 6.079587340354919434e-02 7.446955144405364990e-02 5.911001563072204590e-01 7.098239660263061523e-01 6.477977037429809570e-01 6.079711914062500000e-01 3.429738879203796387e-01 4.766502976417541504e-02 4.007861018180847168e-02
9.987029433250427246e-01 0.000000000000000000e+00 9.994869828224182129e-01 9.993664622306823730e-01 1.428171098232269287e-01 1.128196418285369873e-01 8.350065350532531738e-02 5.325299501419067383e-02 4.933512210845947266e-02 4.826509952545166016e-02 4.698939621448516846e-02 5.048705637454986572e-02 4.959519207477569580e-02 4.848042130470275879e-02 4.614226520061492920e-02 4.161752760410308838e-02 3.884007036685943604e-02 3.701841831207275391e-02 3.564082086086273193e-02 3.459370136260986328e-02 3.442746400833129883e-02 3.461258113384246826e-02 3.538489341735839844e-02 3.638908267021179199e-02 3.686077892780303955e-02 3.709560632705688477e-02 3.692784905433654785e-02 3.619466722011566162e-02 3.588917851448059082e-02 3.601118922233581543e-02 3.475509583950042725e-02 3.387737274169921875e-02 3.380267322063446045e-02 3.478917479515075684e-02 3.592084348201751709e-02 3.844127058982849121e-02 4.069288074970245361e-02 4.235984385013580322e-02 4.358966648578643799e-02 4.421874880790710449e-02 4.254135489463806152e-02 3.924715518951416016e-02 3.558380901813507080e-02 3.462348878383636475e-02 3.578352928161621094e-02 3.769369423389434814e-02 3.615669906139373779e-02 3.608413040637969971e-02 3.595320880413055420e-02 3.758077323436737061e-02 4.142493009567260742e-02 4.437869787216186523e-02 4.674762487411499023e-02 4.409669339656829834e-02 3.912320733070373535e-02 3.516416251659393311e-02 3.304950892925262451e-02 3.244028985500335693e-02 3.399115800857543945e-02 3.607571125030517578e-02 3.776052594184875488e-02 3.921544551849365234e-02 4.111926257610321045e-02 5.001518130302429199e-02 6.901970505714416504e-02 1.447226554155349731e-01 2.919233441352844238e-01 2.103476226329803467e-01 6.299866735935211182e-02 6.959705054759979248e-02 5.660973787307739258e-01 6.758131384849548340e-01 5.724729895591735840e-01 5.448631048202514648e-01 4.710317254066467285e-01 5.824369192123413086e-02 4.472008347511291504e-02 3.843256831169128418e-02
9.982128143310546875e-01 9.994869828224182129e-01 0.000000000000000000e+00 9.997508525848388672e-01 9.990770220756530762e-01 1.511141359806060791e-01 1.075526326894760132e-01 7.081966102123260498e-02 4.973733425140380859e-02 5.082361400127410889e-02 4.830279946327209473e-02 4.778018593788146973e-02 5.242258310317993164e-02 5.247789621353149414e-02 5.083279311656951904e-02 4.902710020542144775e-02 4.613204300403594971e-02 4.375566542148590088e-02 4.118868708610534668e-02 3.831852972507476807e-02 3.640905022621154785e-02 3.577119112014770508e-02 3.524470329284667969e-02 3.428879380226135254e-02 3.357337415218353271e-02 3.362411260604858398e-02 3.477524220943450928e-02 3.549773991107940674e-02 3.573861718177795410e-02 3.569631278514862061e-02 3.511020541191101074e-02 3.450514376163482666e-02 3.469169139862060547e-02 3.589019179344177246e-02 3.692130744457244873e-02 3.901895880699157715e-02 4.120939970016479492e-02 4.317912459373474121e-02 4.447783529758453369e-02 4.504635930061340332e-02 4.492422938346862793e-02 4.335115849971771240e-02 3.953546285629272461e-02 3.690959513187408447e-02 3.693202137947082520e-02 3.951682150363922119e-02 4.700237512588500977e-02 5.950784683227539062e-02 5.184923112392425537e-02 4.702046513557434082e-02 4.755021631717681885e-02 4.906211793422698975e-02 4.583238065242767334e-02 4.481977224349975586e-02 4.194180667400360107e-02 3.795269131660461426e-02 3.287149965763092041e-02 3.165030479431152344e-02 3.285846114158630371e-02 3.504899144172668457e-02 3.888407349586486816e-02 4.322603344917297363e-02 4.774755239486694336e-02 5.629633367061614990e-02 9.539616107940673828e-02 2.465534955263137817e-01 2.460239529609680176e-01 7.619757950305938721e-02 7.854659855365753174e-02 6.644533276557922363e-01 5.993312597274780273e-01 5.334365367889404297e-01 5.179712176322937012e-01 5.721459388732910156e-01 7.141640782356262207e-02 5.107511579990386963e-02 4.734449088573455811e-02 4.278978705406188965e-02
1.260737329721450806e-01 9.993664622306823730e-01 9.997508525848388672e-01 0.000000000000000000e+00 9.997846484184265137e-01 9.995576739311218262e-01 1.622588932514190674e-01 1.066287010908126831e-01 6.671266257762908936e-02 5.415166914463043213e-02 5.544398725032806396e-02 5.197481811046600342e-02 5.361920595169067383e-02 5.886693298816680908e-02 5.940558016300201416e-02 5.677539110183715820e-02 5.443181097507476807e-02 5.245468020439147949e-02 4.893776774406433105e-02 4.575034976005554199e-02 4.235337674617767334e-02 3.969576954841613770e-02 3.662689030170440674e-02 3.422200679779052734e-02 3.327968716621398926e-02 3.365707397460937500e-02 3.518554568290710449e-02 3.607982397079467773e-02 3.597074747085571289e-02 3.527562320232391357e-02 3.521063923835754395e-02 3.527016937732696533e-02 3.600920736789703369e-02 3.700822591781616211e-02 3.819632530212402344e-02 3.962914645671844482e-02 4.229961335659027100e-02 4.656229913234710693e-02 4.943570494651794434e-02 5.007246136665344238e-02 5.145183205604553223e-02 5.055674910545349121e-02 4.679350554943084717e-02 4.312388598918914795e-02 4.127788543701171875e-02 4.251837730407714844e-02 5.016592144966125488e-02 6.611350178718566895e-02 7.762511074542999268e-02 7.492122054100036621e-02 6.214019656181335449e-02 5.968278646469116211e-02 5.631010234355926514e-02 5.454452335834503174e-02 5.163083970546722412e-02 4.411554336547851562e-02 3.661538660526275635e-02 3.337913751602172852e-02 3.409045934677124023e-02 3.660544753074645996e-02 4.177261888980865479e-02 4.958175122737884521e-02 6.153576076030731201e-02 8.642500638961791992e-02 1.842337548732757568e-01 2.154005318880081177e-01 9.591203927993774414e-02 9.429946541786193848e-02 7.425696253776550293e-01 6.771707534790039062e-01 6.251588463783264160e-01 5.353257656097412109e-01 6.378082036972045898e-01 7.437083125114440918e-02 5.964329838752746582e-02 5.553841590881347656e-02 5.143892765045166016e-02 4.451023042201995850e-02
1.176923960447311401e-01 1.428171098232269287e-01 9.990770220756530762e-01 9.997846484184265137e-01 0.000000000000000000e+00 9.999113082885742188e-01 9.997828006744384766e-01 1.719128191471099854e-01 1.060698330402374268e-01 7.140229642391204834e-02 6.323227286338806152e-02 6.789609789848327637e-02 6.482876837253570557e-02 6.783743202686309814e-02 7.556477189064025879e-02 7.153913378715515137e-02 6.658317148685455322e-02 6.194801628589630127e-02 6.040208041667938232e-02 5.699707567691802979e-02 5.151267349720001221e-02 4.657875001430511475e-02 4.267536103725433350e-02 3.961895406246185303e-02 3.723175823688507080e-02 3.807818889617919922e-02 3.871984779834747314e-02 3.836365044116973877e-02 3.765513002872467041e-02 3.662393987178802490e-02 3.596016764640808105e-02 3.665323555469512939e-02 3.782416880130767822e-02 3.879868984222412109e-02 3.945049643516540527e-02 4.076418280601501465e-02 4.548516869544982910e-02 5.023282766342163086e-02 5.415390431880950928e-02 5.563446879386901855e-02 5.664947628974914551e-02 6.109392642974853516e-02 6.031630933284759521e-02 5.328756570816040039e-02 4.879674315452575684e-02 4.820886254310607910e-02 5.481658875942230225e-02 8.404968678951263428e-02 1.502670943737030029e-01 1.693273186683654785e-01 1.187601983547210693e-01 9.207370877265930176e-02 7.592026889324188232e-02 6.147977709770202637e-02 5.542895197868347168e-02 4.643315076828002930e-02 3.872862458229064941e-02 3.614798188209533691e-02 3.633347153663635254e-02 3.907066583633422852e-02 4.662302136421203613e-02 6.281958520412445068e-02 8.441659808158874512e-02 1.218993961811065674e-01 1.757102012634277344e-01 1.268873810768127441e-01 1.250741630792617798e-01 6.570529341697692871e-01 7.308702468872070312e-01 6.404885649681091309e-01 5.534636974334716797e-01 5.913302898406982422e-01 6.394955515861511230e-02 4.957208037376403809e-02 4.869170486927032471e-02 5.047531425952911377e-02 4.705582559108734131e-02 4.298490285873413086e-02
9.386602044105529785e-02 1.128196418285369873e-01 1.511141359806060791e-01 9.995576739311218262e-01 9.999113082885742188e-01 0.000000000000000000e+00 9.999668002128601074e-01 9.998840093612670898e-01 1.912197172641754150e-01 1.135530471801757812e-01 8.446781337261199951e-02 8.349350094795227051e-02 9.466598927974700928e-02 9.926150739192962646e-02 1.061600446701049805e-01 1.183384954929351807e-01 8.942298591136932373e-02 7.798500359058380127e-02 7.774756848812103271e-02 7.790328562259674072e-02 7.180485129356384277e-02 6.403996050357818604e-02 5.356015264987945557e-02 4.858194291591644287e-02 4.876163601875305176e-02 5.230097472667694092e-02 5.026154220104217529e-02 4.779946804046630859e-02 4.554973542690277100e-02 4.344680905342102051e-02 4.214985668659210205e-02 4.081556200981140137e-02 4.135741293430328369e-02 4.233324527740478516e-02 4.388907551765441895e-02 4.847216606140136719e-02 5.683530867099761963e-02 6.468605995178222656e-02 6.802605092525482178e-02 6.700812280178070068e-02 6.629982590675354004e-02 7.340060174465179443e-02 8.130908012390136719e-02 7.743518054485321045e-02 7.133641839027404785e-02 6.372214853763580322e-02 7.719506323337554932e-02 1.395576596260070801e-01 3.218937814235687256e-01 4.535869359970092773e-01 4.243696331977844238e-01 2.405425310134887695e-01 1.135956346988677979e-01 7.912307977676391602e-02 6.696254014968872070e-02 5.590713024139404297e-02 4.577755928039550781e-02 4.114390909671783447e-02 4.054619371891021729e-02 4.827657341957092285e-02 6.804777681827545166e-02 1.125052422285079956e-01 1.447099149227142334e-01 1.452731937170028687e-01 1.506690979003906250e-01 1.908107846975326538e-01 5.232253074645996094e-01 6.995791196823120117e-01 6.753945350646972656e-01 5.499950647354125977e-01 5.889478921890258789e-01 6.394626200199127197e-02 4.687774181365966797e-02 4.735305905342102051e-02 4.798045754432678223e-02 4.448071122169494629e-02 4.616580903530120850e-02 4.212544858455657959e-02
6.413000822067260742e-02 8.350065350532531738e-02 1.075526326894760132e-01 1.622588932514190674e-01 9.997828006744384766e-01 9.999668002128601074e-01 0.000000000000000000e+00 9.999848604202270508e-01 9.999262094497680664e-01 2.250607162714004517e-01 1.318469494581222534e-01 1.129316687583923340e-01 1.325681656599044800e-01 1.968395709991455078e-01 2.250299006700515747e-01 1.746502220630645752e-01 1.326571702957153320e-01 1.089742034673690796e-01 1.103731393814086914e-01 1.338889151811599731e-01 1.353893727064132690e-01 1.162147223949432373e-01 8.042229712009429932e-02 7.181549072265625000e-02 6.907935440540313721e-02 7.335905730724334717e-02 7.510565221309661865e-02 7.337068021297454834e-02 6.277184188365936279e-02 5.666746199131011963e-02 5.110102891921997070e-02 4.800447821617126465e-02 4.536445438861846924e-02 4.764547944068908691e-02 5.368871986865997314e-02 6.357052922248840332e-02 7.516930997371673584e-02 7.725100219249725342e-02 7.333175837993621826e-02 6.884035468101501465e-02 6.640343368053436279e-02 7.432116568088531494e-02 1.033527851104736328e-01 1.415185779333114624e-01 1.363035887479782104e-01 1.304961144924163818e-01 1.435620933771133423e-01 2.639235258102416992e-01 4.739584922790527344e-01 6.673226356506347656e-01 6.542577743530273438e-01 4.391512274742126465e-01 2.086339890956878662e-01 1.164201647043228149e-01 8.496242761611938477e-02 6.859442591667175293e-02 5.855727195739746094e-02 5.122557282447814941e-02 5.095300078392028809e-02 6.377592682838439941e-02 1.237613856792449951e-01 1.778853386640548706e-01 1.715865582227706909e-01 1.454916149377822876e-01 1.747082620859146118e-01 3.247491121292114258e-01 4.296275675296783447e-01 4.698857069015502930e-01 4.560359716415405273e-01 4.332522153854370117e-01 6.875938177108764648e-02 4.564270377159118652e-02 4.426184296607971191e-02 4.572843015193939209e-02 4.302431643009185791e-02 4.045054316520690918e-02 4.034128785133361816e-02 4.077933728694915771e-02
5.828227102756500244e-02 5.325299501419067383e-02 7.081966102123260498e-02 1.066287010908126831e-01 1.719128191471099854e-01 9.998840093612670898e-01 9.999848604202270508e-01 0.000000000000000000e+00 9.999914765357971191e-01 9.999300241470336914e-01 4.134039580821990967e-01 2.387127280235290527e-01 2.471699118614196777e-01 3.100611269474029541e-01 2.909389138221740723e-01 1.601548343896865845e-01 1.490659862756729126e-01 1.567836403846740723e-01 1.937188208103179932e-01 2.477454990148544312e-01 3.582041263580322266e-01 3.097569048404693604e-01 2.230800539255142212e-01 1.524155437946319580e-01 1.179888844490051270e-01 1.270381212234497070e-01 1.273407638072967529e-01 9.358617663383483887e-02 8.306366205215454102e-02 6.989546120166778564e-02 5.839025974273681641e-02 5.460371077060699463e-02 5.290819704532623291e-02 5.800119042396545410e-02 6.507688760757446289e-02 7.141482830047607422e-02 7.339501380920410156e-02 7.066893577575683594e-02 6.874114274978637695e-02 6.458301842212677002e-02 5.936852097511291504e-02 6.553466618061065674e-02 9.508073329925537109e-02 1.694351285696029663e-01 2.103342115879058838e-01 2.421099245548248291e-01 3.519495427608489990e-01 4.608086943626403809e-01 5.447967648506164551e-01 6.950836181640625000e-01 7.149212360382080078e-01 4.212393164634704590e-01 2.450756579637527466e-01 1.508714705705642700e-01 1.166592687368392944e-01 9.235252439975738525e-02 7.683639228343963623e-02 6.489838659763336182e-02 6.009976565837860107e-02 8.123998343944549561e-02 1.548333019018173218e-01 1.700567454099655151e-01 1.589796543121337891e-01 1.493121832609176636e-01 1.570249944925308228e-01 1.522787064313888550e-01 1.911657899618148804e-01 2.266636788845062256e-01 2.736158967018127441e-01 8.085314929485321045e-02 5.197352170944213867e-02 4.285399615764617920e-02 4.352651536464691162e-02 4.131239652633666992e-02 3.958898782730102539e-02 3.860251605510711670e-02 3.719705343246459961e-02 3.712843358516693115e-02
5.079184472560882568e-02 4.933512210845947266e-02 4.973733425140380859e-02 6.671266257762908936e-02 1.060698330402374268e-01 1.912197172641754150e-01 9.999262094497680664e-01 9.999914765357971191e-01 0.000000000000000000e+00 9.999938607215881348e-01 9.999403357505798340e-01 6.520622968673706055e-01 2.893321514129638672e-01 2.839486598968505859e-01 1.858552098274230957e-01 1.325378268957138062e-01 1.430236995220184326e-01 2.056234925985336304e-01 3.227571249008178711e-01 4.783861637115478516e-01 5.338708162307739258e-01 5.298802256584167480e-01 4.394223690032958984e-01 3.141261041164398193e-01 3.170783817768096924e-01 2.958301901817321777e-01 2.590619921684265137e-01 1.703585535287857056e-01 1.183242201805114746e-01 7.888008654117584229e-02 6.395073235034942627e-02 5.923113226890563965e-02 6.009289622306823730e-02 6.102178990840911865e-02 6.292958557605743408e-02 6.310303509235382080e-02 6.143331527709960938e-02 6.041309237480163574e-02 5.882184207439422607e-02 5.656994879245758057e-02 5.234874784946441650e-02 5.278912186622619629e-02 6.257933378219604492e-02 1.330459713935852051e-01 1.942388415336608887e-01 3.390814661979675293e-01 5.989063978195190430e-01 5.620281696319580078e-01 6.110814809799194336e-01 6.954732537269592285e-01 5.702456235885620117e-01 2.929630875587463379e-01 1.797206699848175049e-01 1.267245113849639893e-01 1.091874390840530396e-01 1.019750833511352539e-01 8.869212865829467773e-02 7.010069489479064941e-02 6.081143021583557129e-02 8.403564989566802979e-02 1.233132630586624146e-01 1.389817148447036743e-01 1.398127079010009766e-01 1.198227107524871826e-01 1.121073514223098755e-01 1.148632764816284180e-01 1.067557483911514282e-01 1.369254738092422485e-01 9.785224497318267822e-02 6.718741357326507568e-02 5.303640663623809814e-02 4.529921710491180420e-02 4.090388119220733643e-02 3.862626850605010986e-02 3.704930841922760010e-02 3.641150891780853271e-02 3.350585699081420898e-02 3.433504700660705566e-02
5.143512785434722900e-02 4.826509952545166016e-02 5.082361400127410889e-02 5.415166914463043213e-02 7.140229642391204834e-02 1.135530471801757812e-01 2.250607162714004517e-01 9.999300241470336914e-01 9.999938607215881348e-01 0.000000000000000000e+00 9.999955892562866211e-01 9.999386072158813477e-01 3.351065516471862793e-01 1.604377627372741699e-01 1.392784714698791504e-01 1.263870000839233398e-01 1.451208293437957764e-01 1.806944608688354492e-01 4.756918251514434814e-01 6.034377813339233398e-01 6.071558594703674316e-01 6.076959371566772461e-01 5.323508381843566895e-01 3.523432016372680664e-01 4.155698716640472412e-01 4.312109351158142090e-01 3.613460659980773926e-01 2.113250494003295898e-01 1.110663712024688721e-01 7.929350435733795166e-02 6.487999856472015381e-02 5.962693691253662109e-02 5.692474544048309326e-02 5.355313420295715332e-02 5.129165947437286377e-02 5.253285169601440430e-02 5.226519703865051270e-02 5.300091207027435303e-02 5.561143159866333008e-02 5.273553729057312012e-02 4.561951756477355957e-02 4.367758333683013916e-02 5.129510164260864258e-02 6.831282377243041992e-02 9.656092524528503418e-02 2.454730719327926636e-01 6.167227625846862793e-01 6.015886664390563965e-01 6.277447342872619629e-01 4.651745259761810303e-01 3.013573288917541504e-01 1.855512708425521851e-01 1.242363899946212769e-01 1.028944253921508789e-01 9.259667992591857910e-02 8.366611599922180176e-02 7.487249374389648438e-02 6.407137215137481689e-02 5.764119327068328857e-02 6.907756626605987549e-02 9.032294154167175293e-02 9.933774173259735107e-02 8.951500058174133301e-02 8.465956151485443115e-02 8.134430646896362305e-02 7.353852689266204834e-02 7.439468801021575928e-02 8.890880644321441650e-02 7.645763456821441650e-02 6.864228844642639160e-02 5.540029704570770264e-02 4.411387443542480469e-02 3.993824124336242676e-02 3.565163910388946533e-02 3.364937007427215576e-02 3.231109678745269775e-02 3.036417067050933838e-02 3.120039403438568115e-02
5.309809744358062744e-02 4.698939621448516846e-02 4.830279946327209473e-02 5.544398725032806396e-02 6.323227286338806152e-02 8.446781337261199951e-02 1.318469494581222534e-01 4.134039580821990967e-01 9.999403357505798340e-01 9.999955892562866211e-01 0.000000000000000000e+00 9.999951720237731934e-01 9.999331831932067871e-01 3.508611321449279785e-01 1.633907258510589600e-01 1.488816738128662109e-01 1.670065671205520630e-01 4.037786722183227539e-01 5.700471401214599609e-01 6.345400810241699219e-01 6.356847286224365234e-01 5.575054287910461426e-01 2.093250751495361328e-01 3.741595447063446045e-01 4.465962946414947510e-01 4.399681389331817627e-01 3.447448015213012695e-01 1.915714889764785767e-01 1.015864908695220947e-01 7.589058578014373779e-02 6.246858835220336914e-02 5.472932755947113037e-02 4.912595450878143311e-02 4.461362957954406738e-02 4.263572394847869873e-02 4.236331582069396973e-02 4.364724457263946533e-02 4.647593200206756592e-02 4.919616878032684326e-02 4.663699865341186523e-02 4.072144627571105957e-02 3.962862491607666016e-02 4.233938455581665039e-02 5.338150262832641602e-02 7.173818349838256836e-02 1.196726411581039429e-01 4.914944767951965332e-01 5.589416027069091797e-01 4.079221487045288086e-01 3.111572861671447754e-01 2.070172727108001709e-01 1.310480386018753052e-01 8.969429135322570801e-02 7.550436258316040039e-02 6.698645651340484619e-02 5.959512293338775635e-02 5.658128857612609863e-02 5.408447980880737305e-02 5.604377388954162598e-02 6.313939392566680908e-02 6.986398994922637939e-02 7.003439962863922119e-02 6.616026163101196289e-02 6.371639668941497803e-02 5.473777651786804199e-02 5.385997891426086426e-02 5.683575570583343506e-02 6.477330625057220459e-02 6.733636558055877686e-02 6.549528241157531738e-02 5.416250228881835938e-02 4.502233862876892090e-02 3.696553409099578857e-02 3.125070035457611084e-02 2.888876199722290039e-02 2.931967377662658691e-02 2.794066071510314941e-02 2.984178066253662109e-02
5.056275427341461182e-02 5.048705637454986572e-02 4.778018593788146973e-02 5.197481811046600342e-02 6.789609789848327637e-02 8.349350094795227051e-02 1.129316687583923340e-01 2.387127280235290527e-01 6.520622968673706055e-01 9.999386072158813477e-01 9.999951720237731934e-01 0.000000000000000000e+00 9.999953508377075195e-01 9.999442100524902344e-01 5.354483127593994141e-01 2.224605530500411987e-01 2.143271416425704956e-01 4.114079773426055908e-01 6.161626577377319336e-01 6.359825134277343750e-01 5.829011201858520508e-01 1.587074548006057739e-01 2.226587831974029541e-01 3.642201423645019531e-01 4.431242346763610840e-01 4.056078195571899414e-01 2.938935160636901855e-01 1.563359946012496948e-01 9.752687811851501465e-02 6.903716921806335449e-02 5.442507565021514893e-02 4.523167014122009277e-02 4.061689972877502441e-02 3.866037726402282715e-02 3.828388452529907227e-02 3.739126026630401611e-02 3.830887377262115479e-02 4.170870780944824219e-02 4.301787912845611572e-02 4.152750968933105469e-02 3.855320811271667480e-02 3.784748911857604980e-02 3.924944996833801270e-02 4.338118433952331543e-02 5.848141014575958252e-02 7.951378822326660156e-02 2.237391173839569092e-01 3.766208887100219727e-01 2.816712856292724609e-01 2.629064619541168213e-01 1.658915132284164429e-01 9.354330599308013916e-02 6.140181422233581543e-02 4.892821609973907471e-02 4.192428290843963623e-02 4.257908463478088379e-02 4.257388412952423096e-02 4.634878039360046387e-02 5.500982701778411865e-02 6.138272583484649658e-02 7.205009460449218750e-02 6.693825125694274902e-02 5.768053233623504639e-02 4.795506596565246582e-02 4.466921091079711914e-02 4.645931720733642578e-02 4.807163774967193604e-02 5.223812162876129150e-02 5.737762153148651123e-02 5.834297835826873779e-02 4.932045936584472656e-02 4.223081469535827637e-02 3.301130235195159912e-02 2.817499637603759766e-02 2.634145319461822510e-02 2.758447825908660889e-02 2.700199186801910400e-02 2.990528941154479980e-02
4.689575731754302979e-02 4.959519207477569580e-02 5.242258310317993164e-02 5.361920595169067383e-02 6.482876837253570557e-02 9.466598927974700928e-02 1.325681656599044800e-01 2.471699118614196777e-01 2.893321514129638672e-01 3.351065516471862793e-01 9.999331831932067871e-01 9.999953508377075195e-01 0.000000000000000000e+00 9.999967813491821289e-01 9.999563097953796387e-01 5.969242453575134277e-01 3.505614399909973145e-01 3.971601128578186035e-01 4.932354688644409180e-01 4.996559619903564453e-01 1.398275345563888550e-01 1.823554039001464844e-01 2.647083997726440430e-01 2.837791144847869873e-01 3.712870478630065918e-01 3.668389320373535156e-01 1.919505447149276733e-01 1.347752511501312256e-01 9.024061262607574463e-02 6.054928898811340332e-02 4.484961926937103271e-02 3.801417350769042969e-02 3.522130846977233887e-02 3.429408371448516846e-02 3.349462151527404785e-02 3.271970152854919434e-02 3.317669034004211426e-02 3.540681302547454834e-02 3.722894191741943359e-02 3.653301298618316650e-02 3.558102250099182129e-02 3.566384315490722656e-02 3.674232959747314453e-02 4.148687422275543213e-02 4.827256500720977783e-02 6.197203695774078369e-02 1.038303077220916748e-01 2.006410360336303711e-01 2.502056956291198730e-01 2.258835583925247192e-01 1.320192813873291016e-01 7.616460323333740234e-02 4.708492755889892578e-02 3.672789037227630615e-02 3.262804448604583740e-02 3.253404796123504639e-02 3.712879121303558350e-02 4.836502671241760254e-02 6.107188761234283447e-02 6.759139895439147949e-02 7.857525348663330078e-02 7.278437912464141846e-02 5.929574370384216309e-02 4.626953601837158203e-02 4.362763464450836182e-02 4.215706884860992432e-02 4.335483908653259277e-02 4.959447681903839111e-02 5.586963891983032227e-02 5.639761686325073242e-02 4.599800705909729004e-02 3.737883269786834717e-02 2.997398376464843750e-02 2.665562927722930908e-02 2.564804255962371826e-02 2.707719802856445312e-02 2.714453637599945068e-02 3.024685382843017578e-02
4.350662231445312500e-02 4.848042130470275879e-02 5.247789621353149414e-02 5.886693298816680908e-02 6.783743202686309814e-02 9.926150739192962646e-02 1.968395709991455078e-01 3.100611269474029541e-01 2.839486598968505859e-01 1.604377627372741699e-01 3.508611321449279785e-01 9.999442100524902344e-01 9.999967813491821289e-01 0.000000000000000000e+00 9.999980330467224121e-01 9.999689459800720215e-01 6.483633518218994141e-01 3.583068251609802246e-01 3.166422843933105469e-01 1.331665068864822388e-01 1.404278278350830078e-01 1.610705405473709106e-01 2.238215953111648560e-01 2.435624301433563232e-01 2.820154130458831787e-01 2.306333482265472412e-01 1.685255020856857300e-01 1.247655600309371948e-01 8.529178798198699951e-02 5.520781874656677246e-02 3.997220098972320557e-02 3.403757512569427490e-02 3.172791004180908203e-02 3.087450563907623291e-02 3.034257888793945312e-02 3.021648526191711426e-02 3.026729822158813477e-02 3.133827447891235352e-02 3.240214288234710693e-02 3.273910284042358398e-02 3.340819478034973145e-02 3.431183099746704102e-02 3.588661551475524902e-02 3.960125148296356201e-02 4.467864334583282471e-02 5.122114717960357666e-02 6.884741783142089844e-02 1.304809451103210449e-01 1.767549663782119751e-01 1.855641454458236694e-01 1.191148608922958374e-01 6.433272361755371094e-02 4.110695421695709229e-02 3.313879668712615967e-02 2.919913828372955322e-02 2.918633818626403809e-02 3.512488305568695068e-02 4.831512272357940674e-02 6.531409919261932373e-02 9.061673283576965332e-02 1.374326646327972412e-01 1.330551952123641968e-01 8.689084649085998535e-02 5.487206578254699707e-02 4.604826867580413818e-02 4.202030599117279053e-02 4.463179409503936768e-02 5.082769691944122314e-02 5.504967272281646729e-02 5.528512597084045410e-02 4.307763278484344482e-02 3.373087942600250244e-02 2.953790128231048584e-02 2.613435685634613037e-02 2.560724318027496338e-02 2.697886526584625244e-02 2.770045399665832520e-02 3.042773902416229248e-02
4.069542884826660156e-02 4.614226520061492920e-02 5.083279311656951904e-02 5.940558016300201416e-02 7.556477189064025879e-02 1.061600446701049805e-01 2.250299006700515747e-01 2.909389138221740723e-01 1.858552098274230957e-01 1.392784714698791504e-01 1.633907258510589600e-01 5.354483127593994141e-01 9.999563097953796387e-01 9.999980330467224121e-01 0.000000000000000000e+00 9.999989271163940430e-01 9.999743700027465820e-01 5.555947422981262207e-01 2.017836272716522217e-01 1.605735272169113159e-01 1.521329581737518311e-01 1.569752693176269531e-01 1.718043982982635498e-01 2.014809697866439819e-01 1.820745617151260376e-01 1.622053533792495728e-01 1.413973718881607056e-01 1.111587733030319214e-01 8.240273594856262207e-02 5.539971590042114258e-02 3.952543437480926514e-02 3.206589818000793457e-02 2.894040942192077637e-02 2.766408026218414307e-02 2.740384638309478760e-02 2.792231738567352295e-02 2.851125597953796387e-02 2.961964905261993408e-02 3.078448772430419922e-02 3.148727118968963623e-02 3.216914832592010498e-02 3.375256061553955078e-02 3.473117947578430176e-02 3.717118501663208008e-02 4.167988896369934082e-02 4.710505902767181396e-02 5.765882134437561035e-02 9.239526093006134033e-02 1.353952288627624512e-01 1.461999565362930298e-01 9.873624145984649658e-02 5.696240067481994629e-02 3.924587368965148926e-02 3.401803970336914062e-02 3.164023160934448242e-02 3.267535567283630371e-02 3.828749060630798340e-02 5.062969028949737549e-02 7.899069786071777344e-02 1.669264584779739380e-01 2.909396290779113770e-01 2.553670406341552734e-01 1.301500797271728516e-01 7.248666882514953613e-02 5.425307154655456543e-02 4.763162136077880859e-02 4.991446435451507568e-02 5.185024440288543701e-02 5.442234873771667480e-02 4.990991950035095215e-02 4.007634520530700684e-02 3.270494937896728516e-02 2.957962453365325928e-02 2.643713355064392090e-02 2.611939609050750732e-02 2.756777405738830566e-02 2.784577012062072754e-02 3.025010228157043457e-02
3.909526765346527100e-02 4.161752760410308838e-02 4.902710020542144775e-02 5.677539110183715820e-02 7.153913378715515137e-02 1.183384954929351807e-01 1.746502220630645752e-01 1.601548343896865845e-01 1.325378268957138062e-01 1.263870000839233398e-01 1.488816738128662109e-01 2.224605530500411987e-01 5.969242453575134277e-01 9.999689459800720215e-01 9.999989271163940430e-01 0.000000000000000000e+00 9.999986290931701660e-01 9.999654889106750488e-01 4.748669862747192383e-01 2.150112241506576538e-01 1.594970077276229858e-01 1.391498148441314697e-01 1.504079997539520264e-01 1.372012346982955933e-01 1.378346383571624756e-01 1.438634991645812988e-01 1.236094683408737183e-01 1.007926911115646362e-01 8.218559622764587402e-02 5.852329730987548828e-02 4.140332341194152832e-02 3.203760087490081787e-02 2.786636352539062500e-02 2.625456452369689941e-02 2.590137720108032227e-02 2.652192115783691406e-02 2.769477665424346924e-02 2.926091849803924561e-02 3.042900562286376953e-02 3.156028687953948975e-02 3.274753689765930176e-02 3.383506834506988525e-02 3.491151332855224609e-02 3.663752973079681396e-02 3.939500451087951660e-02 4.394243657588958740e-02 5.061417818069458008e-02 6.988532841205596924e-02 9.749497473239898682e-02 1.031949371099472046e-01 8.282032608985900879e-02 5.180625617504119873e-02 4.094018042087554932e-02 3.847073018550872803e-02 3.876307606697082520e-02 4.240897297859191895e-02 4.860989749431610107e-02 6.670121848583221436e-02 1.278838366270065308e-01 3.240234255790710449e-01 4.489387273788452148e-01 4.260897636413574219e-01 2.230858206748962402e-01 1.128775626420974731e-01 7.096108794212341309e-02 5.670495331287384033e-02 5.556726455688476562e-02 5.343315005302429199e-02 5.034345388412475586e-02 4.290890693664550781e-02 3.635962307453155518e-02 3.235752880573272705e-02 2.963763475418090820e-02 2.698197960853576660e-02 2.667233347892761230e-02 2.795198559761047363e-02 2.777923643589019775e-02 2.989098429679870605e-02
3.730241954326629639e-02 3.884007036685943604e-02 4.613204300403594971e-02 5.443181097507476807e-02 6.658317148685455322e-02 8.942298591136932373e-02 1.326571702957153320e-01 1.490659862756729126e-01 1.430236995220184326e-01 1.451208293437957764e-01 1.670065671205520630e-01 2.143271416425704956e-01 3.505614399909973145e-01 6.483633518218994141e-01 9.999743700027465820e-01 9.999986290931701660e-01 0.000000000000000000e+00 9.999979734420776367e-01 9.999731779098510742e-01 4.636091589927673340e-01 2.115847617387771606e-01 1.441231369972229004e-01 1.267387568950653076e-01 1.245601028203964233e-01 1.232494115829467773e-01 1.302991658449172974e-01 1.258506923913955688e-01 1.016939282417297363e-01 7.833409309387207031e-02 6.130744516849517822e-02 4.719863831996917725e-02 3.546507656574249268e-02 2.939113974571228027e-02 2.668510377407073975e-02 2.568699419498443604e-02 2.614124119281768799e-02 2.750159800052642822e-02 2.932444214820861816e-02 3.103961050510406494e-02 3.231100738048553467e-02 3.370448946952819824e-02 3.445246815681457520e-02 3.550837934017181396e-02 3.657595813274383545e-02 3.881178796291351318e-02 4.167594015598297119e-02 4.708041250705718994e-02 6.117203831672668457e-02 8.141383528709411621e-02 8.468978106975555420e-02 7.326979935169219971e-02 5.377644300460815430e-02 4.466541111469268799e-02 4.394268989562988281e-02 4.815177619457244873e-02 5.315701663494110107e-02 6.407435238361358643e-02 1.155029684305191040e-01 2.846645116806030273e-01 4.565812945365905762e-01 5.424708127975463867e-01 5.007902979850769043e-01 2.988592684268951416e-01 1.579634249210357666e-01 8.634787797927856445e-02 6.471079587936401367e-02 5.732297897338867188e-02 4.882302880287170410e-02 4.211655259132385254e-02 3.710299730300903320e-02 3.333327174186706543e-02 3.177347779273986816e-02 2.946159243583679199e-02 2.724261581897735596e-02 2.696451544761657715e-02 2.794145047664642334e-02 2.744629979133605957e-02 2.945739030838012695e-02
3.600716590881347656e-02 3.701841831207275391e-02 4.375566542148590088e-02 5.245468020439147949e-02 6.194801628589630127e-02 7.798500359058380127e-02 1.089742034673690796e-01 1.567836403846740723e-01 2.056234925985336304e-01 1.806944608688354492e-01 4.037786722183227539e-01 4.114079773426055908e-01 3.971601128578186035e-01 3.583068251609802246e-01 5.555947422981262207e-01 9.999654889106750488e-01 9.999979734420776367e-01 0.000000000000000000e+00 9.999982118606567383e-01 9.999780654907226562e-01 4.585340321063995361e-01 2.068356722593307495e-01 1.376762092113494873e-01 1.253391802310943604e-01 1.308863013982772827e-01 1.267094165086746216e-01 1.293161362409591675e-01 1.046382188796997070e-01 8.251470327377319336e-02 6.525664031505584717e-02 5.334274470806121826e-02 4.300035536289215088e-02 3.449416160583496094e-02 2.955096960067749023e-02 2.713605761528015137e-02 2.707922458648681641e-02 2.816890180110931396e-02 2.980968356132507324e-02 3.154028952121734619e-02 3.305210173130035400e-02 3.437149524688720703e-02 3.539796173572540283e-02 3.663711249828338623e-02 3.842693567276000977e-02 3.967162966728210449e-02 4.202082753181457520e-02 4.835011065006256104e-02 6.156390905380249023e-02 7.737274467945098877e-02 8.305619657039642334e-02 6.626528501510620117e-02 5.287353694438934326e-02 4.690498113632202148e-02 4.806901514530181885e-02 5.106812715530395508e-02 6.438097357749938965e-02 1.052528023719787598e-01 2.556322515010833740e-01 4.091260433197021484e-01 4.998275637626647949e-01 5.117188692092895508e-01 4.591283202171325684e-01 3.137260377407073975e-01 1.742596328258514404e-01 9.378445148468017578e-02 6.582145392894744873e-02 5.135151743888854980e-02 4.053881764411926270e-02 3.531731665134429932e-02 3.343476355075836182e-02 3.175035119056701660e-02 3.091920912265777588e-02 2.905663847923278809e-02 2.719527482986450195e-02 2.700570225715637207e-02 2.790470421314239502e-02 2.726973593235015869e-02 2.911032736301422119e-02
3.543460369110107422e-02 3.564082086086273193e-02 4.118868708610534668e-02 4.893776774406433105e-02 6.040208041667938232e-02 7.774756848812103271e-02 1.103731393814086914e-01 1.937188208103179932e-01 3.227571249008178711e-01 4.756918251514434814e-01 5.700471401214599609e-01 6.161626577377319336e-01 4.932354688644409180e-01 3.166422843933105469e-01 2.017836272716522217e-01 4.748669862747192383e-01 9.999731779098510742e-01 9.999982118606567383e-01 0.000000000000000000e+00 9.999984502792358398e-01 9.999788403511047363e-01 4.490286707878112793e-01 2.173949331045150757e-01 1.447113305330276489e-01 1.329994201660156250e-01 1.445849239826202393e-01 1.246024072170257568e-01 1.102317273616790771e-01 8.551347255706787109e-02 6.908445060253143311e-02 5.837243795394897461e-02 4.998424649238586426e-02 4.155404865741729736e-02 3.529597818851470947e-02 3.127861022949218750e-02 2.965082228183746338e-02 2.993988990783691406e-02 3.093311190605163574e-02 3.211492300033569336e-02 3.357666730880737305e-02 3.549256920814514160e-02 3.759156167507171631e-02 3.913730382919311523e-02 3.990426659584045410e-02 4.124189913272857666e-02 4.469668865203857422e-02 5.351904034614562988e-02 7.128117978572845459e-02 9.294553101062774658e-02 1.011717021465301514e-01 7.661867141723632812e-02 5.595530569553375244e-02 5.067276954650878906e-02 5.178329348564147949e-02 5.646629631519317627e-02 8.038830757141113281e-02 1.645016521215438843e-01 3.376951813697814941e-01 4.498824179172515869e-01 4.901958107948303223e-01 4.712737798690795898e-01 3.784727156162261963e-01 2.465696185827255249e-01 1.336064040660858154e-01 8.018560707569122314e-02 5.569243431091308594e-02 4.162716865539550781e-02 3.379487991333007812e-02 3.173603117465972900e-02 3.165443241596221924e-02 3.048439323902130127e-02 2.986928820610046387e-02 2.851483225822448730e-02 2.702830731868743896e-02 2.701281011104583740e-02 2.792993187904357910e-02 2.726677060127258301e-02 2.892459928989410400e-02
3.558248281478881836e-02 3.459370136260986328e-02 3.831852972507476807e-02 4.575034976005554199e-02 5.699707567691802979e-02 7.790328562259674072e-02 1.338889151811599731e-01 2.477454990148544312e-01 4.783861637115478516e-01 6.034377813339233398e-01 6.345400810241699219e-01 6.359825134277343750e-01 4.996559619903564453e-01 1.331665068864822388e-01 1.605735272169113159e-01 2.150112241506576538e-01 4.636091589927673340e-01 9.999780654907226562e-01 9.999984502792358398e-01 0.000000000000000000e+00 9.999985098838806152e-01 9.999806880950927734e-01 4.714252054691314697e-01 2.321807444095611572e-01 1.589885950088500977e-01 1.337880492210388184e-01 1.359893530607223511e-01 1.063804030418395996e-01 8.497859537601470947e-02 7.190525531768798828e-02 6.195355951786041260e-02 5.414626002311706543e-02 4.872302711009979248e-02 4.183113574981689453e-02 3.695341944694519043e-02 3.436893224716186523e-02 3.302933275699615479e-02 3.302158415317535400e-02 3.362901508808135986e-02 3.511326014995574951e-02 3.661680221557617188e-02 3.884537518024444580e-02 4.098559916019439697e-02 4.242858290672302246e-02 4.425577819347381592e-02 5.063551664352416992e-02 6.696020066738128662e-02 9.473693370819091797e-02 1.435124576091766357e-01 1.448546350002288818e-01 9.801946580410003662e-02 6.136885285377502441e-02 5.318458378314971924e-02 5.196197330951690674e-02 5.572541058063507080e-02 7.364739477634429932e-02 1.215192377567291260e-01 2.650325894355773926e-01 3.825462162494659424e-01 4.189645946025848389e-01 3.587972521781921387e-01 2.309213727712631226e-01 1.368028074502944946e-01 8.406654000282287598e-02 5.686871707439422607e-02 4.290761053562164307e-02 3.490850329399108887e-02 3.093366324901580811e-02 3.010787069797515869e-02 3.041854500770568848e-02 2.940930426120758057e-02 2.893078327178955078e-02 2.795411646366119385e-02 2.685804665088653564e-02 2.703328430652618408e-02 2.804827690124511719e-02 2.739013731479644775e-02 2.886331081390380859e-02
