0.000000000000000000e+00 9.993707537651062012e-01 9.991430044174194336e-01 1.342658996582031250e-01 1.269862800836563110e-01 1.088994294404983521e-01 7.713265717029571533e-02 7.872459292411804199e-02 7.183834910392761230e-02 7.635492086410522461e-02 7.335813343524932861e-02 6.465828418731689453e-02 5.652125179767608643e-02 5.037435889244079590e-02 4.318071901798248291e-02 3.768569231033325195e-02 3.438776731491088867e-02 3.305850923061370850e-02 3.402443230152130127e-02 3.537981212139129639e-02 3.700990974903106689e-02 3.919743001461029053e-02 3.953278064727783203e-02 3.984792530536651611e-02 3.857503831386566162e-02 3.664115071296691895e-02 3.605009615421295166e-02 3.618286550045013428e-02 3.621113300323486328e-02 3.685116767883300781e-02 3.703056275844573975e-02 3.764124214649200439e-02 3.870710730552673340e-02 3.921447694301605225e-02 3.925649821758270264e-02 3.871321678161621094e-02 3.742098808288574219e-02 3.600010275840759277e-02 3.516931831836700439e-02 3.502318263053894043e-02 3.533476591110229492e-02 3.566122055053710938e-02 3.460888564586639404e-02 3.408321738243103027e-02 3.513944149017333984e-02 3.738096356391906738e-02 3.981252014636993408e-02 4.231080412864685059e-02 4.286482930183410645e-02 3.974787890911102295e-02 3.681741654872894287e-02 3.506802022457122803e-02 3.426939249038696289e-02 3.467878699302673340e-02 3.600086271762847900e-02 3.735792636871337891e-02 3.855766355991363525e-02 3.970663249492645264e-02 4.142241179943084717e-02 4.599736630916595459e-02 5.423185229301452637e-02 8.342474699020385742e-02 1.705501377582550049e-01 2.973018586635589600e-01 1.942191123962402344e-01 6.074628233909606934e-02 7.443170249462127686e-02 5.922231078147888184e-01 7.100105285644531250e-01 6.470838785171508789e-01 6.090705394744873047e-01 3.437596261501312256e-01 4.770423471927642822e-02 4.009911417961120605e-02
9.993707537651062012e-01 0.000000000000000000e+00 9.997876882553100586e-01 9.997496008872985840e-01 1.549196243286132812e-01 1.406566500663757324e-01 1.112415343523025513e-01 7.679747045040130615e-02 7.651400566101074219e-02 7.608757913112640381e-02 6.990389525890350342e-02 6.733275949954986572e-02 5.990543961524963379e-02 5.365572869777679443e-02 4.674816131591796875e-02 4.046191275119781494e-02 3.614199161529541016e-02 3.359819948673248291e-02 3.376317024230957031e-02 3.512008488178253174e-02 3.684867918491363525e-02 3.741964697837829590e-02 3.874416649341583252e-02 3.977881371974945068e-02 3.873673081398010254e-02 3.589949011802673340e-02 3.447182476520538330e-02 3.362323343753814697e-02 3.338862955570220947e-02 3.438310325145721436e-02 3.594124317169189453e-02 3.584353625774383545e-02 3.744561970233917236e-02 3.948098421096801758e-02 4.041819274425506592e-02 4.009376466274261475e-02 3.809656202793121338e-02 3.685909509658813477e-02 3.604456782341003418e-02 3.532442450523376465e-02 3.540162742137908936e-02 3.599402308464050293e-02 3.706198930740356445e-02 3.692154586315155029e-02 3.928071260452270508e-02 4.179196059703826904e-02 4.464486241340637207e-02 4.841181635856628418e-02 5.120813846588134766e-02 4.922768473625183105e-02 4.182028770446777344e-02 3.706650435924530029e-02 3.379455208778381348e-02 3.276598453521728516e-02 3.359971940517425537e-02 3.587564826011657715e-02 3.747494518756866455e-02 3.882381319999694824e-02 4.001182317733764648e-02 4.813258349895477295e-02 6.436379253864288330e-02 1.405525058507919312e-01 2.893106937408447266e-01 2.085097581148147583e-01 6.269854307174682617e-02 6.950217485427856445e-02 5.672212839126586914e-01 6.754258871078491211e-01 5.723224878311157227e-01 5.448048114776611328e-01 4.724977016448974609e-01 5.832915008068084717e-02 4.483406245708465576e-02 3.844583034515380859e-02
9.991430044174194336e-01 9.997876882553100586e-01 0.000000000000000000e+00 9.999104738235473633e-01 9.996387362480163574e-01 1.701099723577499390e-01 1.391762793064117432e-01 1.006046235561370850e-01 8.280633389949798584e-02 8.423644304275512695e-02 7.381111383438110352e-02 6.294627487659454346e-02 6.396844983100891113e-02 5.878329277038574219e-02 5.302397906780242920e-02 4.728704690933227539e-02 4.305094480514526367e-02 4.075892269611358643e-02 4.034021496772766113e-02 4.010288417339324951e-02 4.006627202033996582e-02 4.024913907051086426e-02 4.143083095550537109e-02 4.062481224536895752e-02 3.838348388671875000e-02 3.736922144889831543e-02 3.497694432735443115e-02 3.378812968730926514e-02 3.384360671043395996e-02 3.524866700172424316e-02 3.648443520069122314e-02 3.830021619796752930e-02 3.987140953540802002e-02 4.132629930973052979e-02 4.121799767017364502e-02 4.027125239372253418e-02 3.919529914855957031e-02 3.991934657096862793e-02 4.032242298126220703e-02 3.959722816944122314e-02 3.880894184112548828e-02 3.817805647850036621e-02 4.035013914108276367e-02 4.629465937614440918e-02 5.013135075569152832e-02 5.309826135635375977e-02 5.525107681751251221e-02 5.884683132171630859e-02 6.054218113422393799e-02 5.726742744445800781e-02 4.839570820331573486e-02 4.143075644969940186e-02 3.524294495582580566e-02 3.273399174213409424e-02 3.312236070632934570e-02 3.525951504707336426e-02 3.812065720558166504e-02 4.254770278930664062e-02 4.670578241348266602e-02 5.401174724102020264e-02 9.126226603984832764e-02 2.400471270084381104e-01 2.402282953262329102e-01 7.543072104454040527e-02 7.811935245990753174e-02 6.625912189483642578e-01 5.972691774368286133e-01 5.325668454170227051e-01 5.180445313453674316e-01 5.730681419372558594e-01 7.145699858665466309e-02 5.114443600177764893e-02 4.730181396007537842e-02 4.279936850070953369e-02
1.342658996582031250e-01 9.997496008872985840e-01 9.999104738235473633e-01 0.000000000000000000e+00 9.999269843101501465e-01 9.998418688774108887e-01 1.908386945724487305e-01 1.372154653072357178e-01 9.231522679328918457e-02 8.225011825561523438e-02 8.433544635772705078e-02 6.926217675209045410e-02 6.271436810493469238e-02 6.492696702480316162e-02 6.211268901824951172e-02 6.052421033382415771e-02 5.900418758392333984e-02 5.748181045055389404e-02 5.327056348323822021e-02 4.823429882526397705e-02 4.558973014354705811e-02 4.636622965335845947e-02 4.533326625823974609e-02 4.348529875278472900e-02 4.161950945854187012e-02 4.037152230739593506e-02 3.659296035766601562e-02 3.528362512588500977e-02 3.538946807384490967e-02 3.728039562702178955e-02 3.945471346378326416e-02 4.160809516906738281e-02 4.416199028491973877e-02 4.464490711688995361e-02 4.358366131782531738e-02 4.160588979721069336e-02 4.078772664070129395e-02 4.354076087474822998e-02 4.643441736698150635e-02 4.791796207427978516e-02 4.778088629245758057e-02 4.662299156188964844e-02 4.815553128719329834e-02 5.365616083145141602e-02 6.727875769138336182e-02 8.296141028404235840e-02 9.121073782444000244e-02 9.617927670478820801e-02 8.319638669490814209e-02 6.810572743415832520e-02 6.039473414421081543e-02 4.863816499710083008e-02 3.930133581161499023e-02 3.542065620422363281e-02 3.509786725044250488e-02 3.667569160461425781e-02 4.131801426410675049e-02 4.865339398384094238e-02 5.876369774341583252e-02 7.977743446826934814e-02 1.765540540218353271e-01 2.080742865800857544e-01 9.418897330760955811e-02 9.346947073936462402e-02 7.380868196487426758e-01 6.732219457626342773e-01 6.215549707412719727e-01 5.335634946823120117e-01 6.371396183967590332e-01 7.445847988128662109e-02 5.976851284503936768e-02 5.567829310894012451e-02 5.151498317718505859e-02 4.463493824005126953e-02
1.269862800836563110e-01 1.549196243286132812e-01 9.996387362480163574e-01 9.999269843101501465e-01 0.000000000000000000e+00 9.999729990959167480e-01 9.999334812164306641e-01 2.029363363981246948e-01 1.327572613954544067e-01 8.968827128410339355e-02 7.922661304473876953e-02 8.023309707641601562e-02 7.220144569873809814e-02 7.104054093360900879e-02 8.095262944698333740e-02 8.204314112663269043e-02 8.460108935832977295e-02 8.899916708469390869e-02 7.696466147899627686e-02 6.913606822490692139e-02 6.902323663234710693e-02 6.403841078281402588e-02 5.806598067283630371e-02 5.099840462207794189e-02 4.567764699459075928e-02 4.100944101810455322e-02 3.806057572364807129e-02 3.744521737098693848e-02 3.821146488189697266e-02 4.007355868816375732e-02 4.309383034706115723e-02 4.858626425266265869e-02 5.123285949230194092e-02 4.968245327472686768e-02 4.698868095874786377e-02 4.482637345790863037e-02 4.276874661445617676e-02 4.311360418796539307e-02 4.564411938190460205e-02 4.989124834537506104e-02 5.251811444759368896e-02 5.469197034835815430e-02 5.864584445953369141e-02 6.997101008892059326e-02 1.214740276336669922e-01 2.266101092100143433e-01 2.991449832916259766e-01 2.826822400093078613e-01 1.487577408552169800e-01 7.824210822582244873e-02 6.187668442726135254e-02 4.957351088523864746e-02 4.127989709377288818e-02 3.831937909126281738e-02 3.788316249847412109e-02 3.891602158546447754e-02 4.588665068149566650e-02 6.090286374092102051e-02 8.378423750400543213e-02 1.193341165781021118e-01 1.713351160287857056e-01 1.251986622810363770e-01 1.251379102468490601e-01 6.542359590530395508e-01 7.256700396537780762e-01 6.331729888916015625e-01 5.466558933258056641e-01 5.872654318809509277e-01 6.398908793926239014e-02 4.966399073600769043e-02 4.880458116531372070e-02 5.065436661243438721e-02 4.714561998844146729e-02 4.300324618816375732e-02
1.088994294404983521e-01 1.406566500663757324e-01 1.701099723577499390e-01 9.998418688774108887e-01 9.999729990959167480e-01 0.000000000000000000e+00 9.999909996986389160e-01 9.999654293060302734e-01 2.253323793411254883e-01 1.394584625959396362e-01 9.688453376293182373e-02 9.059585630893707275e-02 9.608262777328491211e-02 9.331339597702026367e-02 1.024779379367828369e-01 1.246152371168136597e-01 1.310685127973556519e-01 1.204525679349899292e-01 1.164905428886413574e-01 1.197177320718765259e-01 1.577607691287994385e-01 1.419831365346908569e-01 9.710107743740081787e-02 6.684024631977081299e-02 5.451597273349761963e-02 4.678075015544891357e-02 4.371392726898193359e-02 4.429234564304351807e-02 4.586543142795562744e-02 4.796950519084930420e-02 5.521859228610992432e-02 6.645441055297851562e-02 6.656624376773834229e-02 6.097839772701263428e-02 5.350291728973388672e-02 5.020834505558013916e-02 4.698053002357482910e-02 4.540000855922698975e-02 4.698239266872406006e-02 5.192656815052032471e-02 6.714540719985961914e-02 9.465484321117401123e-02 1.275194436311721802e-01 1.986667811870574951e-01 3.841389417648315430e-01 5.241200327873229980e-01 5.807843208312988281e-01 5.226423740386962891e-01 2.988971471786499023e-01 1.337048262357711792e-01 7.961341738700866699e-02 6.027270853519439697e-02 4.910878837108612061e-02 4.420349001884460449e-02 4.296581447124481201e-02 4.557782411575317383e-02 6.284384429454803467e-02 1.031051725149154663e-01 1.465597152709960938e-01 1.473214179277420044e-01 1.471622437238693237e-01 1.855999082326889038e-01 5.237063765525817871e-01 6.975812315940856934e-01 6.675739288330078125e-01 5.415177941322326660e-01 5.823982954025268555e-01 6.395666301250457764e-02 4.690702259540557861e-02 4.740005731582641602e-02 4.806329309940338135e-02 4.459340870380401611e-02 4.624164104461669922e-02 4.210498929023742676e-02
7.713265717029571533e-02 1.112415343523025513e-01 1.391762793064117432e-01 1.908386945724487305e-01 9.999334812164306641e-01 9.999909996986389160e-01 0.000000000000000000e+00 9.999960660934448242e-01 9.999768733978271484e-01 2.460310459136962891e-01 1.493570357561111450e-01 1.093958765268325806e-01 1.101346611976623535e-01 1.153604090213775635e-01 1.197671592235565186e-01 1.371119171380996704e-01 1.665039360523223877e-01 1.620390564203262329e-01 1.712841391563415527e-01 3.701685369014739990e-01 3.944489955902099609e-01 2.954163551330566406e-01 1.804842799901962280e-01 9.596355259418487549e-02 6.503881514072418213e-02 5.855835974216461182e-02 5.615368485450744629e-02 5.443258583545684814e-02 5.646166205406188965e-02 6.488159298896789551e-02 7.161289453506469727e-02 8.325318992137908936e-02 7.971371710300445557e-02 6.777876615524291992e-02 5.977119505405426025e-02 5.370680987834930420e-02 4.858243465423583984e-02 4.578021168708801270e-02 4.674106836318969727e-02 5.293844640254974365e-02 7.956467568874359131e-02 1.573752611875534058e-01 2.698152065277099609e-01 4.242150783538818359e-01 5.987989902496337891e-01 6.844089031219482422e-01 6.804627180099487305e-01 5.601445436477661133e-01 3.423884510993957520e-01 1.919717341661453247e-01 1.295621395111083984e-01 9.658832848072052002e-02 7.213692367076873779e-02 6.096450984477996826e-02 5.192564427852630615e-02 5.822639167308807373e-02 9.949949383735656738e-02 1.665427684783935547e-01 1.671990454196929932e-01 1.490400731563568115e-01 1.779449433088302612e-01 3.134492337703704834e-01 4.180158376693725586e-01 4.672890603542327881e-01 4.564222395420074463e-01 4.351505041122436523e-01 6.890130043029785156e-02 4.579541087150573730e-02 4.417569935321807861e-02 4.572026431560516357e-02 4.303292930126190186e-02 4.047200083732604980e-02 4.038767516613006592e-02 4.078227281570434570e-02
7.872459292411804199e-02 7.679747045040130615e-02 1.006046235561370850e-01 1.372154653072357178e-01 2.029363363981246948e-01 9.999654293060302734e-01 9.999960660934448242e-01 0.000000000000000000e+00 9.999977946281433105e-01 9.999773502349853516e-01 2.663137614727020264e-01 1.696267277002334595e-01 1.326196640729904175e-01 1.284304559230804443e-01 1.377277225255966187e-01 1.611695885658264160e-01 2.122066915035247803e-01 2.141590863466262817e-01 4.831299781799316406e-01 5.255855321884155273e-01 5.095596909523010254e-01 4.177193045616149902e-01 3.167795538902282715e-01 1.130996942520141602e-01 8.866198360919952393e-02 7.908156514167785645e-02 7.101227343082427979e-02 6.709371507167816162e-02 7.696898281574249268e-02 8.246362209320068359e-02 8.705607056617736816e-02 8.285458385944366455e-02 7.603161036968231201e-02 6.563937664031982422e-02 5.890791118144989014e-02 5.304931104183197021e-02 4.795257747173309326e-02 4.406157135963439941e-02 4.449972510337829590e-02 4.915326833724975586e-02 6.718528270721435547e-02 1.622669994831085205e-01 3.365332186222076416e-01 5.502527952194213867e-01 6.931433677673339844e-01 7.216806411743164062e-01 6.130242347717285156e-01 4.236420392990112305e-01 2.546122670173645020e-01 1.810126751661300659e-01 1.473078429698944092e-01 1.116970032453536987e-01 9.201250970363616943e-02 7.324635982513427734e-02 5.982905626296997070e-02 6.973496079444885254e-02 1.293053478002548218e-01 1.606968790292739868e-01 1.563764363527297974e-01 1.547785997390747070e-01 1.615190654993057251e-01 1.600728332996368408e-01 1.976867914199829102e-01 2.326610088348388672e-01 2.837868630886077881e-01 8.247235417366027832e-02 5.379293859004974365e-02 4.316177964210510254e-02 4.335582256317138672e-02 4.118636250495910645e-02 3.947779536247253418e-02 3.856004774570465088e-02 3.723700344562530518e-02 3.712539374828338623e-02
7.183834910392761230e-02 7.651400566101074219e-02 8.280633389949798584e-02 9.231522679328918457e-02 1.327572613954544067e-01 2.253323793411254883e-01 9.999768733978271484e-01 9.999977946281433105e-01 0.000000000000000000e+00 9.999978542327880859e-01 9.999752044677734375e-01 2.891139388084411621e-01 1.769016832113265991e-01 1.522655785083770752e-01 1.526277512311935425e-01 1.637024730443954468e-01 1.916656792163848877e-01 4.225268363952636719e-01 5.389823317527770996e-01 5.631567835807800293e-01 5.533809661865234375e-01 5.077492594718933105e-01 1.811758130788803101e-01 1.652580499649047852e-01 1.366742849349975586e-01 1.122959405183792114e-01 9.276601672172546387e-02 8.920094370841979980e-02 9.293897449970245361e-02 8.659863471984863281e-02 8.201552927494049072e-02 7.259950041770935059e-02 6.720213592052459717e-02 6.276492774486541748e-02 5.568328499794006348e-02 4.969966411590576172e-02 4.507936537265777588e-02 4.164639115333557129e-02 4.159644246101379395e-02 4.674622416496276855e-02 5.569143593311309814e-02 9.633871912956237793e-02 2.899589836597442627e-01 5.286172628402709961e-01 6.391168832778930664e-01 6.001835465431213379e-01 4.272956252098083496e-01 2.602834105491638184e-01 1.282514184713363647e-01 1.012792438268661499e-01 8.962471783161163330e-02 8.793459832668304443e-02 8.125302195549011230e-02 6.691707670688629150e-02 5.772699415683746338e-02 7.264664769172668457e-02 1.156678795814514160e-01 1.365775018930435181e-01 1.468129754066467285e-01 1.273103505373001099e-01 1.209311634302139282e-01 1.236388534307479858e-01 1.152349412441253662e-01 1.467963755130767822e-01 1.010980457067489624e-01 7.073964178562164307e-02 5.438642203807830811e-02 4.557678103446960449e-02 4.081904888153076172e-02 3.840854763984680176e-02 3.686141967773437500e-02 3.629063069820404053e-02 3.348061442375183105e-02 3.431163728237152100e-02
7.635492086410522461e-02 7.608757913112640381e-02 8.423644304275512695e-02 8.225011825561523438e-02 8.968827128410339355e-02 1.394584625959396362e-01 2.460310459136962891e-01 9.999773502349853516e-01 9.999978542327880859e-01 0.000000000000000000e+00 9.999978542327880859e-01 9.999769926071166992e-01 3.242152333259582520e-01 1.748370230197906494e-01 1.703334301710128784e-01 1.739855110645294189e-01 2.730039954185485840e-01 4.151418805122375488e-01 5.386666059494018555e-01 6.167727708816528320e-01 5.814659595489501953e-01 1.889661103487014771e-01 2.300118207931518555e-01 2.240176051855087280e-01 1.843979507684707642e-01 1.432161927223205566e-01 1.095431745052337646e-01 8.903409540653228760e-02 7.544738054275512695e-02 6.653265655040740967e-02 6.333090364933013916e-02 6.159631907939910889e-02 5.862638354301452637e-02 5.424311757087707520e-02 5.005270242691040039e-02 4.576396942138671875e-02 4.104112088680267334e-02 3.708563745021820068e-02 3.714416921138763428e-02 3.866663575172424316e-02 4.569649696350097656e-02 6.764651834964752197e-02 1.752335280179977417e-01 4.102699160575866699e-01 4.786000549793243408e-01 3.957750797271728516e-01 2.600094079971313477e-01 1.326868236064910889e-01 8.127747476100921631e-02 6.361781060695648193e-02 5.888666212558746338e-02 5.769278109073638916e-02 5.795314908027648926e-02 5.614940822124481201e-02 5.513560771942138672e-02 6.707535684108734131e-02 9.079614281654357910e-02 1.033780723810195923e-01 9.699030220508575439e-02 9.019494056701660156e-02 8.820222318172454834e-02 7.911427319049835205e-02 8.166140317916870117e-02 9.424501657485961914e-02 8.172814548015594482e-02 7.213929295539855957e-02 5.682738125324249268e-02 4.432088136672973633e-02 3.978720307350158691e-02 3.539642691612243652e-02 3.341504931449890137e-02 3.217253088951110840e-02 3.030702471733093262e-02 3.118504583835601807e-02
7.335813343524932861e-02 6.990389525890350342e-02 7.381111383438110352e-02 8.433544635772705078e-02 7.922661304473876953e-02 9.688453376293182373e-02 1.493570357561111450e-01 2.663137614727020264e-01 9.999752044677734375e-01 9.999978542327880859e-01 0.000000000000000000e+00 9.999983310699462891e-01 9.999822378158569336e-01 4.000371098518371582e-01 2.407555580139160156e-01 2.094800919294357300e-01 2.719127833843231201e-01 4.899552464485168457e-01 5.504343509674072266e-01 5.738229155540466309e-01 2.123682349920272827e-01 2.363944798707962036e-01 2.551068663597106934e-01 2.480238825082778931e-01 2.076299339532852173e-01 1.559762358665466309e-01 1.106920093297958374e-01 7.772125303745269775e-02 6.077292561531066895e-02 5.250926315784454346e-02 4.798103868961334229e-02 4.537883400917053223e-02 4.472412168979644775e-02 4.405038058757781982e-02 4.235079884529113770e-02 3.942191600799560547e-02 3.592370450496673584e-02 3.412337601184844971e-02 3.404095768928527832e-02 3.599877655506134033e-02 4.234407842159271240e-02 5.688484013080596924e-02 1.052398979663848877e-01 2.502241730690002441e-01 3.321475386619567871e-01 2.867977619171142578e-01 2.001319825649261475e-01 9.822516143321990967e-02 6.214991211891174316e-02 4.930509626865386963e-02 4.574370384216308594e-02 4.481783509254455566e-02 4.674047231674194336e-02 5.067010223865509033e-02 5.599911510944366455e-02 6.558682024478912354e-02 7.917965948581695557e-02 8.186551928520202637e-02 7.522015273571014404e-02 6.719253957271575928e-02 5.775833129882812500e-02 5.816194415092468262e-02 6.195953488349914551e-02 6.962972879409790039e-02 7.247814536094665527e-02 6.967617571353912354e-02 5.603231489658355713e-02 4.514418542385101318e-02 3.680975735187530518e-02 3.103688359260559082e-02 2.869258821010589600e-02 2.917340397834777832e-02 2.785170078277587891e-02 2.980394661426544189e-02
6.465828418731689453e-02 6.733275949954986572e-02 6.294627487659454346e-02 6.926217675209045410e-02 8.023309707641601562e-02 9.059585630893707275e-02 1.093958765268325806e-01 1.696267277002334595e-01 2.891139388084411621e-01 9.999769926071166992e-01 9.999983310699462891e-01 0.000000000000000000e+00 9.999989271163940430e-01 9.999864101409912109e-01 5.630304813385009766e-01 3.137304186820983887e-01 2.724004685878753662e-01 3.450456857681274414e-01 4.309703707695007324e-01 1.425273865461349487e-01 2.023798078298568726e-01 2.236382812261581421e-01 2.395332157611846924e-01 2.376564890146255493e-01 2.048767060041427612e-01 1.519154608249664307e-01 9.891816973686218262e-02 6.464451551437377930e-02 4.814927279949188232e-02 4.319842159748077393e-02 4.043379426002502441e-02 3.849017620086669922e-02 3.721436858177185059e-02 3.677806258201599121e-02 3.558902442455291748e-02 3.358168900012969971e-02 3.212673962116241455e-02 3.147155046463012695e-02 3.221392631530761719e-02 3.477244079113006592e-02 4.105101525783538818e-02 4.987379908561706543e-02 7.013958692550659180e-02 1.563807874917984009e-01 2.375373393297195435e-01 2.338514029979705811e-01 1.921303123235702515e-01 9.276351332664489746e-02 5.401147902011871338e-02 4.347801208496093750e-02 3.950287401676177979e-02 3.870841860771179199e-02 4.165178537368774414e-02 5.179563164710998535e-02 6.328020989894866943e-02 7.003782689571380615e-02 8.713543415069580078e-02 8.121161162853240967e-02 6.804013252258300781e-02 5.269046127796173096e-02 4.966512322425842285e-02 5.165362358093261719e-02 5.399705469608306885e-02 5.785456299781799316e-02 6.267885863780975342e-02 6.195148825645446777e-02 5.059720575809478760e-02 4.215437173843383789e-02 3.281529247760772705e-02 2.802173793315887451e-02 2.621600031852722168e-02 2.745081484317779541e-02 2.691744267940521240e-02 2.985979616641998291e-02
5.652125179767608643e-02 5.990543961524963379e-02 6.396844983100891113e-02 6.271436810493469238e-02 7.220144569873809814e-02 9.608262777328491211e-02 1.101346611976623535e-01 1.326196640729904175e-01 1.769016832113265991e-01 3.242152333259582520e-01 9.999822378158569336e-01 9.999989271163940430e-01 0.000000000000000000e+00 9.999992847442626953e-01 9.999907612800598145e-01 6.030970215797424316e-01 2.790481150150299072e-01 2.391266077756881714e-01 1.357709169387817383e-01 1.332414746284484863e-01 1.633562147617340088e-01 1.987081319093704224e-01 2.170908749103546143e-01 2.052998840808868408e-01 1.655649393796920776e-01 1.208405494689941406e-01 8.117763698101043701e-02 5.555906891822814941e-02 4.427282512187957764e-02 3.869408369064331055e-02 3.606255352497100830e-02 3.465431928634643555e-02 3.338140249252319336e-02 3.224916756153106689e-02 3.143034875392913818e-02 3.056037425994873047e-02 3.017252683639526367e-02 3.006261587142944336e-02 3.113125264644622803e-02 3.378041088581085205e-02 3.882935643196105957e-02 4.388935863971710205e-02 5.713266134262084961e-02 1.131601184606552124e-01 1.897671818733215332e-01 2.134329527616500854e-01 1.747314184904098511e-01 8.564436435699462891e-02 5.291667580604553223e-02 4.235951602458953857e-02 3.588183224201202393e-02 3.455144166946411133e-02 3.948406875133514404e-02 5.308154225349426270e-02 7.242938876152038574e-02 9.631635248661041260e-02 1.165218651294708252e-01 1.071446686983108521e-01 7.813002169132232666e-02 5.552633106708526611e-02 5.007675290107727051e-02 4.829557240009307861e-02 4.995380342006683350e-02 5.507962405681610107e-02 5.998106300830841064e-02 5.890519917011260986e-02 4.668784141540527344e-02 3.716157376766204834e-02 2.980700135231018066e-02 2.655488252639770508e-02 2.555368840694427490e-02 2.696608006954193115e-02 2.704267203807830811e-02 3.015275299549102783e-02
5.037435889244079590e-02 5.365572869777679443e-02 5.878329277038574219e-02 6.492696702480316162e-02 7.104054093360900879e-02 9.331339597702026367e-02 1.153604090213775635e-01 1.284304559230804443e-01 1.522655785083770752e-01 1.748370230197906494e-01 4.000371098518371582e-01 9.999864101409912109e-01 9.999992847442626953e-01 0.000000000000000000e+00 9.999995231628417969e-01 9.999912381172180176e-01 5.243686437606811523e-01 2.202662080526351929e-01 1.697342544794082642e-01 1.470922827720642090e-01 1.572220921516418457e-01 1.729035526514053345e-01 1.803766340017318726e-01 1.612696051597595215e-01 1.221707612276077271e-01 9.290933609008789062e-02 6.879220902919769287e-02 5.380050837993621826e-02 4.356627166271209717e-02 3.727075457572937012e-02 3.366847336292266846e-02 3.175248205661773682e-02 3.044103085994720459e-02 2.940750122070312500e-02 2.903002500534057617e-02 2.895511686801910400e-02 2.913759648799896240e-02 2.951332926750183105e-02 3.097517788410186768e-02 3.337766230106353760e-02 3.698250651359558105e-02 4.121400415897369385e-02 5.196680128574371338e-02 8.318910002708435059e-02 1.540228575468063354e-01 1.819579154253005981e-01 1.560410559177398682e-01 8.159440755844116211e-02 5.467461049556732178e-02 4.384949803352355957e-02 3.819899260997772217e-02 3.800016641616821289e-02 4.534825682640075684e-02 6.088884174823760986e-02 9.445065259933471680e-02 2.106773853302001953e-01 2.855147719383239746e-01 2.288928031921386719e-01 1.405279040336608887e-01 7.609710097312927246e-02 5.719296634197235107e-02 4.990112781524658203e-02 5.132994055747985840e-02 5.587378144264221191e-02 5.820642411708831787e-02 5.694620311260223389e-02 4.319088160991668701e-02 3.348249197006225586e-02 2.940377593040466309e-02 2.604591846466064453e-02 2.552543580532073975e-02 2.686314284801483154e-02 2.757851779460906982e-02 3.031522035598754883e-02
4.318071901798248291e-02 4.674816131591796875e-02 5.302397906780242920e-02 6.211268901824951172e-02 8.095262944698333740e-02 1.024779379367828369e-01 1.197671592235565186e-01 1.377277225255966187e-01 1.526277512311935425e-01 1.703334301710128784e-01 2.407555580139160156e-01 5.630304813385009766e-01 9.999907612800598145e-01 9.999995231628417969e-01 0.000000000000000000e+00 9.999994039535522461e-01 9.999874830245971680e-01 5.277161598205566406e-01 2.475610673427581787e-01 1.664050668478012085e-01 1.464759409427642822e-01 1.501282751560211182e-01 1.347813606262207031e-01 1.240952312946319580e-01 1.013916432857513428e-01 7.940724492073059082e-02 6.269685924053192139e-02 5.450910329818725586e-02 4.716296494007110596e-02 3.992690145969390869e-02 3.496374189853668213e-02 3.133997321128845215e-02 2.913007140159606934e-02 2.829588949680328369e-02 2.822270989418029785e-02 2.862599492073059082e-02 2.906918525695800781e-02 2.993112802505493164e-02 3.130693733692169189e-02 3.338573873043060303e-02 3.626610338687896729e-02 4.052300751209259033e-02 4.858253896236419678e-02 7.280708849430084229e-02 1.300549656152725220e-01 1.600929796695709229e-01 1.318444162607192993e-01 7.369948923587799072e-02 5.652622878551483154e-02 5.279965698719024658e-02 5.133293569087982178e-02 5.332756042480468750e-02 6.210084259510040283e-02 9.202829003334045410e-02 1.814495623111724854e-01 4.108882844448089600e-01 4.797700047492980957e-01 4.146163165569305420e-01 2.420710921287536621e-01 1.145458221435546875e-01 7.291568815708160400e-02 5.871528387069702148e-02 5.743508040904998779e-02 5.623732507228851318e-02 5.673140287399291992e-02 5.063793063163757324e-02 3.986439108848571777e-02 3.241097927093505859e-02 2.937799692153930664e-02 2.630932629108428955e-02 2.601726353168487549e-02 2.745215594768524170e-02 2.772395312786102295e-02 3.014659881591796875e-02
3.768569231033325195e-02 4.046191275119781494e-02 4.728704690933227539e-02 6.052421033382415771e-02 8.204314112663269043e-02 1.246152371168136597e-01 1.371119171380996704e-01 1.611695885658264160e-01 1.637024730443954468e-01 1.739855110645294189e-01 2.094800919294357300e-01 3.137304186820983887e-01 6.030970215797424316e-01 9.999912381172180176e-01 9.999994039535522461e-01 0.000000000000000000e+00 9.999992251396179199e-01 9.999883174896240234e-01 5.560664534568786621e-01 2.546966969966888428e-01 1.561891734600067139e-01 1.314477175474166870e-01 1.254127323627471924e-01 1.058644503355026245e-01 8.959306776523590088e-02 7.455460727214813232e-02 6.347697973251342773e-02 5.576284229755401611e-02 5.122797191143035889e-02 4.554414749145507812e-02 3.919294476509094238e-02 3.411243855953216553e-02 3.084914386272430420e-02 2.950498461723327637e-02 2.927230298519134521e-02 2.923457324504852295e-02 2.999491989612579346e-02 3.127869963645935059e-02 3.275533020496368408e-02 3.403079509735107422e-02 3.651851415634155273e-02 4.179221391677856445e-02 4.977215826511383057e-02 7.819189131259918213e-02 1.257011443376541138e-01 1.528879851102828979e-01 1.141717433929443359e-01 6.844913959503173828e-02 5.886459350585937500e-02 5.873070657253265381e-02 6.871031224727630615e-02 8.609832823276519775e-02 1.336769014596939087e-01 2.620716094970703125e-01 4.488281607627868652e-01 6.025555729866027832e-01 6.379277110099792480e-01 5.709583759307861328e-01 3.638814687728881836e-01 1.850848346948623657e-01 9.222656488418579102e-02 6.933473050594329834e-02 6.233303248882293701e-02 5.594006180763244629e-02 5.125981569290161133e-02 4.293636977672576904e-02 3.586670756340026855e-02 3.200279176235198975e-02 2.936080098152160645e-02 2.678453922271728516e-02 2.652862668037414551e-02 2.781206369400024414e-02 2.766963839530944824e-02 2.979558706283569336e-02
3.438776731491088867e-02 3.614199161529541016e-02 4.305094480514526367e-02 5.900418758392333984e-02 8.460108935832977295e-02 1.310685127973556519e-01 1.665039360523223877e-01 2.122066915035247803e-01 1.916656792163848877e-01 2.730039954185485840e-01 2.719127833843231201e-01 2.724004685878753662e-01 2.790481150150299072e-01 5.243686437606811523e-01 9.999874830245971680e-01 9.999992251396179199e-01 0.000000000000000000e+00 9.999992847442626953e-01 9.999887943267822266e-01 5.298203229904174805e-01 2.417781352996826172e-01 1.414652615785598755e-01 1.153067052364349365e-01 1.078367233276367188e-01 8.873076736927032471e-02 7.502439618110656738e-02 6.659075617790222168e-02 5.961675941944122314e-02 5.500738322734832764e-02 5.290070176124572754e-02 4.790075123310089111e-02 3.993311524391174316e-02 3.562268614768981934e-02 3.294506669044494629e-02 3.157544136047363281e-02 3.112991154193878174e-02 3.174419701099395752e-02 3.294163942337036133e-02 3.390420973300933838e-02 3.553730249404907227e-02 3.965078294277191162e-02 4.525205492973327637e-02 5.740498006343841553e-02 9.749867022037506104e-02 1.742992103099822998e-01 1.995509415864944458e-01 1.458683311939239502e-01 7.912132143974304199e-02 6.348459422588348389e-02 6.345534324645996094e-02 7.526996731758117676e-02 1.426690667867660522e-01 2.904487252235412598e-01 4.997757077217102051e-01 6.331039667129516602e-01 7.223372459411621094e-01 7.122370004653930664e-01 6.391949653625488281e-01 4.124034643173217773e-01 2.275031954050064087e-01 1.074533462524414062e-01 7.719434797763824463e-02 6.114806234836578369e-02 4.973444342613220215e-02 4.233802855014801025e-02 3.699506819248199463e-02 3.288140892982482910e-02 3.143979609012603760e-02 2.916191518306732178e-02 2.702373266220092773e-02 2.679991722106933594e-02 2.781176567077636719e-02 2.736562490463256836e-02 2.940578758716583252e-02
3.305850923061370850e-02 3.359819948673248291e-02 4.075892269611358643e-02 5.748181045055389404e-02 8.899916708469390869e-02 1.204525679349899292e-01 1.620390564203262329e-01 2.141590863466262817e-01 4.225268363952636719e-01 4.151418805122375488e-01 4.899552464485168457e-01 3.450456857681274414e-01 2.391266077756881714e-01 2.202662080526351929e-01 5.277161598205566406e-01 9.999883174896240234e-01 9.999992847442626953e-01 0.000000000000000000e+00 9.999992847442626953e-01 9.999888539314270020e-01 4.815710186958312988e-01 2.200864702463150024e-01 1.259121894836425781e-01 1.037177741527557373e-01 9.741118550300598145e-02 8.226262032985687256e-02 7.042725384235382080e-02 6.476765871047973633e-02 6.065072119235992432e-02 5.801299214363098145e-02 5.666603147983551025e-02 5.189359188079833984e-02 4.284879565238952637e-02 3.765369951725006104e-02 3.482414782047271729e-02 3.369155526161193848e-02 3.382526338100433350e-02 3.436700999736785889e-02 3.582590818405151367e-02 3.870265185832977295e-02 4.357801377773284912e-02 5.277872085571289062e-02 7.869346439838409424e-02 1.636760532855987549e-01 2.624195218086242676e-01 2.751128077507019043e-01 1.863588243722915649e-01 1.009042561054229736e-01 7.229164242744445801e-02 6.853683292865753174e-02 8.327762782573699951e-02 1.579974740743637085e-01 3.215817809104919434e-01 5.341849923133850098e-01 6.562175750732421875e-01 7.135931849479675293e-01 6.830884814262390137e-01 5.831799507141113281e-01 3.962734639644622803e-01 2.230733335018157959e-01 1.066351234912872314e-01 7.435715198516845703e-02 5.291751027107238770e-02 4.125940799713134766e-02 3.543736040592193604e-02 3.323146700859069824e-02 3.149987757205963135e-02 3.061155974864959717e-02 2.873329818248748779e-02 2.696138620376586914e-02 2.683444321155548096e-02 2.778156101703643799e-02 2.720698714256286621e-02 2.908381819725036621e-02
3.402443230152130127e-02 3.376317024230957031e-02 4.034021496772766113e-02 5.327056348323822021e-02 7.696466147899627686e-02 1.164905428886413574e-01 1.712841391563415527e-01 4.831299781799316406e-01 5.389823317527770996e-01 5.386666059494018555e-01 5.504343509674072266e-01 4.309703707695007324e-01 1.357709169387817383e-01 1.697342544794082642e-01 2.475610673427581787e-01 5.560664534568786621e-01 9.999887943267822266e-01 9.999992847442626953e-01 0.000000000000000000e+00 9.999993443489074707e-01 9.999892711639404297e-01 4.306039810180664062e-01 1.961591392755508423e-01 1.169080138206481934e-01 9.795384109020233154e-02 9.001763164997100830e-02 7.843713462352752686e-02 6.840629875659942627e-02 6.559842824935913086e-02 6.361153721809387207e-02 6.168423593044281006e-02 6.032629311084747314e-02 5.401857197284698486e-02 4.353159666061401367e-02 3.896343708038330078e-02 3.679822385311126709e-02 3.607869148254394531e-02 3.680680692195892334e-02 3.929394483566284180e-02 4.293727874755859375e-02 5.060409009456634521e-02 7.025681436061859131e-02 1.320144236087799072e-01 2.543692588806152344e-01 3.246198892593383789e-01 3.180264234542846680e-01 2.066190242767333984e-01 1.109622567892074585e-01 7.573518157005310059e-02 6.383144855499267578e-02 7.480889558792114258e-02 1.082192808389663696e-01 2.031271010637283325e-01 4.073095917701721191e-01 5.537318587303161621e-01 6.187444925308227539e-01 5.784835815429687500e-01 4.611002802848815918e-01 3.043529093265533447e-01 1.480741053819656372e-01 8.505138754844665527e-02 5.740767717361450195e-02 4.209390282630920410e-02 3.427244722843170166e-02 3.184805810451507568e-02 3.142374753952026367e-02 3.027288615703582764e-02 2.960245311260223389e-02 2.819940447807312012e-02 2.681045234203338623e-02 2.685859799385070801e-02 2.781829237937927246e-02 2.721939980983734131e-02 2.890247106552124023e-02
3.537981212139129639e-02 3.512008488178253174e-02 4.010288417339324951e-02 4.823429882526397705e-02 6.913606822490692139e-02 1.197177320718765259e-01 3.701685369014739990e-01 5.255855321884155273e-01 5.631567835807800293e-01 6.167727708816528320e-01 5.738229155540466309e-01 1.425273865461349487e-01 1.332414746284484863e-01 1.470922827720642090e-01 1.664050668478012085e-01 2.546966969966888428e-01 5.298203229904174805e-01 9.999888539314270020e-01 9.999993443489074707e-01 0.000000000000000000e+00 9.999993443489074707e-01 9.999903440475463867e-01 3.969086408615112305e-01 1.787525862455368042e-01 1.115761995315551758e-01 9.292230010032653809e-02 8.489865064620971680e-02 7.627193629741668701e-02 6.886762380599975586e-02 6.839461624622344971e-02 6.743025779724121094e-02 6.601342558860778809e-02 6.133705377578735352e-02 5.043925344944000244e-02 4.378521442413330078e-02 4.029607772827148438e-02 3.980158269405364990e-02 4.093715548515319824e-02 4.297181963920593262e-02 4.883302748203277588e-02 6.530144810676574707e-02 1.079673618078231812e-01 2.151151448488235474e-01 3.220165371894836426e-01 3.709819316864013672e-01 3.299049437046051025e-01 1.968554407358169556e-01 1.055368334054946899e-01 6.775121390819549561e-02 5.749700963497161865e-02 5.788467824459075928e-02 6.831140816211700439e-02 1.144778281450271606e-01 2.453307211399078369e-01 3.896073102951049805e-01 4.531570374965667725e-01 4.018018245697021484e-01 2.981442511081695557e-01 1.547013074159622192e-01 8.688248693943023682e-02 5.717420578002929688e-02 4.280705749988555908e-02 3.468240797519683838e-02 3.101494908332824707e-02 3.000229597091674805e-02 3.018182516098022461e-02 2.920261025428771973e-02 2.870446443557739258e-02 2.767656743526458740e-02 2.665694057941436768e-02 2.687455713748931885e-02 2.794596552848815918e-02 2.733805775642395020e-02 2.883246541023254395e-02
3.700990974903106689e-02 3.684867918491363525e-02 4.006627202033996582e-02 4.558973014354705811e-02 6.902323663234710693e-02 1.577607691287994385e-01 3.944489955902099609e-01 5.095596909523010254e-01 5.533809661865234375e-01 5.814659595489501953e-01 2.123682349920272827e-01 2.023798078298568726e-01 1.633562147617340088e-01 1.572220921516418457e-01 1.464759409427642822e-01 1.561891734600067139e-01 2.417781352996826172e-01 4.815710186958312988e-01 9.999892711639404297e-01 9.999993443489074707e-01 0.000000000000000000e+00 9.999994039535522461e-01 9.999916553497314453e-01 3.657305836677551270e-01 1.704623252153396606e-01 1.078674048185348511e-01 8.927671611309051514e-02 8.318722248077392578e-02 7.705284655094146729e-02 7.201756536960601807e-02 7.245345413684844971e-02 7.082128524780273438e-02 6.616942584514617920e-02 5.856636166572570801e-02 5.003029108047485352e-02 4.553557932376861572e-02 4.433871805667877197e-02 4.424020648002624512e-02 4.860302805900573730e-02 6.209740042686462402e-02 9.118308126926422119e-02 1.695142090320587158e-01 2.972686886787414551e-01 3.833520412445068359e-01 3.899637162685394287e-01 3.116388916969299316e-01 1.584595143795013428e-01 9.183491766452789307e-02 5.846443772315979004e-02 4.896302521228790283e-02 4.455785453319549561e-02 5.067504942417144775e-02 7.413943111896514893e-02 1.332975327968597412e-01 2.385605275630950928e-01 2.853047847747802734e-01 2.355134487152099609e-01 1.442287564277648926e-01 8.439569175243377686e-02 5.552546679973602295e-02 4.140447080135345459e-02 3.435876965522766113e-02 3.053754568099975586e-02 2.908498048782348633e-02 2.857117354869842529e-02 2.897346019744873047e-02 2.843856811523437500e-02 2.799054980278015137e-02 2.726730704307556152e-02 2.647669613361358643e-02 2.685344219207763672e-02 2.806754410266876221e-02 2.747464179992675781e-02 2.881599962711334229e-02
