0.000000000000000000e+00 9.994236826896667480e-01 9.990114569664001465e-01 1.383448690176010132e-01 1.240682452917098999e-01 1.145813018083572388e-01 8.527879416942596436e-02 8.560359477996826172e-02 8.172114193439483643e-02 1.056705564260482788e-01 1.443493962287902832e-01 1.058545261621475220e-01 8.171042799949645996e-02 6.717012822628021240e-02 5.581912398338317871e-02 4.650105535984039307e-02 3.803259134292602539e-02 3.331327438354492188e-02 3.221575915813446045e-02 3.194126486778259277e-02 3.339703381061553955e-02 3.456920385360717773e-02 3.525747358798980713e-02 3.550323843955993652e-02 3.523534536361694336e-02 3.467914462089538574e-02 3.404092788696289062e-02 3.386850655078887939e-02 3.449428081512451172e-02 3.564490377902984619e-02 3.665968775749206543e-02 3.713209927082061768e-02 3.713397681713104248e-02 3.730301558971405029e-02 3.771135210990905762e-02 3.793884813785552979e-02 3.741665184497833252e-02 3.666347265243530273e-02 3.717975318431854248e-02 3.827230632305145264e-02 3.937795758247375488e-02 3.915877640247344971e-02 3.912177681922912598e-02 4.020544886589050293e-02
9.994236826896667480e-01 0.000000000000000000e+00 9.997701048851013184e-01 9.996764659881591797e-01 1.554199904203414917e-01 1.365436613559722900e-01 1.057053655385971069e-01 8.129180967807769775e-02 8.616513013839721680e-02 1.245769113302230835e-01 1.269005388021469116e-01 1.377361863851547241e-01 1.296644806861877441e-01 1.068524867296218872e-01 6.299802660942077637e-02 5.040180683135986328e-02 3.830327093601226807e-02 3.306826949119567871e-02 3.155632317066192627e-02 3.121685981750488281e-02 3.275270760059356689e-02 3.424474596977233887e-02 3.548413515090942383e-02 3.591869771480560303e-02 3.544302284717559814e-02 3.466634452342987061e-02 3.428000211715698242e-02 3.434303402900695801e-02 3.505598008632659912e-02 3.616318106651306152e-02 3.723810613155364990e-02 3.785811364650726318e-02 3.835247457027435303e-02 3.896689414978027344e-02 3.965280950069427490e-02 3.938582539558410645e-02 3.777423501014709473e-02 3.618744015693664551e-02 3.671953082084655762e-02 3.720274567604064941e-02 3.686934709548950195e-02 3.575375676155090332e-02 3.585024178028106689e-02 3.717862069606781006e-02
9.990114569664001465e-01 9.997701048851013184e-01 0.000000000000000000e+00 9.998924136161804199e-01 9.994928240776062012e-01 1.696112006902694702e-01 1.351905316114425659e-01 1.059228926897048950e-01 1.166510283946990967e-01 1.626916974782943726e-01 1.498641967773437500e-01 1.575571596622467041e-01 1.611306518316268921e-01 6.924714148044586182e-02 5.669404566287994385e-02 5.289763212203979492e-02 4.556134343147277832e-02 4.078289866447448730e-02 3.751039505004882812e-02 3.540389239788055420e-02 3.531457483768463135e-02 3.578592836856842041e-02 3.640924394130706787e-02 3.664311766624450684e-02 3.595861792564392090e-02 3.478065133094787598e-02 3.399434685707092285e-02 3.397813439369201660e-02 3.467568755149841309e-02 3.565418720245361328e-02 3.686890006065368652e-02 3.861424326896667480e-02 4.089896380901336670e-02 4.279524087905883789e-02 4.220765829086303711e-02 4.044575989246368408e-02 3.808724880218505859e-02 3.670886158943176270e-02 3.641569614410400391e-02 3.598465025424957275e-02 3.576399385929107666e-02 3.403241932392120361e-02 3.328743577003479004e-02 3.450602293014526367e-02
1.383448690176010132e-01 9.996764659881591797e-01 9.998924136161804199e-01 0.000000000000000000e+00 9.999022483825683594e-01 9.996905326843261719e-01 1.975544542074203491e-01 1.686628907918930054e-01 1.374145299196243286e-01 1.527490764856338501e-01 2.168287932872772217e-01 1.669449508190155029e-01 8.122774958610534668e-02 7.203498482704162598e-02 6.322312355041503906e-02 6.120598316192626953e-02 5.961012840270996094e-02 5.594465136528015137e-02 5.060765147209167480e-02 4.559071362018585205e-02 4.259334504604339600e-02 4.164056479930877686e-02 4.110921919345855713e-02 3.988358378410339355e-02 3.866201639175415039e-02 3.760163486003875732e-02 3.678074479103088379e-02 3.659452497959136963e-02 3.692631423473358154e-02 3.769665956497192383e-02 3.948448598384857178e-02 4.434792697429656982e-02 4.978215694427490234e-02 5.186454951763153076e-02 5.039592087268829346e-02 4.524666070938110352e-02 4.224073886871337891e-02 3.948354721069335938e-02 3.797098994255065918e-02 3.516902029514312744e-02 3.409291803836822510e-02 3.453525900840759277e-02 3.409431874752044678e-02 3.541660308837890625e-02
1.240682452917098999e-01 1.554199904203414917e-01 9.994928240776062012e-01 9.999022483825683594e-01 0.000000000000000000e+00 9.999624490737915039e-01 9.998813271522521973e-01 2.901518046855926514e-01 2.090902328491210938e-01 1.487182080745697021e-01 1.280029714107513428e-01 8.585143089294433594e-02 7.953630387783050537e-02 7.532319426536560059e-02 7.795767486095428467e-02 7.808835804462432861e-02 7.870902121067047119e-02 7.815869152545928955e-02 7.223260402679443359e-02 6.398411095142364502e-02 5.793835222721099854e-02 5.273774266242980957e-02 4.944108426570892334e-02 4.691317677497863770e-02 4.473833739757537842e-02 4.323931038379669189e-02 4.205678403377532959e-02 4.124960303306579590e-02 4.091922938823699951e-02 4.151006042957305908e-02 4.316250979900360107e-02 4.665386676788330078e-02 5.038852989673614502e-02 5.296878516674041748e-02 5.309627950191497803e-02 5.015781521797180176e-02 4.827627539634704590e-02 4.458239674568176270e-02 4.100650548934936523e-02 3.720642626285552979e-02 3.517434000968933105e-02 3.637090325355529785e-02 3.679996728897094727e-02 3.860458731651306152e-02
1.145813018083572388e-01 1.365436613559722900e-01 1.696112006902694702e-01 9.996905326843261719e-01 9.999624490737915039e-01 0.000000000000000000e+00 9.999887943267822266e-01 9.999508857727050781e-01 3.323768675327301025e-01 1.650981158018112183e-01 1.029606461524963379e-01 8.887109160423278809e-02 9.734395146369934082e-02 9.263880550861358643e-02 1.005284935235977173e-01 1.122573465108871460e-01 1.142806410789489746e-01 1.161993592977523804e-01 1.129999905824661255e-01 1.073619872331619263e-01 9.588696062564849854e-02 7.887877523899078369e-02 6.520827114582061768e-02 5.766452848911285400e-02 5.413609743118286133e-02 5.173897743225097656e-02 4.978668689727783203e-02 4.843847453594207764e-02 4.793196916580200195e-02 4.841572046279907227e-02 5.101449787616729736e-02 5.563808977603912354e-02 5.858662724494934082e-02 5.803008377552032471e-02 5.412991344928741455e-02 5.316540598869323730e-02 5.258882045745849609e-02 4.883897304534912109e-02 4.494345188140869141e-02 4.092834889888763428e-02 4.016019403934478760e-02 4.016831517219543457e-02 4.106797277927398682e-02 4.280351102352142334e-02
8.527879416942596436e-02 1.057053655385971069e-01 1.351905316114425659e-01 1.975544542074203491e-01 9.998813271522521973e-01 9.999887943267822266e-01 0.000000000000000000e+00 9.999948740005493164e-01 9.999607801437377930e-01 2.540902495384216309e-01 1.529747098684310913e-01 1.173331141471862793e-01 1.134038567543029785e-01 1.218961775302886963e-01 1.306058913469314575e-01 1.474043577909469604e-01 1.628810763359069824e-01 1.638125181198120117e-01 1.666395813226699829e-01 1.706374734640121460e-01 1.679718941450119019e-01 1.228482425212860107e-01 9.174494445323944092e-02 7.449617981910705566e-02 6.617656350135803223e-02 6.179316341876983643e-02 5.921764671802520752e-02 5.906954407691955566e-02 6.090322136878967285e-02 6.125475466251373291e-02 5.823180079460144043e-02 5.513757467269897461e-02 5.382844805717468262e-02 5.175517499446868896e-02 5.032244324684143066e-02 5.250363051891326904e-02 5.468918383121490479e-02 5.306105315685272217e-02 4.846359789371490479e-02 4.608172178268432617e-02 4.518359899520874023e-02 4.575872421264648438e-02 4.529745876789093018e-02 4.711790382862091064e-02
8.560359477996826172e-02 8.129180967807769775e-02 1.059228926897048950e-01 1.686628907918930054e-01 2.901518046855926514e-01 9.999508857727050781e-01 9.999948740005493164e-01 0.000000000000000000e+00 9.999959468841552734e-01 9.999604225158691406e-01 3.244385421276092529e-01 2.036244422197341919e-01 1.385460793972015381e-01 1.342087835073471069e-01 1.471158117055892944e-01 1.548930406570434570e-01 1.833193004131317139e-01 2.054887115955352783e-01 2.129231095314025879e-01 2.304810434579849243e-01 2.434952259063720703e-01 2.059509158134460449e-01 1.469066888093948364e-01 1.090884208679199219e-01 8.734427392482757568e-02 7.790578901767730713e-02 7.361559569835662842e-02 6.996202468872070312e-02 6.557947397232055664e-02 6.167981028556823730e-02 5.555346608161926270e-02 5.124004185199737549e-02 4.990552365779876709e-02 4.932029545307159424e-02 4.988467693328857422e-02 5.350825190544128418e-02 5.646944046020507812e-02 5.563677847385406494e-02 5.327890813350677490e-02 5.107033252716064453e-02 5.125604569911956787e-02 4.938358068466186523e-02 4.733318090438842773e-02 4.966621100902557373e-02
8.172114193439483643e-02 8.616513013839721680e-02 1.166510283946990967e-01 1.374145299196243286e-01 2.090902328491210938e-01 3.323768675327301025e-01 9.999607801437377930e-01 9.999959468841552734e-01 0.000000000000000000e+00 9.999960064888000488e-01 9.999655485153198242e-01 4.181621670722961426e-01 2.235467731952667236e-01 1.577150225639343262e-01 1.432171761989593506e-01 1.507478058338165283e-01 1.691095381975173950e-01 2.031177729368209839e-01 2.437330633401870728e-01 2.552731931209564209e-01 2.640446424484252930e-01 2.577288746833801270e-01 2.077680230140686035e-01 1.560870110988616943e-01 1.122360676527023315e-01 8.456876873970031738e-02 6.992886960506439209e-02 6.397885084152221680e-02 6.037732958793640137e-02 5.617779493331909180e-02 5.192945897579193115e-02 4.876731336116790771e-02 4.736992716789245605e-02 4.726600646972656250e-02 4.921570420265197754e-02 5.281321704387664795e-02 5.594167113304138184e-02 5.621409416198730469e-02 5.614165961742401123e-02 5.528895556926727295e-02 5.203354358673095703e-02 5.002109706401824951e-02 4.905799031257629395e-02 5.029833316802978516e-02
1.056705564260482788e-01 1.245769113302230835e-01 1.626916974782943726e-01 1.527490764856338501e-01 1.487182080745697021e-01 1.650981158018112183e-01 2.540902495384216309e-01 9.999604225158691406e-01 9.999960064888000488e-01 0.000000000000000000e+00 9.999966621398925781e-01 9.999712705612182617e-01 3.805820941925048828e-01 2.188725620508193970e-01 1.579643934965133667e-01 1.462014466524124146e-01 1.538394540548324585e-01 1.778610944747924805e-01 2.209491580724716187e-01 2.600453197956085205e-01 2.563028335571289062e-01 2.531627416610717773e-01 2.339683622121810913e-01 1.809973716735839844e-01 1.293498277664184570e-01 8.904665708541870117e-02 6.719025969505310059e-02 5.721795558929443359e-02 5.071568489074707031e-02 4.639963805675506592e-02 4.333722591400146484e-02 4.160413146018981934e-02 4.133057594299316406e-02 4.246331751346588135e-02 4.471826553344726562e-02 4.887138307094573975e-02 5.154462158679962158e-02 5.243906378746032715e-02 5.327612161636352539e-02 5.683566629886627197e-02 5.462908744812011719e-02 4.903501272201538086e-02 5.090419948101043701e-02 5.367884039878845215e-02
1.443493962287902832e-01 1.269005388021469116e-01 1.498641967773437500e-01 2.168287932872772217e-01 1.280029714107513428e-01 1.029606461524963379e-01 1.529747098684310913e-01 3.244385421276092529e-01 9.999655485153198242e-01 9.999966621398925781e-01 0.000000000000000000e+00 9.999974370002746582e-01 9.999774694442749023e-01 3.712504506111145020e-01 2.161512523889541626e-01 1.583301275968551636e-01 1.496564149856567383e-01 1.598469913005828857e-01 1.828303039073944092e-01 2.142221182584762573e-01 2.391554862260818481e-01 2.299576401710510254e-01 2.107656151056289673e-01 1.722001433372497559e-01 1.254458129405975342e-01 8.657345175743103027e-02 5.986046791076660156e-02 4.794919490814208984e-02 4.157455265522003174e-02 3.854492306709289551e-02 3.655301034450531006e-02 3.547653555870056152e-02 3.525646030902862549e-02 3.555411100387573242e-02 3.743554651737213135e-02 4.089133441448211670e-02 4.310004413127899170e-02 4.522886872291564941e-02 5.187864601612091064e-02 5.871231853961944580e-02 5.685842037200927734e-02 5.112113058567047119e-02 5.552841722965240479e-02 6.201756000518798828e-02
1.058545261621475220e-01 1.377361863851547241e-01 1.575571596622467041e-01 1.669449508190155029e-01 8.585143089294433594e-02 8.887109160423278809e-02 1.173331141471862793e-01 2.036244422197341919e-01 4.181621670722961426e-01 9.999712705612182617e-01 9.999974370002746582e-01 0.000000000000000000e+00 9.999982118606567383e-01 9.999839663505554199e-01 4.028306007385253906e-01 2.151646167039871216e-01 1.567110270261764526e-01 1.460737138986587524e-01 1.562299877405166626e-01 1.660747826099395752e-01 1.835971325635910034e-01 2.008899599313735962e-01 1.796818077564239502e-01 1.474424600601196289e-01 1.124477237462997437e-01 8.101536333560943604e-02 5.752901732921600342e-02 4.489666223526000977e-02 3.874267637729644775e-02 3.544697165489196777e-02 3.329126536846160889e-02 3.203235566616058350e-02 3.167362511157989502e-02 3.231419622898101807e-02 3.362095355987548828e-02 3.515923023223876953e-02 3.729267418384552002e-02 4.145468771457672119e-02 4.668810963630676270e-02 4.756522178649902344e-02 4.844804108142852783e-02 5.452929437160491943e-02 6.397531926631927490e-02 6.049802899360656738e-02
8.171042799949645996e-02 1.296644806861877441e-01 1.611306518316268921e-01 8.122774958610534668e-02 7.953630387783050537e-02 9.734395146369934082e-02 1.134038567543029785e-01 1.385460793972015381e-01 2.235467731952667236e-01 3.805820941925048828e-01 9.999774694442749023e-01 9.999982118606567383e-01 0.000000000000000000e+00 9.999988675117492676e-01 9.999883770942687988e-01 4.149656295776367188e-01 2.138296961784362793e-01 1.510103195905685425e-01 1.374083012342453003e-01 1.447566002607345581e-01 1.392595618963241577e-01 1.461777389049530029e-01 1.423728764057159424e-01 1.157665848731994629e-01 9.407080709934234619e-02 7.445277273654937744e-02 5.843329429626464844e-02 4.745836555957794189e-02 4.074373841285705566e-02 3.569383919239044189e-02 3.326611220836639404e-02 3.206795454025268555e-02 3.154930472373962402e-02 3.201024234294891357e-02 3.299869596958160400e-02 3.457869589328765869e-02 3.770476579666137695e-02 4.007971286773681641e-02 4.240104556083679199e-02 4.553525149822235107e-02 5.477266013622283936e-02 7.161252200603485107e-02 7.092264294624328613e-02 5.911403894424438477e-02
6.717012822628021240e-02 1.068524867296218872e-01 6.924714148044586182e-02 7.203498482704162598e-02 7.532319426536560059e-02 9.263880550861358643e-02 1.218961775302886963e-01 1.342087835073471069e-01 1.577150225639343262e-01 2.188725620508193970e-01 3.712504506111145020e-01 9.999839663505554199e-01 9.999988675117492676e-01 0.000000000000000000e+00 9.999992847442626953e-01 9.999912381172180176e-01 4.251729249954223633e-01 2.150700688362121582e-01 1.421604603528976440e-01 1.264507323503494263e-01 1.300549358129501343e-01 1.145090609788894653e-01 1.085545718669891357e-01 9.568597376346588135e-02 8.196482062339782715e-02 6.878393888473510742e-02 6.031623482704162598e-02 5.329798161983489990e-02 4.550369083881378174e-02 4.014141857624053955e-02 3.583109378814697266e-02 3.428283333778381348e-02 3.349754214286804199e-02 3.351704776287078857e-02 3.493610024452209473e-02 3.779792785644531250e-02 4.009835422039031982e-02 4.134137928485870361e-02 4.262226819992065430e-02 4.998967051506042480e-02 7.036864757537841797e-02 6.123700737953186035e-02 5.719380080699920654e-02 6.553426384925842285e-02
5.581912398338317871e-02 6.299802660942077637e-02 5.669404566287994385e-02 6.322312355041503906e-02 7.795767486095428467e-02 1.005284935235977173e-01 1.306058913469314575e-01 1.471158117055892944e-01 1.432171761989593506e-01 1.579643934965133667e-01 2.161512523889541626e-01 4.028306007385253906e-01 9.999883770942687988e-01 9.999992847442626953e-01 0.000000000000000000e+00 9.999995231628417969e-01 9.999930262565612793e-01 4.329384863376617432e-01 2.145997434854507446e-01 1.323862075805664062e-01 1.135395169258117676e-01 1.148888766765594482e-01 9.353394806385040283e-02 8.493828773498535156e-02 7.775910198688507080e-02 7.185049355030059814e-02 6.417027115821838379e-02 6.061460077762603760e-02 5.620671808719635010e-02 4.893283545970916748e-02 4.297713935375213623e-02 3.900060057640075684e-02 3.781835734844207764e-02 3.756421804428100586e-02 3.999449312686920166e-02 4.327465593814849854e-02 4.461972415447235107e-02 4.421009123325347900e-02 4.813860356807708740e-02 5.797758698463439941e-02 5.745443701744079590e-02 4.576089978218078613e-02 5.411420762538909912e-02 5.458678305149078369e-02
4.650105535984039307e-02 5.040180683135986328e-02 5.289763212203979492e-02 6.120598316192626953e-02 7.808835804462432861e-02 1.122573465108871460e-01 1.474043577909469604e-01 1.548930406570434570e-01 1.507478058338165283e-01 1.462014466524124146e-01 1.583301275968551636e-01 2.151646167039871216e-01 4.149656295776367188e-01 9.999912381172180176e-01 9.999995231628417969e-01 0.000000000000000000e+00 9.999996423721313477e-01 9.999940395355224609e-01 4.239803552627563477e-01 2.078116536140441895e-01 1.206096559762954712e-01 1.023090332746505737e-01 1.007706820964813232e-01 8.299215137958526611e-02 7.698504626750946045e-02 7.360252737998962402e-02 7.228124141693115234e-02 7.114003598690032959e-02 7.106110453605651855e-02 6.660935282707214355e-02 5.549252033233642578e-02 4.785960912704467773e-02 4.384210705757141113e-02 4.454736411571502686e-02 4.778593778610229492e-02 4.994092881679534912e-02 5.184875428676605225e-02 5.925497412681579590e-02 5.823735892772674561e-02 5.294209718704223633e-02 4.201050102710723877e-02 3.961724042892456055e-02 4.594445228576660156e-02 3.776964545249938965e-02
3.803259134292602539e-02 3.830327093601226807e-02 4.556134343147277832e-02 5.961012840270996094e-02 7.870902121067047119e-02 1.142806410789489746e-01 1.628810763359069824e-01 1.833193004131317139e-01 1.691095381975173950e-01 1.538394540548324585e-01 1.496564149856567383e-01 1.567110270261764526e-01 2.138296961784362793e-01 4.251729249954223633e-01 9.999930262565612793e-01 9.999996423721313477e-01 0.000000000000000000e+00 9.999997019767761230e-01 9.999946951866149902e-01 4.010535478591918945e-01 1.944604068994522095e-01 1.120098084211349487e-01 9.683254361152648926e-02 9.396298229694366455e-02 8.134903013706207275e-02 7.901455461978912354e-02 8.250498771667480469e-02 8.446682989597320557e-02 8.654828369617462158e-02 8.566690981388092041e-02 7.738921046257019043e-02 6.359460949897766113e-02 5.665984749794006348e-02 5.583584308624267578e-02 5.630798637866973877e-02 6.015792489051818848e-02 7.058024406433105469e-02 7.107564806938171387e-02 6.029884517192840576e-02 4.138766229152679443e-02 4.277238249778747559e-02 4.121883213520050049e-02 3.346519172191619873e-02 3.618982434272766113e-02
3.331327438354492188e-02 3.306826949119567871e-02 4.078289866447448730e-02 5.594465136528015137e-02 7.815869152545928955e-02 1.161993592977523804e-01 1.638125181198120117e-01 2.054887115955352783e-01 2.031177729368209839e-01 1.778610944747924805e-01 1.598469913005828857e-01 1.460737138986587524e-01 1.510103195905685425e-01 2.150700688362121582e-01 4.329384863376617432e-01 9.999940395355224609e-01 9.999997019767761230e-01 0.000000000000000000e+00 9.999997615814208984e-01 9.999952316284179688e-01 3.753333985805511475e-01 1.807740628719329834e-01 1.088588982820510864e-01 9.630490839481353760e-02 1.007198840379714966e-01 9.333299100399017334e-02 1.014167666435241699e-01 1.161569654941558838e-01 1.177888512611389160e-01 1.165533959865570068e-01 1.067377179861068726e-01 9.495414793491363525e-02 7.917572557926177979e-02 7.287847995758056641e-02 7.112741470336914062e-02 8.632682263851165771e-02 9.132768213748931885e-02 7.434085011482238770e-02 4.972054064273834229e-02 4.226785898208618164e-02 4.334609210491180420e-02 3.295783698558807373e-02 3.255867958068847656e-02 3.501461446285247803e-02
3.221575915813446045e-02 3.155632317066192627e-02 3.751039505004882812e-02 5.060765147209167480e-02 7.223260402679443359e-02 1.129999905824661255e-01 1.666395813226699829e-01 2.129231095314025879e-01 2.437330633401870728e-01 2.209491580724716187e-01 1.828303039073944092e-01 1.562299877405166626e-01 1.374083012342453003e-01 1.421604603528976440e-01 2.145997434854507446e-01 4.239803552627563477e-01 9.999946951866149902e-01 9.999997615814208984e-01 0.000000000000000000e+00 9.999997615814208984e-01 9.999957084655761719e-01 3.560481071472167969e-01 1.737808287143707275e-01 1.107913255691528320e-01 1.034553796052932739e-01 1.236550062894821167e-01 1.274617463350296021e-01 1.541864126920700073e-01 1.694216430187225342e-01 1.628225296735763550e-01 1.538422256708145142e-01 1.407436132431030273e-01 1.301026642322540283e-01 1.071149557828903198e-01 1.092657744884490967e-01 1.189436763525009155e-01 9.518420696258544922e-02 6.992475688457489014e-02 4.607421159744262695e-02 4.373897612094879150e-02 3.344960510730743408e-02 3.233148157596588135e-02 3.199285268783569336e-02 3.480853140354156494e-02
3.194126486778259277e-02 3.121685981750488281e-02 3.540389239788055420e-02 4.559071362018585205e-02 6.398411095142364502e-02 1.073619872331619263e-01 1.706374734640121460e-01 2.304810434579849243e-01 2.552731931209564209e-01 2.600453197956085205e-01 2.142221182584762573e-01 1.660747826099395752e-01 1.447566002607345581e-01 1.264507323503494263e-01 1.323862075805664062e-01 2.078116536140441895e-01 4.010535478591918945e-01 9.999952316284179688e-01 9.999997615814208984e-01 0.000000000000000000e+00 9.999997615814208984e-01 9.999960064888000488e-01 3.529345989227294922e-01 1.799807250499725342e-01 1.224608123302459717e-01 1.239411085844039917e-01 1.610855609178543091e-01 1.683055013418197632e-01 1.955699771642684937e-01 2.025352418422698975e-01 1.935188919305801392e-01 2.111025601625442505e-01 2.201411575078964233e-01 2.037796080112457275e-01 1.766809225082397461e-01 1.460527926683425903e-01 9.974487125873565674e-02 5.502304434776306152e-02 4.851001501083374023e-02 3.752948343753814697e-02 3.261956572532653809e-02 3.215518593788146973e-02 3.191848099231719971e-02 3.410765528678894043e-02
3.339703381061553955e-02 3.275270760059356689e-02 3.531457483768463135e-02 4.259334504604339600e-02 5.793835222721099854e-02 9.588696062564849854e-02 1.679718941450119019e-01 2.434952259063720703e-01 2.640446424484252930e-01 2.563028335571289062e-01 2.391554862260818481e-01 1.835971325635910034e-01 1.392595618963241577e-01 1.300549358129501343e-01 1.135395169258117676e-01 1.206096559762954712e-01 1.944604068994522095e-01 3.753333985805511475e-01 9.999957084655761719e-01 9.999997615814208984e-01 0.000000000000000000e+00 9.999997615814208984e-01 9.999960064888000488e-01 3.627558946609497070e-01 1.891006380319595337e-01 1.487098485231399536e-01 1.538890600204467773e-01 1.995079517364501953e-01 1.994308531284332275e-01 2.156223058700561523e-01 2.249248325824737549e-01 2.390040904283523560e-01 2.875349521636962891e-01 2.898316979408264160e-01 2.569336891174316406e-01 1.750321239233016968e-01 8.511725068092346191e-02 6.030653417110443115e-02 4.854889214038848877e-02 3.493857383728027344e-02 3.248126804828643799e-02 3.193128108978271484e-02 3.196887671947479248e-02 3.409354388713836670e-02
3.456920385360717773e-02 3.424474596977233887e-02 3.578592836856842041e-02 4.164056479930877686e-02 5.273774266242980957e-02 7.887877523899078369e-02 1.228482425212860107e-01 2.059509158134460449e-01 2.577288746833801270e-01 2.531627416610717773e-01 2.299576401710510254e-01 2.008899599313735962e-01 1.461777389049530029e-01 1.145090609788894653e-01 1.148888766765594482e-01 1.023090332746505737e-01 1.120098084211349487e-01 1.807740628719329834e-01 3.560481071472167969e-01 9.999960064888000488e-01 9.999997615814208984e-01 0.000000000000000000e+00 9.999997615814208984e-01 9.999955892562866211e-01 3.886287510395050049e-01 2.058139890432357788e-01 1.698774546384811401e-01 1.691742241382598877e-01 1.909674257040023804e-01 1.978942006826400757e-01 2.303280234336853027e-01 2.762092947959899902e-01 2.996152043342590332e-01 3.192733526229858398e-01 2.962266504764556885e-01 1.788420081138610840e-01 1.022013872861862183e-01 7.701782882213592529e-02 4.106263816356658936e-02 3.533056378364562988e-02 3.194841742515563965e-02 3.167062997817993164e-02 3.200875222682952881e-02 3.385517001152038574e-02
3.525747358798980713e-02 3.548413515090942383e-02 3.640924394130706787e-02 4.110921919345855713e-02 4.944108426570892334e-02 6.520827114582061768e-02 9.174494445323944092e-02 1.469066888093948364e-01 2.077680230140686035e-01 2.339683622121810913e-01 2.107656151056289673e-01 1.796818077564239502e-01 1.423728764057159424e-01 1.085545718669891357e-01 9.353394806385040283e-02 1.007706820964813232e-01 9.683254361152648926e-02 1.088588982820510864e-01 1.737808287143707275e-01 3.529345989227294922e-01 9.999960064888000488e-01 9.999997615814208984e-01 0.000000000000000000e+00 9.999996423721313477e-01 9.999948143959045410e-01 4.186639785766601562e-01 2.184322029352188110e-01 1.699923425912857056e-01 1.666691005229949951e-01 1.881009638309478760e-01 2.034292221069335938e-01 2.672207355499267578e-01 3.012617230415344238e-01 3.029264807701110840e-01 2.749398350715637207e-01 1.993889659643173218e-01 1.478220969438552856e-01 5.829867720603942871e-02 4.300387203693389893e-02 3.569549322128295898e-02 3.215341269969940186e-02 3.168271481990814209e-02 3.111399710178375244e-02 3.298303484916687012e-02
3.550323843955993652e-02 3.591869771480560303e-02 3.664311766624450684e-02 3.988358378410339355e-02 4.691317677497863770e-02 5.766452848911285400e-02 7.449617981910705566e-02 1.090884208679199219e-01 1.560870110988616943e-01 1.809973716735839844e-01 1.722001433372497559e-01 1.474424600601196289e-01 1.157665848731994629e-01 9.568597376346588135e-02 8.493828773498535156e-02 8.299215137958526611e-02 9.396298229694366455e-02 9.630490839481353760e-02 1.107913255691528320e-01 1.799807250499725342e-01 3.627558946609497070e-01 9.999955892562866211e-01 9.999996423721313477e-01 0.000000000000000000e+00 9.999997019767761230e-01 9.999938607215881348e-01 4.276526868343353271e-01 2.266979068517684937e-01 1.656086444854736328e-01 1.675075292587280273e-01 1.957744807004928589e-01 2.096709609031677246e-01 2.454890608787536621e-01 2.721087336540222168e-01 2.645050287246704102e-01 2.308481037616729736e-01 9.962305426597595215e-02 6.948882341384887695e-02 4.928500950336456299e-02 3.827635943889617920e-02 3.379155695438385010e-02 3.252983093261718750e-02 3.097678720951080322e-02 3.211258351802825928e-02
3.523534536361694336e-02 3.544302284717559814e-02 3.595861792564392090e-02 3.866201639175415039e-02 4.473833739757537842e-02 5.413609743118286133e-02 6.617656350135803223e-02 8.734427392482757568e-02 1.122360676527023315e-01 1.293498277664184570e-01 1.254458129405975342e-01 1.124477237462997437e-01 9.407080709934234619e-02 8.196482062339782715e-02 7.775910198688507080e-02 7.698504626750946045e-02 8.134903013706207275e-02 1.007198840379714966e-01 1.034553796052932739e-01 1.224608123302459717e-01 1.891006380319595337e-01 3.886287510395050049e-01 9.999948143959045410e-01 9.999997019767761230e-01 0.000000000000000000e+00 9.999996423721313477e-01 9.999927878379821777e-01 4.293103218078613281e-01 2.324795275926589966e-01 1.651836335659027100e-01 1.657087206840515137e-01 1.738304644823074341e-01 1.778458505868911743e-01 2.024516910314559937e-01 2.189792692661285400e-01 1.473375707864761353e-01 1.082837581634521484e-01 8.028611540794372559e-02 6.133705377578735352e-02 4.370747506618499756e-02 3.736038506031036377e-02 3.419491648674011230e-02 3.145028650760650635e-02 3.217373788356781006e-02
3.467914462089538574e-02 3.466634452342987061e-02 3.478065133094787598e-02 3.760163486003875732e-02 4.323931038379669189e-02 5.173897743225097656e-02 6.179316341876983643e-02 7.790578901767730713e-02 8.456876873970031738e-02 8.904665708541870117e-02 8.657345175743103027e-02 8.101536333560943604e-02 7.445277273654937744e-02 6.878393888473510742e-02 7.185049355030059814e-02 7.360252737998962402e-02 7.901455461978912354e-02 9.333299100399017334e-02 1.236550062894821167e-01 1.239411085844039917e-01 1.487098485231399536e-01 2.058139890432357788e-01 4.186639785766601562e-01 9.999938607215881348e-01 9.999996423721313477e-01 0.000000000000000000e+00 9.999995231628417969e-01 9.999917745590209961e-01 4.464322924613952637e-01 2.311556190252304077e-01 1.595519036054611206e-01 1.436612159013748169e-01 1.424792855978012085e-01 1.473823189735412598e-01 1.556542217731475830e-01 1.487151384353637695e-01 1.195431798696517944e-01 8.864441514015197754e-02 6.903554499149322510e-02 5.410124361515045166e-02 4.184930026531219482e-02 3.736935555934906006e-02 3.303934633731842041e-02 3.303915262222290039e-02
3.404092788696289062e-02 3.428000211715698242e-02 3.399434685707092285e-02 3.678074479103088379e-02 4.205678403377532959e-02 4.978668689727783203e-02 5.921764671802520752e-02 7.361559569835662842e-02 6.992886960506439209e-02 6.719025969505310059e-02 5.986046791076660156e-02 5.752901732921600342e-02 5.843329429626464844e-02 6.031623482704162598e-02 6.417027115821838379e-02 7.228124141693115234e-02 8.250498771667480469e-02 1.014167666435241699e-01 1.274617463350296021e-01 1.610855609178543091e-01 1.538890600204467773e-01 1.698774546384811401e-01 2.184322029352188110e-01 4.276526868343353271e-01 9.999927878379821777e-01 9.999995231628417969e-01 0.000000000000000000e+00 9.999993443489074707e-01 9.999907016754150391e-01 4.481262862682342529e-01 2.133470028638839722e-01 1.507651209831237793e-01 1.298061758279800415e-01 1.301783919334411621e-01 1.348316818475723267e-01 1.409228593111038208e-01 1.335403919219970703e-01 1.014119982719421387e-01 7.673722505569458008e-02 6.048828363418579102e-02 4.765143990516662598e-02 4.095931351184844971e-02 3.546001017093658447e-02 3.360612690448760986e-02
3.386850655078887939e-02 3.434303402900695801e-02 3.397813439369201660e-02 3.659452497959136963e-02 4.124960303306579590e-02 4.843847453594207764e-02 5.906954407691955566e-02 6.996202468872070312e-02 6.397885084152221680e-02 5.721795558929443359e-02 4.794919490814208984e-02 4.489666223526000977e-02 4.745836555957794189e-02 5.329798161983489990e-02 6.061460077762603760e-02 7.114003598690032959e-02 8.446682989597320557e-02 1.161569654941558838e-01 1.541864126920700073e-01 1.683055013418197632e-01 1.995079517364501953e-01 1.691742241382598877e-01 1.699923425912857056e-01 2.266979068517684937e-01 4.293103218078613281e-01 9.999917745590209961e-01 9.999993443489074707e-01 0.000000000000000000e+00 9.999992251396179199e-01 9.999888539314270020e-01 4.130485057830810547e-01 2.062983214855194092e-01 1.487652808427810669e-01 1.303383111953735352e-01 1.391541212797164917e-01 1.407586038112640381e-01 1.321619600057601929e-01 1.128977537155151367e-01 8.360108733177185059e-02 6.548742949962615967e-02 5.306753516197204590e-02 4.456914961338043213e-02 3.781606256961822510e-02 3.443357348442077637e-02
3.449428081512451172e-02 3.505598008632659912e-02 3.467568755149841309e-02 3.692631423473358154e-02 4.091922938823699951e-02 4.793196916580200195e-02 6.090322136878967285e-02 6.557947397232055664e-02 6.037732958793640137e-02 5.071568489074707031e-02 4.157455265522003174e-02 3.874267637729644775e-02 4.074373841285705566e-02 4.550369083881378174e-02 5.620671808719635010e-02 7.106110453605651855e-02 8.654828369617462158e-02 1.177888512611389160e-01 1.694216430187225342e-01 1.955699771642684937e-01 1.994308531284332275e-01 1.909674257040023804e-01 1.666691005229949951e-01 1.656086444854736328e-01 2.324795275926589966e-01 4.464322924613952637e-01 9.999907016754150391e-01 9.999992251396179199e-01 0.000000000000000000e+00 9.999989271163940430e-01 9.999857544898986816e-01 4.280588924884796143e-01 2.193970531225204468e-01 1.509592831134796143e-01 1.382919549942016602e-01 1.512158662080764771e-01 1.374332606792449951e-01 1.160362213850021362e-01 8.805476129055023193e-02 6.818993389606475830e-02 5.600394308567047119e-02 4.821881651878356934e-02 4.008917510509490967e-02 3.544057905673980713e-02
3.564490377902984619e-02 3.616318106651306152e-02 3.565418720245361328e-02 3.769665956497192383e-02 4.151006042957305908e-02 4.841572046279907227e-02 6.125475466251373291e-02 6.167981028556823730e-02 5.617779493331909180e-02 4.639963805675506592e-02 3.854492306709289551e-02 3.544697165489196777e-02 3.569383919239044189e-02 4.014141857624053955e-02 4.893283545970916748e-02 6.660935282707214355e-02 8.566690981388092041e-02 1.165533959865570068e-01 1.628225296735763550e-01 2.025352418422698975e-01 2.156223058700561523e-01 1.978942006826400757e-01 1.881009638309478760e-01 1.675075292587280273e-01 1.651836335659027100e-01 2.311556190252304077e-01 4.481262862682342529e-01 9.999888539314270020e-01 9.999989271163940430e-01 0.000000000000000000e+00 9.999983310699462891e-01 9.999814033508300781e-01 4.426372647285461426e-01 2.388213276863098145e-01 1.573971211910247803e-01 1.385570168495178223e-01 1.481526046991348267e-01 1.167668551206588745e-01 8.764651417732238770e-02 7.199129462242126465e-02 5.739402770996093750e-02 4.999443888664245605e-02 4.380045831203460693e-02 3.747627139091491699e-02
3.665968775749206543e-02 3.723810613155364990e-02 3.686890006065368652e-02 3.948448598384857178e-02 4.316250979900360107e-02 5.101449787616729736e-02 5.823180079460144043e-02 5.555346608161926270e-02 5.192945897579193115e-02 4.333722591400146484e-02 3.655301034450531006e-02 3.329126536846160889e-02 3.326611220836639404e-02 3.583109378814697266e-02 4.297713935375213623e-02 5.549252033233642578e-02 7.738921046257019043e-02 1.067377179861068726e-01 1.538422256708145142e-01 1.935188919305801392e-01 2.249248325824737549e-01 2.303280234336853027e-01 2.034292221069335938e-01 1.957744807004928589e-01 1.657087206840515137e-01 1.595519036054611206e-01 2.133470028638839722e-01 4.130485057830810547e-01 9.999857544898986816e-01 9.999983310699462891e-01 0.000000000000000000e+00 9.999975562095642090e-01 9.999743700027465820e-01 4.427848756313323975e-01 2.391881048679351807e-01 1.570230871438980103e-01 1.299643218517303467e-01 1.268410384654998779e-01 9.216767549514770508e-02 7.291336357593536377e-02 6.054928898811340332e-02 5.182637274265289307e-02 4.612728953361511230e-02 4.003505408763885498e-02
3.713209927082061768e-02 3.785811364650726318e-02 3.861424326896667480e-02 4.434792697429656982e-02 4.665386676788330078e-02 5.563808977603912354e-02 5.513757467269897461e-02 5.124004185199737549e-02 4.876731336116790771e-02 4.160413146018981934e-02 3.547653555870056152e-02 3.203235566616058350e-02 3.206795454025268555e-02 3.428283333778381348e-02 3.900060057640075684e-02 4.785960912704467773e-02 6.359460949897766113e-02 9.495414793491363525e-02 1.407436132431030273e-01 2.111025601625442505e-01 2.390040904283523560e-01 2.762092947959899902e-01 2.672207355499267578e-01 2.096709609031677246e-01 1.738304644823074341e-01 1.436612159013748169e-01 1.507651209831237793e-01 2.062983214855194092e-01 4.280588924884796143e-01 9.999814033508300781e-01 9.999975562095642090e-01 0.000000000000000000e+00 9.999960660934448242e-01 9.999617934226989746e-01 4.049919247627258301e-01 2.197161167860031128e-01 1.426530480384826660e-01 1.147230863571166992e-01 9.772694110870361328e-02 7.637050747871398926e-02 6.067766249179840088e-02 5.221265554428100586e-02 4.794839024543762207e-02 4.168999195098876953e-02
3.713397681713104248e-02 3.835247457027435303e-02 4.089896380901336670e-02 4.978215694427490234e-02 5.038852989673614502e-02 5.858662724494934082e-02 5.382844805717468262e-02 4.990552365779876709e-02 4.736992716789245605e-02 4.133057594299316406e-02 3.525646030902862549e-02 3.167362511157989502e-02 3.154930472373962402e-02 3.349754214286804199e-02 3.781835734844207764e-02 4.384210705757141113e-02 5.665984749794006348e-02 7.917572557926177979e-02 1.301026642322540283e-01 2.201411575078964233e-01 2.875349521636962891e-01 2.996152043342590332e-01 3.012617230415344238e-01 2.454890608787536621e-01 1.778458505868911743e-01 1.424792855978012085e-01 1.298061758279800415e-01 1.487652808427810669e-01 2.193970531225204468e-01 4.426372647285461426e-01 9.999743700027465820e-01 9.999960660934448242e-01 0.000000000000000000e+00 9.999936223030090332e-01 9.999439716339111328e-01 3.342805206775665283e-01 1.919736415147781372e-01 1.252565979957580566e-01 9.674611687660217285e-02 7.805497944355010986e-02 6.258024275302886963e-02 5.196899175643920898e-02 4.802209138870239258e-02 4.286313056945800781e-02
3.730301558971405029e-02 3.896689414978027344e-02 4.279524087905883789e-02 5.186454951763153076e-02 5.296878516674041748e-02 5.803008377552032471e-02 5.175517499446868896e-02 4.932029545307159424e-02 4.726600646972656250e-02 4.246331751346588135e-02 3.555411100387573242e-02 3.231419622898101807e-02 3.201024234294891357e-02 3.351704776287078857e-02 3.756421804428100586e-02 4.454736411571502686e-02 5.583584308624267578e-02 7.287847995758056641e-02 1.071149557828903198e-01 2.037796080112457275e-01 2.898316979408264160e-01 3.192733526229858398e-01 3.029264807701110840e-01 2.721087336540222168e-01 2.024516910314559937e-01 1.473823189735412598e-01 1.301783919334411621e-01 1.303383111953735352e-01 1.509592831134796143e-01 2.388213276863098145e-01 4.427848756313323975e-01 9.999617934226989746e-01 9.999936223030090332e-01 0.000000000000000000e+00 9.999907612800598145e-01 9.999239444732666016e-01 2.756695747375488281e-01 1.628453433513641357e-01 1.112579703330993652e-01 7.877774536609649658e-02 6.033164262771606445e-02 5.267351865768432617e-02 4.589892923831939697e-02 4.323960840702056885e-02
3.771135210990905762e-02 3.965280950069427490e-02 4.220765829086303711e-02 5.039592087268829346e-02 5.309627950191497803e-02 5.412991344928741455e-02 5.032244324684143066e-02 4.988467693328857422e-02 4.921570420265197754e-02 4.471826553344726562e-02 3.743554651737213135e-02 3.362095355987548828e-02 3.299869596958160400e-02 3.493610024452209473e-02 3.999449312686920166e-02 4.778593778610229492e-02 5.630798637866973877e-02 7.112741470336914062e-02 1.092657744884490967e-01 1.766809225082397461e-01 2.569336891174316406e-01 2.962266504764556885e-01 2.749398350715637207e-01 2.645050287246704102e-01 2.189792692661285400e-01 1.556542217731475830e-01 1.348316818475723267e-01 1.391541212797164917e-01 1.382919549942016602e-01 1.573971211910247803e-01 2.391881048679351807e-01 4.049919247627258301e-01 9.999439716339111328e-01 9.999907612800598145e-01 0.000000000000000000e+00 9.999880790710449219e-01 9.998925328254699707e-01 2.301516532897949219e-01 1.432619988918304443e-01 9.715348482131958008e-02 6.072263419628143311e-02 4.960967600345611572e-02 4.373313486576080322e-02 4.005353152751922607e-02
3.793884813785552979e-02 3.938582539558410645e-02 4.044575989246368408e-02 4.524666070938110352e-02 5.015781521797180176e-02 5.316540598869323730e-02 5.250363051891326904e-02 5.350825190544128418e-02 5.281321704387664795e-02 4.887138307094573975e-02 4.089133441448211670e-02 3.515923023223876953e-02 3.457869589328765869e-02 3.779792785644531250e-02 4.327465593814849854e-02 4.994092881679534912e-02 6.015792489051818848e-02 8.632682263851165771e-02 1.189436763525009155e-01 1.460527926683425903e-01 1.750321239233016968e-01 1.788420081138610840e-01 1.993889659643173218e-01 2.308481037616729736e-01 1.473375707864761353e-01 1.487151384353637695e-01 1.409228593111038208e-01 1.407586038112640381e-01 1.512158662080764771e-01 1.385570168495178223e-01 1.570230871438980103e-01 2.197161167860031128e-01 3.342805206775665283e-01 9.999239444732666016e-01 9.999880790710449219e-01 0.000000000000000000e+00 9.999812841415405273e-01 9.998054504394531250e-01 1.974121779203414917e-01 1.306188553571701050e-01 7.809074223041534424e-02 4.927863180637359619e-02 4.185675084590911865e-02 3.748969733715057373e-02
