0.000000000000000000e+00 9.972629547119140625e-01 9.966548681259155273e-01 1.327189356088638306e-01 1.180479377508163452e-01 8.816899359226226807e-02 5.622708797454833984e-02 4.570768773555755615e-02 4.105883836746215820e-02 4.040460288524627686e-02 4.505915939807891846e-02 5.004361271858215332e-02 5.523064732551574707e-02 6.112149357795715332e-02 6.691879034042358398e-02 6.731328368186950684e-02 6.598085165023803711e-02 6.407321989536285400e-02 5.958859622478485107e-02 5.158895254135131836e-02 4.280661046504974365e-02 3.909727931022644043e-02 3.952457010746002197e-02 4.197226464748382568e-02 4.428727924823760986e-02 4.500405490398406982e-02 4.372462630271911621e-02 4.209394752979278564e-02 4.044492542743682861e-02 3.929567337036132812e-02 3.908358514308929443e-02 4.044774174690246582e-02 4.280009865760803223e-02 4.576723277568817139e-02 4.819262027740478516e-02 4.771661758422851562e-02 4.598788917064666748e-02 4.251778125762939453e-02 3.919933736324310303e-02 3.663673996925354004e-02 3.520114719867706299e-02 3.479936718940734863e-02 3.348200023174285889e-02 3.262388706207275391e-02 3.312869369983673096e-02 3.591141104698181152e-02 4.000151157379150391e-02 4.642267525196075439e-02 5.013394355773925781e-02 4.874181747436523438e-02 4.475580155849456787e-02 4.151622951030731201e-02 3.666824102401733398e-02 3.542704880237579346e-02 3.635865449905395508e-02 3.780376911163330078e-02 3.796744346618652344e-02 3.939761221408843994e-02 4.073087871074676514e-02 4.217338562011718750e-02 4.928454756736755371e-02 6.054325401782989502e-02 1.040393561124801636e-01 2.087003886699676514e-01 3.254874646663665771e-01 2.270779609680175781e-01 6.710046529769897461e-02 8.046950399875640869e-02 6.774295568466186523e-01 8.036375641822814941e-01 7.553018331527709961e-01 6.977044939994812012e-01 3.880867660045623779e-01 5.160957574844360352e-02 4.201640188694000244e-02
9.972629547119140625e-01 0.000000000000000000e+00 9.988773465156555176e-01 9.985519647598266602e-01 1.342997252941131592e-01 1.037802249193191528e-01 6.462673842906951904e-02 4.067651927471160889e-02 3.952389955520629883e-02 4.074394702911376953e-02 4.424820840358734131e-02 5.467012524604797363e-02 6.324753165245056152e-02 7.072179019451141357e-02 7.652720808982849121e-02 7.441817224025726318e-02 7.091823220252990723e-02 6.544694304466247559e-02 5.617490410804748535e-02 4.399341344833374023e-02 3.611871600151062012e-02 3.370660543441772461e-02 3.580743074417114258e-02 4.063667356967926025e-02 4.478648304939270020e-02 4.743939638137817383e-02 4.648762941360473633e-02 4.098571836948394775e-02 3.954419493675231934e-02 3.860092163085937500e-02 3.739406168460845947e-02 3.772445023059844971e-02 3.966753184795379639e-02 4.182951152324676514e-02 4.368214309215545654e-02 4.432402551174163818e-02 4.393428564071655273e-02 4.198198020458221436e-02 3.977620601654052734e-02 3.692021965980529785e-02 3.610426187515258789e-02 3.739553689956665039e-02 3.634801506996154785e-02 3.450655937194824219e-02 3.743883967399597168e-02 4.024897515773773193e-02 4.451754689216613770e-02 5.020815134048461914e-02 5.569928884506225586e-02 5.514590442180633545e-02 4.705132544040679932e-02 4.215322434902191162e-02 3.688830137252807617e-02 3.413361310958862305e-02 3.317625820636749268e-02 3.456647694110870361e-02 3.632721304893493652e-02 3.863272070884704590e-02 4.020014405250549316e-02 4.218077659606933594e-02 5.375233292579650879e-02 7.574385404586791992e-02 1.765709668397903442e-01 3.354139626026153564e-01 2.441022098064422607e-01 6.403531134128570557e-02 7.374760508537292480e-02 6.415653228759765625e-01 7.642592787742614746e-01 7.019494771957397461e-01 7.021242380142211914e-01 6.119992733001708984e-01 6.513950228691101074e-02 4.813672602176666260e-02 4.121001064777374268e-02
9.966548681259155273e-01 9.988773465156555176e-01 0.000000000000000000e+00 9.993038773536682129e-01 9.975244998931884766e-01 1.314390152692794800e-01 9.167572855949401855e-02 5.415232479572296143e-02 4.000385105609893799e-02 4.432193934917449951e-02 4.906360805034637451e-02 5.874432623386383057e-02 7.976874709129333496e-02 8.956567943096160889e-02 9.211418032646179199e-02 9.062728285789489746e-02 7.931657135486602783e-02 6.522317230701446533e-02 5.185800790786743164e-02 4.030576348304748535e-02 3.331184387207031250e-02 3.177320957183837891e-02 3.422547876834869385e-02 3.964048624038696289e-02 4.380807280540466309e-02 4.605159163475036621e-02 4.547256231307983398e-02 4.273392260074615479e-02 3.932273387908935547e-02 3.846979141235351562e-02 3.800886869430541992e-02 3.776447474956512451e-02 3.909489512443542480e-02 4.150661826133728027e-02 4.348163306713104248e-02 4.540464282035827637e-02 4.598006606101989746e-02 4.440374672412872314e-02 4.279486835002899170e-02 4.129990935325622559e-02 3.975726664066314697e-02 4.118852317333221436e-02 4.432004690170288086e-02 4.978302121162414551e-02 5.532671511173248291e-02 5.336751043796539307e-02 5.327613651752471924e-02 5.871194601058959961e-02 6.310282647609710693e-02 5.336023867130279541e-02 4.916527867317199707e-02 4.473818838596343994e-02 3.941670060157775879e-02 3.319370746612548828e-02 3.242023289203643799e-02 3.451469540596008301e-02 3.733718395233154297e-02 4.269126057624816895e-02 4.538685083389282227e-02 4.876297712326049805e-02 5.921275913715362549e-02 1.041777729988098145e-01 2.848190069198608398e-01 2.994570732116699219e-01 7.604078948497772217e-02 7.986924052238464355e-02 7.154839038848876953e-01 6.783467531204223633e-01 6.361207365989685059e-01 6.735438108444213867e-01 7.285832166671752930e-01 7.618282735347747803e-02 5.536240339279174805e-02 4.879991710186004639e-02 4.422897100448608398e-02
1.327189356088638306e-01 9.985519647598266602e-01 9.993038773536682129e-01 0.000000000000000000e+00 9.993593692779541016e-01 9.987030029296875000e-01 1.347668617963790894e-01 8.951519429683685303e-02 5.778574943542480469e-02 5.040107667446136475e-02 6.097789108753204346e-02 7.126346230506896973e-02 9.754675626754760742e-02 1.226664334535598755e-01 1.217940598726272583e-01 1.119131594896316528e-01 9.248858690261840820e-02 7.440906763076782227e-02 6.026522815227508545e-02 4.752874374389648438e-02 3.669053316116333008e-02 3.422488272190093994e-02 3.873741626739501953e-02 4.510714113712310791e-02 5.029056966304779053e-02 5.226653814315795898e-02 4.983976483345031738e-02 4.507827758789062500e-02 4.188175499439239502e-02 4.049701988697052002e-02 3.956496715545654297e-02 3.987473249435424805e-02 4.056298732757568359e-02 4.268229007720947266e-02 4.460883140563964844e-02 4.679863154888153076e-02 4.894606769084930420e-02 4.880698025226593018e-02 5.159509181976318359e-02 5.052208900451660156e-02 4.642662405967712402e-02 4.520367085933685303e-02 4.966175556182861328e-02 6.930923461914062500e-02 7.968151569366455078e-02 6.605812907218933105e-02 7.280254364013671875e-02 7.660917937755584717e-02 7.495486736297607422e-02 6.690046191215515137e-02 6.283047795295715332e-02 5.513964593410491943e-02 4.662150144577026367e-02 3.797970712184906006e-02 3.512142598628997803e-02 3.686797618865966797e-02 4.184776544570922852e-02 4.924343526363372803e-02 5.970719456672668457e-02 6.819333136081695557e-02 9.558580815792083740e-02 2.057448476552963257e-01 2.346142977476119995e-01 9.839798510074615479e-02 9.633222222328186035e-02 7.765477895736694336e-01 7.267795801162719727e-01 6.705254316329956055e-01 6.810702681541442871e-01 7.530431747436523438e-01 7.419566810131072998e-02 6.010653078556060791e-02 5.954742431640625000e-02 5.508355796337127686e-02 4.725274443626403809e-02
1.180479377508163452e-01 1.342997252941131592e-01 9.975244998931884766e-01 9.993593692779541016e-01 0.000000000000000000e+00 9.997029304504394531e-01 9.993504285812377930e-01 1.482473611831665039e-01 9.269705414772033691e-02 7.414340972900390625e-02 7.736872136592864990e-02 9.649708867073059082e-02 1.206137835979461670e-01 1.856793016195297241e-01 1.945367008447647095e-01 1.425448954105377197e-01 1.069256961345672607e-01 8.818595111370086670e-02 6.856505572795867920e-02 4.984045028686523438e-02 4.091049730777740479e-02 4.114796221256256104e-02 4.636357724666595459e-02 5.280539393424987793e-02 5.957746505737304688e-02 6.434109807014465332e-02 6.162895262241363525e-02 5.454048514366149902e-02 5.016317963600158691e-02 4.504054784774780273e-02 4.097248613834381104e-02 3.957088291645050049e-02 4.020009934902191162e-02 4.245121777057647705e-02 4.551303386688232422e-02 4.860644042491912842e-02 5.102060735225677490e-02 5.070258677005767822e-02 5.671878159046173096e-02 5.865933001041412354e-02 5.547171831130981445e-02 5.518369376659393311e-02 6.191219389438629150e-02 9.320141375064849854e-02 1.131281703710556030e-01 1.338239461183547974e-01 1.845563501119613647e-01 1.561778932809829712e-01 1.152977198362350464e-01 8.313275873661041260e-02 6.595556437969207764e-02 5.594642460346221924e-02 4.573804140090942383e-02 3.956373035907745361e-02 3.816151618957519531e-02 4.114751517772674561e-02 4.634192585945129395e-02 5.934059619903564453e-02 8.308409154415130615e-02 1.048526763916015625e-01 1.471314728260040283e-01 1.847804933786392212e-01 1.243219226598739624e-01 1.328372657299041748e-01 7.766019701957702637e-01 7.678368091583251953e-01 6.969774961471557617e-01 6.831664443016052246e-01 7.076525092124938965e-01 6.282353401184082031e-02 4.675297439098358154e-02 4.893995821475982666e-02 5.404527485370635986e-02 5.075798928737640381e-02 4.613645374774932861e-02
8.816899359226226807e-02 1.037802249193191528e-01 1.314390152692794800e-01 9.987030029296875000e-01 9.997029304504394531e-01 0.000000000000000000e+00 9.998912811279296875e-01 9.997119307518005371e-01 1.749304234981536865e-01 1.117498725652694702e-01 1.039864271879196167e-01 1.360119730234146118e-01 3.631458282470703125e-01 5.710501670837402344e-01 3.680232167243957520e-01 2.252180278301239014e-01 1.399693638086318970e-01 1.049570143222808838e-01 9.359805285930633545e-02 9.097602963447570801e-02 7.757255434989929199e-02 7.164262235164642334e-02 6.348915398120880127e-02 6.760255992412567139e-02 8.198119699954986572e-02 8.976350724697113037e-02 7.945281267166137695e-02 7.166729867458343506e-02 6.402955949306488037e-02 5.312286317348480225e-02 4.442484676837921143e-02 4.075872898101806641e-02 4.210393130779266357e-02 4.607029259204864502e-02 5.402089655399322510e-02 5.899183452129364014e-02 5.506852269172668457e-02 5.125567317008972168e-02 5.598543584346771240e-02 6.581984460353851318e-02 7.136616110801696777e-02 8.412665128707885742e-02 1.158307343721389771e-01 1.653444468975067139e-01 2.561451494693756104e-01 4.649313986301422119e-01 5.928872823715209961e-01 5.761907100677490234e-01 3.193082511425018311e-01 1.203190237283706665e-01 8.737023174762725830e-02 6.863160431385040283e-02 5.615061521530151367e-02 4.756410419940948486e-02 4.540517926216125488e-02 4.784835875034332275e-02 6.035654246807098389e-02 9.465812146663665771e-02 1.497200727462768555e-01 1.911788284778594971e-01 1.802181750535964966e-01 1.584872454404830933e-01 1.854626685380935669e-01 6.518424749374389648e-01 8.031102418899536133e-01 7.461603879928588867e-01 6.958889961242675781e-01 7.301659584045410156e-01 6.246240437030792236e-02 4.309071600437164307e-02 4.618331789970397949e-02 4.883396625518798828e-02 4.481756687164306641e-02 5.065354704856872559e-02 4.662021994590759277e-02
5.622708797454833984e-02 6.462673842906951904e-02 9.167572855949401855e-02 1.347668617963790894e-01 9.993504285812377930e-01 9.998912811279296875e-01 0.000000000000000000e+00 9.999656081199645996e-01 9.998734593391418457e-01 2.782123684883117676e-01 1.940297037363052368e-01 3.569461405277252197e-01 7.126700282096862793e-01 7.861600518226623535e-01 6.371517777442932129e-01 2.558390200138092041e-01 1.143624633550643921e-01 1.063853204250335693e-01 1.200504899024963379e-01 1.554567068815231323e-01 2.265812754631042480e-01 2.231858670711517334e-01 9.663711488246917725e-02 1.059967726469039917e-01 1.475508064031600952e-01 1.474133580923080444e-01 1.141557246446609497e-01 8.997438848018646240e-02 7.379998266696929932e-02 5.839771032333374023e-02 4.790326952934265137e-02 4.426452517509460449e-02 4.637619853019714355e-02 5.764462053775787354e-02 6.708920001983642578e-02 6.460450589656829834e-02 5.280956625938415527e-02 4.711274802684783936e-02 5.478310585021972656e-02 8.402025699615478516e-02 1.326576322317123413e-01 1.630543321371078491e-01 1.869543194770812988e-01 2.726639509201049805e-01 4.742882847785949707e-01 6.385681629180908203e-01 8.125514984130859375e-01 7.487568855285644531e-01 4.482302665710449219e-01 1.765291243791580200e-01 1.259060800075531006e-01 9.838780760765075684e-02 7.798528671264648438e-02 6.764838099479675293e-02 6.267131865024566650e-02 6.120242178440093994e-02 8.103698492050170898e-02 1.542450487613677979e-01 2.118689566850662231e-01 2.011588215827941895e-01 1.728920191526412964e-01 1.996811479330062866e-01 3.669535219669342041e-01 4.848307371139526367e-01 5.961374044418334961e-01 6.023396849632263184e-01 6.035910844802856445e-01 6.971554458141326904e-02 4.436720907688140869e-02 4.256704449653625488e-02 4.480271041393280029e-02 4.276795685291290283e-02 4.135450720787048340e-02 4.309415817260742188e-02 4.492045938968658447e-02
4.570768773555755615e-02 4.067651927471160889e-02 5.415232479572296143e-02 8.951519429683685303e-02 1.482473611831665039e-01 9.997119307518005371e-01 9.999656081199645996e-01 0.000000000000000000e+00 9.999873638153076172e-01 9.999133348464965820e-01 7.512692213058471680e-01 6.906837224960327148e-01 6.661427021026611328e-01 7.480692863464355469e-01 4.480489790439605713e-01 1.115933507680892944e-01 8.147065341472625732e-02 1.196048855781555176e-01 2.509553432464599609e-01 4.629509747028350830e-01 5.450384616851806641e-01 5.402691364288330078e-01 3.203160762786865234e-01 3.400955796241760254e-01 2.945661544799804688e-01 2.439506351947784424e-01 1.740773618221282959e-01 1.112954616546630859e-01 8.150473237037658691e-02 6.380742788314819336e-02 5.306674540042877197e-02 4.915085434913635254e-02 5.770376324653625488e-02 6.926548480987548828e-02 6.802934408187866211e-02 5.484552681446075439e-02 4.508861899375915527e-02 4.249364137649536133e-02 5.272954702377319336e-02 9.308153390884399414e-02 1.723545640707015991e-01 2.331755757331848145e-01 3.152912855148315430e-01 5.484583973884582520e-01 6.281075477600097656e-01 7.395357489585876465e-01 7.862254381179809570e-01 7.217751741409301758e-01 2.337623238563537598e-01 1.553090661764144897e-01 1.311575472354888916e-01 1.231299638748168945e-01 9.441134333610534668e-02 8.681093156337738037e-02 7.730329036712646484e-02 7.235591113567352295e-02 9.612043201923370361e-02 1.679017543792724609e-01 1.850120574235916138e-01 1.681970059871673584e-01 1.646369248628616333e-01 1.760085970163345337e-01 1.924502402544021606e-01 2.418948262929916382e-01 3.251681327819824219e-01 3.518382906913757324e-01 8.596925437450408936e-02 5.435855686664581299e-02 4.355645179748535156e-02 4.335537552833557129e-02 4.149377346038818359e-02 3.979052603244781494e-02 3.839720785617828369e-02 3.723551332950592041e-02 3.748112916946411133e-02
4.105883836746215820e-02 3.952389955520629883e-02 4.000385105609893799e-02 5.778574943542480469e-02 9.269705414772033691e-02 1.749304234981536865e-01 9.998734593391418457e-01 9.999873638153076172e-01 0.000000000000000000e+00 9.999936819076538086e-01 9.999235868453979492e-01 8.795865774154663086e-01 5.913720130920410156e-01 5.000802874565124512e-01 1.084321886301040649e-01 7.670490443706512451e-02 6.313754618167877197e-02 7.621051371097564697e-02 2.808334529399871826e-01 5.063234567642211914e-01 6.737412214279174805e-01 8.532461524009704590e-01 8.760250806808471680e-01 8.130714297294616699e-01 6.895055174827575684e-01 4.989562630653381348e-01 3.210548162460327148e-01 1.551865488290786743e-01 9.539349377155303955e-02 7.216344773769378662e-02 6.058983504772186279e-02 5.921311676502227783e-02 6.591984629631042480e-02 6.574520468711853027e-02 5.831640958786010742e-02 4.855304956436157227e-02 4.096464812755584717e-02 3.973679244518280029e-02 4.533141851425170898e-02 6.857003271579742432e-02 1.384866386651992798e-01 2.628969550132751465e-01 5.293954014778137207e-01 7.304040789604187012e-01 7.105599641799926758e-01 7.344929575920104980e-01 7.485263347625732422e-01 3.360765576362609863e-01 1.385792791843414307e-01 9.626731276512145996e-02 8.535265922546386719e-02 8.791759610176086426e-02 9.479714930057525635e-02 8.055348694324493408e-02 6.959015130996704102e-02 6.663833558559417725e-02 8.727359771728515625e-02 1.212714016437530518e-01 1.329858750104904175e-01 1.327284425497055054e-01 1.308584362268447876e-01 1.307957768440246582e-01 1.413443833589553833e-01 1.457514166831970215e-01 2.042435109615325928e-01 1.127556562423706055e-01 7.953205704689025879e-02 5.668789148330688477e-02 4.744829237461090088e-02 4.033115506172180176e-02 3.905963897705078125e-02 3.716243803501129150e-02 3.646650910377502441e-02 3.324143588542938232e-02 3.414516150951385498e-02
4.040460288524627686e-02 4.074394702911376953e-02 4.432193934917449951e-02 5.040107667446136475e-02 7.414340972900390625e-02 1.117498725652694702e-01 2.782123684883117676e-01 9.999133348464965820e-01 9.999936819076538086e-01 0.000000000000000000e+00 9.999951124191284180e-01 9.999043941497802734e-01 3.691145777702331543e-01 1.384586840867996216e-01 9.522542357444763184e-02 5.918933451175689697e-02 5.363738536834716797e-02 6.531454622745513916e-02 1.143851876258850098e-01 2.160308063030242920e-01 2.840432524681091309e-01 9.153592586517333984e-01 9.262701869010925293e-01 8.872760534286499023e-01 8.496547937393188477e-01 6.816264390945434570e-01 2.224929928779602051e-01 1.527250111103057861e-01 9.919857978820800781e-02 7.334707677364349365e-02 6.331196427345275879e-02 6.006234884262084961e-02 5.839081108570098877e-02 5.355755984783172607e-02 4.899114370346069336e-02 4.397937655448913574e-02 3.938736021518707275e-02 3.788363933563232422e-02 4.045452177524566650e-02 4.909415543079376221e-02 7.725894451141357422e-02 1.875723302364349365e-01 5.356532335281372070e-01 7.633082270622253418e-01 6.897576451301574707e-01 6.560987830162048340e-01 2.134214192628860474e-01 1.226249188184738159e-01 7.931132614612579346e-02 7.100169360637664795e-02 6.751976907253265381e-02 6.310446560382843018e-02 6.443394720554351807e-02 6.655898690223693848e-02 6.329785287380218506e-02 6.090089678764343262e-02 6.691642105579376221e-02 7.841573655605316162e-02 8.539648354053497314e-02 8.479261398315429688e-02 8.958417177200317383e-02 9.723100066184997559e-02 9.589163959026336670e-02 9.675301611423492432e-02 1.099026501178741455e-01 9.609712660312652588e-02 8.230471611022949219e-02 6.208933889865875244e-02 4.604266583919525146e-02 4.110404849052429199e-02 3.680300712585449219e-02 3.442533314228057861e-02 3.262652456760406494e-02 3.017589449882507324e-02 3.075198829174041748e-02
4.505915939807891846e-02 4.424820840358734131e-02 4.906360805034637451e-02 6.097789108753204346e-02 7.736872136592864990e-02 1.039864271879196167e-01 1.940297037363052368e-01 7.512692213058471680e-01 9.999235868453979492e-01 9.999951124191284180e-01 0.000000000000000000e+00 9.999938011169433594e-01 9.998674392700195312e-01 2.682728171348571777e-01 1.082343459129333496e-01 7.547624409198760986e-02 6.436499953269958496e-02 8.083194494247436523e-02 9.938803315162658691e-02 1.275867372751235962e-01 7.641268968582153320e-01 9.147787094116210938e-01 9.232162237167358398e-01 9.134023189544677734e-01 8.580394983291625977e-01 1.429521739482879639e-01 1.541861295700073242e-01 1.350886076688766479e-01 9.061808884143829346e-02 6.798729300498962402e-02 5.591727793216705322e-02 4.932542145252227783e-02 4.690131545066833496e-02 4.496520757675170898e-02 4.361510276794433594e-02 4.041616618633270264e-02 3.724960982799530029e-02 3.530471026897430420e-02 3.768275678157806396e-02 4.305641353130340576e-02 6.218540668487548828e-02 1.007635742425918579e-01 3.279905915260314941e-01 6.770821213722229004e-01 6.240397691726684570e-01 2.870059609413146973e-01 1.400596499443054199e-01 8.528901636600494385e-02 5.877195298671722412e-02 5.133372545242309570e-02 4.936945438385009766e-02 4.783876240253448486e-02 4.903610050678253174e-02 5.424758791923522949e-02 6.053432822227478027e-02 6.366311013698577881e-02 6.412200629711151123e-02 6.376686692237854004e-02 6.456448137760162354e-02 6.494407355785369873e-02 6.248193979263305664e-02 6.155188381671905518e-02 6.493453681468963623e-02 7.418528199195861816e-02 8.556582033634185791e-02 8.908580243587493896e-02 8.171714842319488525e-02 6.222060322761535645e-02 4.815776646137237549e-02 3.895479440689086914e-02 3.235487639904022217e-02 2.968618273735046387e-02 2.942223846912384033e-02 2.777776122093200684e-02 2.933862805366516113e-02
5.004361271858215332e-02 5.467012524604797363e-02 5.874432623386383057e-02 7.126346230506896973e-02 9.649708867073059082e-02 1.360119730234146118e-01 3.569461405277252197e-01 6.906837224960327148e-01 8.795865774154663086e-01 9.999043941497802734e-01 9.999938011169433594e-01 0.000000000000000000e+00 9.999890327453613281e-01 9.997936487197875977e-01 3.394305706024169922e-01 1.135980337858200073e-01 1.010243594646453857e-01 1.032959371805191040e-01 1.317874938249588013e-01 3.885703682899475098e-01 8.490815162658691406e-01 9.060895442962646484e-01 9.289250373840332031e-01 9.266771674156188965e-01 1.567036062479019165e-01 1.481009572744369507e-01 1.309709250926971436e-01 1.128091067075729370e-01 6.975664198398590088e-02 5.162163078784942627e-02 4.513321816921234131e-02 4.132649302482604980e-02 3.986717760562896729e-02 3.922985494136810303e-02 3.775429725646972656e-02 3.605489432811737061e-02 3.415858745574951172e-02 3.381580114364624023e-02 3.656992316246032715e-02 3.922323882579803467e-02 5.351682007312774658e-02 7.970063388347625732e-02 1.563022136688232422e-01 4.260110259056091309e-01 4.293763041496276855e-01 2.237465679645538330e-01 1.571831107139587402e-01 8.806528151035308838e-02 5.366934835910797119e-02 4.536536335945129395e-02 4.064494371414184570e-02 3.807200491428375244e-02 4.021364450454711914e-02 4.956890642642974854e-02 6.435276567935943604e-02 7.443249225616455078e-02 8.554570376873016357e-02 7.734511792659759521e-02 7.004979252815246582e-02 6.688489019870758057e-02 5.686314404010772705e-02 5.394817888736724854e-02 5.559378862380981445e-02 5.899557471275329590e-02 6.571845710277557373e-02 7.125769555568695068e-02 7.114872336387634277e-02 5.520254373550415039e-02 4.565934836864471436e-02 3.480020165443420410e-02 2.885730564594268799e-02 2.677311003208160400e-02 2.756507694721221924e-02 2.680353820323944092e-02 2.963893115520477295e-02
5.523064732551574707e-02 6.324753165245056152e-02 7.976874709129333496e-02 9.754675626754760742e-02 1.206137835979461670e-01 3.631458282470703125e-01 7.126700282096862793e-01 6.661427021026611328e-01 5.913720130920410156e-01 3.691145777702331543e-01 9.998674392700195312e-01 9.999890327453613281e-01 0.000000000000000000e+00 9.999879598617553711e-01 9.998283386230468750e-01 3.950914740562438965e-01 1.672568470239639282e-01 1.640301346778869629e-01 2.898226976394653320e-01 6.332584023475646973e-01 8.378788232803344727e-01 8.952097892761230469e-01 9.131687283515930176e-01 8.629798889160156250e-02 1.162474900484085083e-01 1.104678809642791748e-01 9.920300543308258057e-02 8.054889738559722900e-02 5.240359902381896973e-02 3.963766992092132568e-02 3.335678577423095703e-02 3.190806508064270020e-02 3.264713287353515625e-02 3.357784450054168701e-02 3.386065363883972168e-02 3.387515246868133545e-02 3.244063258171081543e-02 3.350624442100524902e-02 3.620019555091857910e-02 3.861878812313079834e-02 4.513627290725708008e-02 6.674143671989440918e-02 9.769977629184722900e-02 2.236721813678741455e-01 2.779541313648223877e-01 2.436220496892929077e-01 1.983033120632171631e-01 1.103611588478088379e-01 5.837659537792205811e-02 4.249253869056701660e-02 3.329516947269439697e-02 3.091284632682800293e-02 3.387150168418884277e-02 4.486306011676788330e-02 6.231190264225006104e-02 8.633907139301300049e-02 1.278015524148941040e-01 1.571841388940811157e-01 1.131972074508666992e-01 8.929735422134399414e-02 6.792587041854858398e-02 5.611848831176757812e-02 5.202606320381164551e-02 5.333743989467620850e-02 5.626915395259857178e-02 5.996091663837432861e-02 6.031687557697296143e-02 4.779329895973205566e-02 3.895166516304016113e-02 3.106091916561126709e-02 2.732154726982116699e-02 2.586883306503295898e-02 2.696889638900756836e-02 2.685581147670745850e-02 3.045763075351715088e-02
6.112149357795715332e-02 7.072179019451141357e-02 8.956567943096160889e-02 1.226664334535598755e-01 1.856793016195297241e-01 5.710501670837402344e-01 7.861600518226623535e-01 7.480692863464355469e-01 5.000802874565124512e-01 1.384586840867996216e-01 2.682728171348571777e-01 9.997936487197875977e-01 9.999879598617553711e-01 0.000000000000000000e+00 9.999922513961791992e-01 9.999043345451354980e-01 5.404376983642578125e-01 3.055553734302520752e-01 3.990358710289001465e-01 6.696897149085998535e-01 8.494073152542114258e-01 8.315529823303222656e-01 1.032334417104721069e-01 1.090066879987716675e-01 9.783682227134704590e-02 7.654263079166412354e-02 6.689323484897613525e-02 5.991820991039276123e-02 3.960433602333068848e-02 3.014394640922546387e-02 2.688828110694885254e-02 2.617937326431274414e-02 2.683699131011962891e-02 2.870184183120727539e-02 3.067636489868164062e-02 3.190554678440093994e-02 3.173282742500305176e-02 3.313796222209930420e-02 3.544455766677856445e-02 3.843264281749725342e-02 4.311378300189971924e-02 5.317263305187225342e-02 7.199843227863311768e-02 1.332893669605255127e-01 2.163840234279632568e-01 2.529988288879394531e-01 2.728972434997558594e-01 1.555281430482864380e-01 6.696376204490661621e-02 4.540495574474334717e-02 3.726613521575927734e-02 3.447376191616058350e-02 3.674021363258361816e-02 4.844319820404052734e-02 6.913886964321136475e-02 1.167288720607757568e-01 2.614621520042419434e-01 5.531169176101684570e-01 3.333806395530700684e-01 1.353800594806671143e-01 8.968895673751831055e-02 6.485201418399810791e-02 5.648921430110931396e-02 5.352684855461120605e-02 5.395431816577911377e-02 5.649308860301971436e-02 5.518834292888641357e-02 4.224959015846252441e-02 3.470809757709503174e-02 2.968424558639526367e-02 2.654066681861877441e-02 2.563853561878204346e-02 2.687661349773406982e-02 2.753834426403045654e-02 3.084807097911834717e-02
6.691879034042358398e-02 7.652720808982849121e-02 9.211418032646179199e-02 1.217940598726272583e-01 1.945367008447647095e-01 3.680232167243957520e-01 6.371517777442932129e-01 4.480489790439605713e-01 1.084321886301040649e-01 9.522542357444763184e-02 1.082343459129333496e-01 3.394305706024169922e-01 9.998283386230468750e-01 9.999922513961791992e-01 0.000000000000000000e+00 9.999971389770507812e-01 9.999297857284545898e-01 8.036462068557739258e-01 4.179531335830688477e-01 5.732579231262207031e-01 6.380025148391723633e-01 1.157595515251159668e-01 1.055608093738555908e-01 1.048556864261627197e-01 8.293399214744567871e-02 6.846758723258972168e-02 5.994531512260437012e-02 4.698942601680755615e-02 3.381401300430297852e-02 2.714216709136962891e-02 2.421709895133972168e-02 2.373632788658142090e-02 2.493438124656677246e-02 2.673105895519256592e-02 2.878223359584808350e-02 3.075084090232849121e-02 3.188045322895050049e-02 3.251396119594573975e-02 3.403267264366149902e-02 3.756107389926910400e-02 4.163412749767303467e-02 4.875677824020385742e-02 5.984927713871002197e-02 9.086374938488006592e-02 1.857336461544036865e-01 2.123270034790039062e-01 2.375768274068832397e-01 1.505914330482482910e-01 7.074542343616485596e-02 5.059130489826202393e-02 5.118630826473236084e-02 5.181628465652465820e-02 5.333152413368225098e-02 6.326922774314880371e-02 9.408859908580780029e-02 1.834759712219238281e-01 4.193798601627349854e-01 7.269833087921142578e-01 6.265776753425598145e-01 2.634127140045166016e-01 1.320695430040359497e-01 8.046424388885498047e-02 6.255064904689788818e-02 5.536450445652008057e-02 5.077233910560607910e-02 5.165976285934448242e-02 4.838079214096069336e-02 3.832030296325683594e-02 3.239849209785461426e-02 2.952718734741210938e-02 2.668651938438415527e-02 2.609364688396453857e-02 2.744129300117492676e-02 2.798750996589660645e-02 3.064575791358947754e-02
6.731328368186950684e-02 7.441817224025726318e-02 9.062728285789489746e-02 1.119131594896316528e-01 1.425448954105377197e-01 2.252180278301239014e-01 2.558390200138092041e-01 1.115933507680892944e-01 7.670490443706512451e-02 5.918933451175689697e-02 7.547624409198760986e-02 1.135980337858200073e-01 3.950914740562438965e-01 9.999043345451354980e-01 9.999971389770507812e-01 0.000000000000000000e+00 9.999982118606567383e-01 9.999418258666992188e-01 6.772911548614501953e-01 4.467560648918151855e-01 2.515245378017425537e-01 1.332806348800659180e-01 1.190844029188156128e-01 9.880886971950531006e-02 7.967303693294525146e-02 6.706610321998596191e-02 5.729660391807556152e-02 4.715430736541748047e-02 3.434005379676818848e-02 2.721263468265533447e-02 2.446855604648590088e-02 2.385850250720977783e-02 2.463047206401824951e-02 2.599199116230010986e-02 2.795083820819854736e-02 3.046080470085144043e-02 3.236448764801025391e-02 3.200265765190124512e-02 3.317573666572570801e-02 3.589004278182983398e-02 3.969563543796539307e-02 4.428972303867340088e-02 5.462983250617980957e-02 7.475745677947998047e-02 1.155190318822860718e-01 1.497691720724105835e-01 1.465114802122116089e-01 9.767125546932220459e-02 6.423187255859375000e-02 5.617511272430419922e-02 6.194648146629333496e-02 7.442930340766906738e-02 8.481775224208831787e-02 1.157361418008804321e-01 2.131978720426559448e-01 3.304043114185333252e-01 5.643223524093627930e-01 7.693732976913452148e-01 7.531700134277343750e-01 4.331026077270507812e-01 1.881311833858489990e-01 1.000782847404479980e-01 7.088088989257812500e-02 5.807423591613769531e-02 4.855015873908996582e-02 4.505319893360137939e-02 3.925009071826934814e-02 3.352662920951843262e-02 3.151443600654602051e-02 2.934974431991577148e-02 2.685981988906860352e-02 2.650548517704010010e-02 2.782283723354339600e-02 2.788974344730377197e-02 3.019256889820098877e-02
6.598085165023803711e-02 7.091823220252990723e-02 7.931657135486602783e-02 9.248858690261840820e-02 1.069256961345672607e-01 1.399693638086318970e-01 1.143624633550643921e-01 8.147065341472625732e-02 6.313754618167877197e-02 5.363738536834716797e-02 6.436499953269958496e-02 1.010243594646453857e-01 1.672568470239639282e-01 5.404376983642578125e-01 9.999297857284545898e-01 9.999982118606567383e-01 0.000000000000000000e+00 9.999974966049194336e-01 9.999076128005981445e-01 6.875629425048828125e-01 3.663721680641174316e-01 2.168360501527786255e-01 1.359200179576873779e-01 1.022737473249435425e-01 7.992281019687652588e-02 6.578694283962249756e-02 5.439952015876770020e-02 4.603734612464904785e-02 3.895699977874755859e-02 3.125493228435516357e-02 2.782002091407775879e-02 2.689956128597259521e-02 2.678537368774414062e-02 2.748480439186096191e-02 2.891969680786132812e-02 3.086775541305541992e-02 3.271695971488952637e-02 3.239300847053527832e-02 3.300610184669494629e-02 3.549379110336303711e-02 3.796249628067016602e-02 4.160167276859283447e-02 5.080884695053100586e-02 7.305240631103515625e-02 1.210658699274063110e-01 1.383276581764221191e-01 1.129195243120193481e-01 7.534645497798919678e-02 6.113192439079284668e-02 5.421786010265350342e-02 5.723430216312408447e-02 9.930245578289031982e-02 2.659780979156494141e-01 4.621670842170715332e-01 6.172713041305541992e-01 6.732695102691650391e-01 6.902452111244201660e-01 7.312933206558227539e-01 7.251448035240173340e-01 4.000087380409240723e-01 2.296370863914489746e-01 1.119806766510009766e-01 7.326461374759674072e-02 5.501200258731842041e-02 4.278874397277832031e-02 3.635993599891662598e-02 3.369697928428649902e-02 3.135827183723449707e-02 3.039914369583129883e-02 2.862583100795745850e-02 2.679196000099182129e-02 2.658361196517944336e-02 2.780894935131072998e-02 2.749586105346679688e-02 2.965478599071502686e-02
6.407321989536285400e-02 6.544694304466247559e-02 6.522317230701446533e-02 7.440906763076782227e-02 8.818595111370086670e-02 1.049570143222808838e-01 1.063853204250335693e-01 1.196048855781555176e-01 7.621051371097564697e-02 6.531454622745513916e-02 8.083194494247436523e-02 1.032959371805191040e-01 1.640301346778869629e-01 3.055553734302520752e-01 8.036462068557739258e-01 9.999418258666992188e-01 9.999974966049194336e-01 0.000000000000000000e+00 9.999935030937194824e-01 9.998825192451477051e-01 7.680305242538452148e-01 3.410099148750305176e-01 1.697688847780227661e-01 1.124932169914245605e-01 7.566565275192260742e-02 6.520344316959381104e-02 5.178768932819366455e-02 4.502204060554504395e-02 4.232962429523468018e-02 3.864797949790954590e-02 3.519636392593383789e-02 3.324477374553680420e-02 3.201614320278167725e-02 3.123225271701812744e-02 3.123852610588073730e-02 3.237786889076232910e-02 3.381185233592987061e-02 3.429719805717468262e-02 3.472854197025299072e-02 3.651364147663116455e-02 3.818964958190917969e-02 4.361332952976226807e-02 5.638450384140014648e-02 9.315106272697448730e-02 1.654830724000930786e-01 1.745211035013198853e-01 1.486706286668777466e-01 7.433299720287322998e-02 6.018753349781036377e-02 5.248618125915527344e-02 5.557127296924591064e-02 7.410593330860137939e-02 2.174139320850372314e-01 4.842056632041931152e-01 6.925771236419677734e-01 7.644808292388916016e-01 7.423892021179199219e-01 7.013508677482604980e-01 5.979457497596740723e-01 3.350747823715209961e-01 1.776309609413146973e-01 9.278465807437896729e-02 6.365685164928436279e-02 4.715864360332489014e-02 3.627757728099822998e-02 3.255330026149749756e-02 3.133383393287658691e-02 3.000326454639434814e-02 2.933004498481750488e-02 2.814809978008270264e-02 2.658356726169586182e-02 2.656322717666625977e-02 2.779929339885711670e-02 2.727024257183074951e-02 2.922859787940979004e-02
5.958859622478485107e-02 5.617490410804748535e-02 5.185800790786743164e-02 6.026522815227508545e-02 6.856505572795867920e-02 9.359805285930633545e-02 1.200504899024963379e-01 2.509553432464599609e-01 2.808334529399871826e-01 1.143851876258850098e-01 9.938803315162658691e-02 1.317874938249588013e-01 2.898226976394653320e-01 3.990358710289001465e-01 4.179531335830688477e-01 6.772911548614501953e-01 9.999076128005981445e-01 9.999935030937194824e-01 0.000000000000000000e+00 9.999942779541015625e-01 9.999226331710815430e-01 6.879532933235168457e-01 3.059145808219909668e-01 1.291993111371994019e-01 8.742156624794006348e-02 6.338003277778625488e-02 5.545882880687713623e-02 4.561232030391693115e-02 4.277773201465606689e-02 4.298901557922363281e-02 4.198862612247467041e-02 4.119431972503662109e-02 3.853632509708404541e-02 3.682799637317657471e-02 3.527355194091796875e-02 3.480629622936248779e-02 3.553965687751770020e-02 3.690573573112487793e-02 3.775192797183990479e-02 3.867447376251220703e-02 4.232756793498992920e-02 5.004924535751342773e-02 8.392491936683654785e-02 1.613244563341140747e-01 2.677106261253356934e-01 2.710047364234924316e-01 2.176851332187652588e-01 8.633206784725189209e-02 5.831249058246612549e-02 5.203036963939666748e-02 5.106925964355468750e-02 6.063914299011230469e-02 9.541435539722442627e-02 2.365564107894897461e-01 4.437755346298217773e-01 6.257383823394775391e-01 6.267372369766235352e-01 5.657073855400085449e-01 4.049735665321350098e-01 2.278778851032257080e-01 1.052260696887969971e-01 6.621205806732177734e-02 5.068193376064300537e-02 3.892759978771209717e-02 3.284251689910888672e-02 3.063905239105224609e-02 2.976457774639129639e-02 2.898959815502166748e-02 2.842694520950317383e-02 2.768206596374511719e-02 2.645991742610931396e-02 2.663511037826538086e-02 2.796253561973571777e-02 2.727274596691131592e-02 2.901813387870788574e-02
5.158895254135131836e-02 4.399341344833374023e-02 4.030576348304748535e-02 4.752874374389648438e-02 4.984045028686523438e-02 9.097602963447570801e-02 1.554567068815231323e-01 4.629509747028350830e-01 5.063234567642211914e-01 2.160308063030242920e-01 1.275867372751235962e-01 3.885703682899475098e-01 6.332584023475646973e-01 6.696897149085998535e-01 5.732579231262207031e-01 4.467560648918151855e-01 6.875629425048828125e-01 9.998825192451477051e-01 9.999942779541015625e-01 0.000000000000000000e+00 9.999961256980895996e-01 9.999484419822692871e-01 5.935990810394287109e-01 2.161936759948730469e-01 1.055498123168945312e-01 7.188364863395690918e-02 5.859608948230743408e-02 5.350323021411895752e-02 4.506731033325195312e-02 4.410667717456817627e-02 4.623089730739593506e-02 4.642714560031890869e-02 4.826457798480987549e-02 4.512405395507812500e-02 4.149064421653747559e-02 3.903290629386901855e-02 3.893078863620758057e-02 4.013104736804962158e-02 4.122079908847808838e-02 4.444408416748046875e-02 5.132021009922027588e-02 7.664786279201507568e-02 1.455020457506179810e-01 2.767243385314941406e-01 3.437763452529907227e-01 2.830675244331359863e-01 2.303723692893981934e-01 1.164417862892150879e-01 6.018385291099548340e-02 5.046999454498291016e-02 4.801724851131439209e-02 5.228833854198455811e-02 7.075408101081848145e-02 1.163109093904495239e-01 2.904797792434692383e-01 4.179258346557617188e-01 4.124910235404968262e-01 3.525177538394927979e-01 2.128849923610687256e-01 9.958575665950775146e-02 6.264410912990570068e-02 4.621064662933349609e-02 3.878444433212280273e-02 3.337612748146057129e-02 3.032237291336059570e-02 2.903985977172851562e-02 2.877211570739746094e-02 2.841413021087646484e-02 2.794972062110900879e-02 2.731359004974365234e-02 2.639397978782653809e-02 2.676272392272949219e-02 2.815248072147369385e-02 2.742230892181396484e-02 2.896651625633239746e-02
4.280661046504974365e-02 3.611871600151062012e-02 3.331184387207031250e-02 3.669053316116333008e-02 4.091049730777740479e-02 7.757255434989929199e-02 2.265812754631042480e-01 5.450384616851806641e-01 6.737412214279174805e-01 2.840432524681091309e-01 7.641268968582153320e-01 8.490815162658691406e-01 8.378788232803344727e-01 8.494073152542114258e-01 6.380025148391723633e-01 2.515245378017425537e-01 3.663721680641174316e-01 7.680305242538452148e-01 9.999226331710815430e-01 9.999961256980895996e-01 0.000000000000000000e+00 9.999974370002746582e-01 9.999664425849914551e-01 4.316771626472473145e-01 1.581952571868896484e-01 9.545041620731353760e-02 6.491933763027191162e-02 5.934177339076995850e-02 5.492669343948364258e-02 4.666039347648620605e-02 4.999303817749023438e-02 5.242894589900970459e-02 5.416689813137054443e-02 5.694521963596343994e-02 5.187723040580749512e-02 4.819121956825256348e-02 4.768022894859313965e-02 4.728133976459503174e-02 4.970416426658630371e-02 5.759558081626892090e-02 7.965376973152160645e-02 1.225199997425079346e-01 2.236525416374206543e-01 3.694047629833221436e-01 3.146908879280090332e-01 3.325077891349792480e-01 2.388380616903305054e-01 9.420005977153778076e-02 5.827368795871734619e-02 5.032779276371002197e-02 4.609410464763641357e-02 4.915671050548553467e-02 6.136751174926757812e-02 8.423478901386260986e-02 1.220671087503433228e-01 2.067277133464813232e-01 2.225950062274932861e-01 1.721398681402206421e-01 1.005510538816452026e-01 5.913355946540832520e-02 4.355534911155700684e-02 3.667065501213073730e-02 3.308008611202239990e-02 3.007139265537261963e-02 2.837923169136047363e-02 2.788612246513366699e-02 2.815863490104675293e-02 2.819870412349700928e-02 2.776063978672027588e-02 2.709813416004180908e-02 2.636824548244476318e-02 2.680175006389617920e-02 2.828700840473175049e-02 2.760432660579681396e-02 2.900911867618560791e-02
