0.000000000000000000e+00 9.992057085037231445e-01 9.988711476325988770e-01 1.280268877744674683e-01 1.186152845621109009e-01 9.576350450515747070e-02 6.868256628513336182e-02 6.604073941707611084e-02 5.845943093299865723e-02 6.170043349266052246e-02 6.414288282394409180e-02 5.991171300411224365e-02 5.487047135829925537e-02 4.756759107112884521e-02 4.133069515228271484e-02 3.863671422004699707e-02 3.686475753784179688e-02 3.582423925399780273e-02 3.493659198284149170e-02 3.388953208923339844e-02 3.338968753814697266e-02 3.439532220363616943e-02 3.628161549568176270e-02 3.827132284641265869e-02 4.117910563945770264e-02 4.279823601245880127e-02 4.067653417587280273e-02 3.902871906757354736e-02 4.052093625068664551e-02 4.103112220764160156e-02 4.000766575336456299e-02 3.849679231643676758e-02 3.639152646064758301e-02 3.498460352420806885e-02 3.600063920021057129e-02 3.826181590557098389e-02 3.974144160747528076e-02 4.000577330589294434e-02 3.887744247913360596e-02 3.768739104270935059e-02 3.644712269306182861e-02 3.540976345539093018e-02 3.404003381729125977e-02 3.333537280559539795e-02 3.320659697055816650e-02 3.475573658943176270e-02 3.600050508975982666e-02 3.658953309059143066e-02 3.639638423919677734e-02 3.585813939571380615e-02 3.522114455699920654e-02 3.483664989471435547e-02 3.480312228202819824e-02 3.511703014373779297e-02 3.554305434226989746e-02 3.589741885662078857e-02 3.605270385742187500e-02 3.600630164146423340e-02 3.588648140430450439e-02 3.576365113258361816e-02 3.566855192184448242e-02 3.555890917778015137e-02 3.542713820934295654e-02 3.534311056137084961e-02 3.536428511142730713e-02 3.556828200817108154e-02 3.593315184116363525e-02 3.614173829555511475e-02 3.614939749240875244e-02 3.601324558258056641e-02 3.576269745826721191e-02 3.548826277256011963e-02 3.522439301013946533e-02 3.501218557357788086e-02 3.500339388847351074e-02 3.521287441253662109e-02 3.541485965251922607e-02 3.553378582000732422e-02 3.553493320941925049e-02 3.540301322937011719e-02 3.525128960609436035e-02 3.503730893135070801e-02 3.489871323108673096e-02 3.499899804592132568e-02 3.545333445072174072e-02 3.578434884548187256e-02 3.571131825447082520e-02 3.535036742687225342e-02 3.500027954578399658e-02 3.470242023468017578e-02 3.442226350307464600e-02 3.435593843460083008e-02 3.424386680126190186e-02 3.407324850559234619e-02 3.416283428668975830e-02 3.433731198310852051e-02 3.404730558395385742e-02 3.364501893520355225e-02 3.382441401481628418e-02 3.509701788425445557e-02 3.689779341220855713e-02 3.849141299724578857e-02 4.096868634223937988e-02 4.509751498699188232e-02 7.510641217231750488e-02 1.783098280429840088e-01 3.182061910629272461e-01 2.317824512720108032e-01 7.804498076438903809e-02 9.150186181068420410e-02 7.890689969062805176e-01 8.995006084442138672e-01 7.848077416419982910e-01 5.883790254592895508e-01
9.992057085037231445e-01 0.000000000000000000e+00 9.996834397315979004e-01 9.996106624603271484e-01 1.461258530616760254e-01 1.214941143989562988e-01 9.401115775108337402e-02 6.374922394752502441e-02 6.110756099224090576e-02 6.140686571598052979e-02 6.056009232997894287e-02 6.352846324443817139e-02 5.994105339050292969e-02 5.481097102165222168e-02 4.907053709030151367e-02 4.387129843235015869e-02 3.978936374187469482e-02 3.618475794792175293e-02 3.426481783390045166e-02 3.342851996421813965e-02 3.377391397953033447e-02 3.479582071304321289e-02 3.604583442211151123e-02 3.960044682025909424e-02 4.084706306457519531e-02 4.143194854259490967e-02 4.272048175334930420e-02 4.674614965915679932e-02 4.823705554008483887e-02 4.548600316047668457e-02 4.147762060165405273e-02 3.679978847503662109e-02 3.337584435939788818e-02 3.298757970333099365e-02 3.407515585422515869e-02 3.743138909339904785e-02 3.995616734027862549e-02 4.099838435649871826e-02 4.033230245113372803e-02 3.928253054618835449e-02 3.743930160999298096e-02 3.450483083724975586e-02 3.248369693756103516e-02 3.190286457538604736e-02 3.285926580429077148e-02 3.441086411476135254e-02 3.562131524085998535e-02 3.600141406059265137e-02 3.556349873542785645e-02 3.493809700012207031e-02 3.449690341949462891e-02 3.489652276039123535e-02 3.568656742572784424e-02 3.661815822124481201e-02 3.742685914039611816e-02 3.799837827682495117e-02 3.821599483489990234e-02 3.817676007747650146e-02 3.793045878410339355e-02 3.750540316104888916e-02 3.704279661178588867e-02 3.663329780101776123e-02 3.633794188499450684e-02 3.625483810901641846e-02 3.634981811046600342e-02 3.656060993671417236e-02 3.679180145263671875e-02 3.694993257522583008e-02 3.698168694972991943e-02 3.684478998184204102e-02 3.650210797786712646e-02 3.596994280815124512e-02 3.543534874916076660e-02 3.514462709426879883e-02 3.516101837158203125e-02 3.533463180065155029e-02 3.557178378105163574e-02 3.583639860153198242e-02 3.604725003242492676e-02 3.605951368808746338e-02 3.576037287712097168e-02 3.528222441673278809e-02 3.518085181713104248e-02 3.569172322750091553e-02 3.629580140113830566e-02 3.620153665542602539e-02 3.600277006626129150e-02 3.565101325511932373e-02 3.539493680000305176e-02 3.496484458446502686e-02 3.459659218788146973e-02 3.411266207695007324e-02 3.361968696117401123e-02 3.354837000370025635e-02 3.351497650146484375e-02 3.302586078643798828e-02 3.194622695446014404e-02 3.105208277702331543e-02 3.138425946235656738e-02 3.281950950622558594e-02 3.401270508766174316e-02 3.602656722068786621e-02 4.106366634368896484e-02 6.235980987548828125e-02 1.723258197307586670e-01 2.972472906112670898e-01 2.146547138690948486e-01 6.802378594875335693e-02 8.260850608348846436e-02 7.902836799621582031e-01 9.233633279800415039e-01 9.293119907379150391e-01 8.866273164749145508e-01 6.341404318809509277e-01
9.988711476325988770e-01 9.996834397315979004e-01 0.000000000000000000e+00 9.998315572738647461e-01 9.993025660514831543e-01 1.584636270999908447e-01 1.249497979879379272e-01 8.462947607040405273e-02 6.578296422958374023e-02 6.925493478775024414e-02 6.476590037345886230e-02 6.291846930980682373e-02 6.628748774528503418e-02 6.162036955356597900e-02 5.731464922428131104e-02 5.384896695613861084e-02 4.932805895805358887e-02 4.435007274150848389e-02 3.903761506080627441e-02 3.636531531810760498e-02 3.594507277011871338e-02 3.624959290027618408e-02 3.761073946952819824e-02 4.170200228691101074e-02 4.389630258083343506e-02 4.449048638343811035e-02 5.012120306491851807e-02 5.280081927776336670e-02 4.924865067005157471e-02 4.597288370132446289e-02 3.986680507659912109e-02 3.548300266265869141e-02 3.347243368625640869e-02 3.377553820610046387e-02 3.630591928958892822e-02 3.914189338684082031e-02 4.192009568214416504e-02 4.364721477031707764e-02 4.393553733825683594e-02 4.127255082130432129e-02 3.792977333068847656e-02 3.572288155555725098e-02 3.401464223861694336e-02 3.373605012893676758e-02 3.456528484821319580e-02 3.546935319900512695e-02 3.550256788730621338e-02 3.560905158519744873e-02 3.583039343357086182e-02 3.621827065944671631e-02 3.713010251522064209e-02 3.820616006851196289e-02 3.939376771450042725e-02 4.058426618576049805e-02 4.153260588645935059e-02 4.190188646316528320e-02 4.169002175331115723e-02 4.100087285041809082e-02 4.004283249378204346e-02 3.905940055847167969e-02 3.830803930759429932e-02 3.782658278942108154e-02 3.761827945709228516e-02 3.775051236152648926e-02 3.811360895633697510e-02 3.852222859859466553e-02 3.886245191097259521e-02 3.892290592193603516e-02 3.872589766979217529e-02 3.822779655456542969e-02 3.743502497673034668e-02 3.652529418468475342e-02 3.584101796150207520e-02 3.551453351974487305e-02 3.555628657341003418e-02 3.584295511245727539e-02 3.630200028419494629e-02 3.683258593082427979e-02 3.706771135330200195e-02 3.683006763458251953e-02 3.618727624416351318e-02 3.559356927871704102e-02 3.548821806907653809e-02 3.595426678657531738e-02 3.647723793983459473e-02 3.676180541515350342e-02 3.686483204364776611e-02 3.660011291503906250e-02 3.602080047130584717e-02 3.530791401863098145e-02 3.453810513019561768e-02 3.417338430881500244e-02 3.426244854927062988e-02 3.459869325160980225e-02 3.427736461162567139e-02 3.320999443531036377e-02 3.211274743080139160e-02 3.144066035747528076e-02 3.196202218532562256e-02 3.377331793308258057e-02 3.567497432231903076e-02 3.934140503406524658e-02 5.018770694732666016e-02 1.327793449163436890e-01 2.787891626358032227e-01 2.212706953287124634e-01 6.238123774528503418e-02 7.724806666374206543e-02 7.577342391014099121e-01 8.160201311111450195e-01 8.924382328987121582e-01 9.073578119277954102e-01 8.718566894531250000e-01 5.028730630874633789e-02
1.280268877744674683e-01 9.996106624603271484e-01 9.998315572738647461e-01 0.000000000000000000e+00 9.998188614845275879e-01 9.996218681335449219e-01 1.762882173061370850e-01 1.249458789825439453e-01 8.652988076210021973e-02 7.324546575546264648e-02 8.180780708789825439e-02 7.372927665710449219e-02 7.150974869728088379e-02 7.519310712814331055e-02 7.015898823738098145e-02 6.665512919425964355e-02 6.195986270904541016e-02 5.401377379894256592e-02 4.812835156917572021e-02 4.237096011638641357e-02 3.954139351844787598e-02 3.953211009502410889e-02 4.153174161911010742e-02 4.381108283996582031e-02 4.508481919765472412e-02 5.247087776660919189e-02 7.414595782756805420e-02 7.413205504417419434e-02 6.079383194446563721e-02 4.912939667701721191e-02 4.415038228034973145e-02 3.959961235523223877e-02 3.839467465877532959e-02 3.895436227321624756e-02 4.064202308654785156e-02 4.459190368652343750e-02 4.895828664302825928e-02 5.167166888713836670e-02 4.959744215011596680e-02 4.628238081932067871e-02 4.073502123355865479e-02 3.706032037734985352e-02 3.609488904476165771e-02 3.687720000743865967e-02 3.812898695468902588e-02 3.743630647659301758e-02 3.721950948238372803e-02 3.784918785095214844e-02 3.895163536071777344e-02 3.957301378250122070e-02 4.090273380279541016e-02 4.269254207611083984e-02 4.405426979064941406e-02 4.521004855632781982e-02 4.600724577903747559e-02 4.604899883270263672e-02 4.541602730751037598e-02 4.418860375881195068e-02 4.284191131591796875e-02 4.174561798572540283e-02 4.076126217842102051e-02 4.012031853199005127e-02 3.981851041316986084e-02 3.987997770309448242e-02 4.018814861774444580e-02 4.062998294830322266e-02 4.104791581630706787e-02 4.124051332473754883e-02 4.090444743633270264e-02 4.006862640380859375e-02 3.901965916156768799e-02 3.804534673690795898e-02 3.749144077301025391e-02 3.737618029117584229e-02 3.757472336292266846e-02 3.795851767063140869e-02 3.843879699707031250e-02 3.885969519615173340e-02 3.915940225124359131e-02 3.926232457160949707e-02 3.899247944355010986e-02 3.882925212383270264e-02 3.891476988792419434e-02 3.917615115642547607e-02 3.926697373390197754e-02 3.934007883071899414e-02 3.932295739650726318e-02 3.904850780963897705e-02 3.918871283531188965e-02 3.945997357368469238e-02 3.868602216243743896e-02 3.772787749767303467e-02 3.759284317493438721e-02 3.789235651493072510e-02 3.710505366325378418e-02 3.546194732189178467e-02 3.362886607646942139e-02 3.281769156455993652e-02 3.369502723217010498e-02 3.439708054065704346e-02 3.615763783454895020e-02 4.296506941318511963e-02 9.416764974594116211e-02 2.616304159164428711e-01 2.190246433019638062e-01 6.727923452854156494e-02 7.768298685550689697e-02 7.710304260253906250e-01 8.048013448715209961e-01 8.136755228042602539e-01 8.707178831100463867e-01 9.303691387176513672e-01 4.852451384067535400e-02 4.113432765007019043e-02
1.186152845621109009e-01 1.461258530616760254e-01 9.993025660514831543e-01 9.998188614845275879e-01 0.000000000000000000e+00 9.999109506607055664e-01 9.998050928115844727e-01 1.894305646419525146e-01 1.281735450029373169e-01 9.337650239467620850e-02 8.533924818038940430e-02 9.800527989864349365e-02 9.011495113372802734e-02 8.948633074760437012e-02 9.952455759048461914e-02 9.310311079025268555e-02 8.996663987636566162e-02 8.620876073837280273e-02 7.348565757274627686e-02 5.790306627750396729e-02 5.020469427108764648e-02 4.589922726154327393e-02 4.485194385051727295e-02 4.826247692108154297e-02 5.544339120388031006e-02 8.490319550037384033e-02 8.396777510643005371e-02 6.887896358966827393e-02 5.433936417102813721e-02 4.704721271991729736e-02 4.346160590648651123e-02 4.301673173904418945e-02 4.299058020114898682e-02 4.432027041912078857e-02 4.779641330242156982e-02 5.396465957164764404e-02 6.264010071754455566e-02 6.216770410537719727e-02 5.236434936523437500e-02 4.626178741455078125e-02 4.073424637317657471e-02 3.998249769210815430e-02 4.210856556892395020e-02 4.483394324779510498e-02 4.635949432849884033e-02 4.431699216365814209e-02 4.296432435512542725e-02 4.415623843669891357e-02 4.518565535545349121e-02 4.530377686023712158e-02 4.556269943714141846e-02 4.623824357986450195e-02 4.732038080692291260e-02 4.890127480030059814e-02 5.043359100818634033e-02 5.118840932846069336e-02 5.105279386043548584e-02 5.023629963397979736e-02 4.864263534545898438e-02 4.686921834945678711e-02 4.537929594516754150e-02 4.435028135776519775e-02 4.380497336387634277e-02 4.387038946151733398e-02 4.439559578895568848e-02 4.507352411746978760e-02 4.561832547187805176e-02 4.571780562400817871e-02 4.511812329292297363e-02 4.410785436630249023e-02 4.289424419403076172e-02 4.177027940750122070e-02 4.111123085021972656e-02 4.105967283248901367e-02 4.141211509704589844e-02 4.192538559436798096e-02 4.259973764419555664e-02 4.331505298614501953e-02 4.386934638023376465e-02 4.406702518463134766e-02 4.372626543045043945e-02 4.339851438999176025e-02 4.306551814079284668e-02 4.300236701965332031e-02 4.276973009109497070e-02 4.271274805068969727e-02 4.252165555953979492e-02 4.250967502593994141e-02 4.223887622356414795e-02 4.149398207664489746e-02 3.993891179561614990e-02 3.910708427429199219e-02 3.971903026103973389e-02 4.014359414577484131e-02 3.904280066490173340e-02 3.779196739196777344e-02 3.624883294105529785e-02 3.491449356079101562e-02 3.496682643890380859e-02 3.584939241409301758e-02 3.854548931121826172e-02 5.921366810798645020e-02 1.650919020175933838e-01 1.956276595592498779e-01 7.887133955955505371e-02 8.724279701709747314e-02 7.574433684349060059e-01 8.050755262374877930e-01 8.289740681648254395e-01 8.063517212867736816e-01 8.732960224151611328e-01 4.393672943115234375e-02 3.437496721744537354e-02 3.664611279964447021e-02
9.576350450515747070e-02 1.214941143989562988e-01 1.584636270999908447e-01 9.996218681335449219e-01 9.999109506607055664e-01 0.000000000000000000e+00 9.999640583992004395e-01 9.998925328254699707e-01 2.162300795316696167e-01 1.490524709224700928e-01 1.161222457885742188e-01 1.156681627035140991e-01 1.475817114114761353e-01 1.420891880989074707e-01 1.454729139804840088e-01 1.410263031721115112e-01 1.300211250782012939e-01 1.350725144147872925e-01 1.260641813278198242e-01 1.051762104034423828e-01 8.056396245956420898e-02 6.222882866859436035e-02 5.673499405384063721e-02 6.354129314422607422e-02 8.636738359928131104e-02 9.731319546699523926e-02 9.146650135517120361e-02 6.680816411972045898e-02 5.667020380496978760e-02 4.999724030494689941e-02 4.960270226001739502e-02 5.114477872848510742e-02 5.541135370731353760e-02 6.093235313892364502e-02 7.938387989997863770e-02 8.872382342815399170e-02 8.504971861839294434e-02 7.182440161705017090e-02 5.510240793228149414e-02 4.977075755596160889e-02 4.658851027488708496e-02 4.642732441425323486e-02 4.919154942035675049e-02 5.277813971042633057e-02 5.438505113124847412e-02 5.606442689895629883e-02 5.862744152545928955e-02 5.761173367500305176e-02 5.453594028949737549e-02 5.319407582283020020e-02 5.244441330432891846e-02 5.269783735275268555e-02 5.463248491287231445e-02 5.867919325828552246e-02 6.257461011409759521e-02 6.471726298332214355e-02 6.331185996532440186e-02 6.030668318271636963e-02 5.736969411373138428e-02 5.555066466331481934e-02 5.384582281112670898e-02 5.256506800651550293e-02 5.211466550827026367e-02 5.212870240211486816e-02 5.242560803890228271e-02 5.287535488605499268e-02 5.279737710952758789e-02 5.225923657417297363e-02 5.105574429035186768e-02 5.007509887218475342e-02 4.899279773235321045e-02 4.822419583797454834e-02 4.782968759536743164e-02 4.780672490596771240e-02 4.791267216205596924e-02 4.814645648002624512e-02 4.840286076068878174e-02 4.883055388927459717e-02 4.931238293647766113e-02 4.975670576095581055e-02 5.024757981300354004e-02 5.080926418304443359e-02 5.113843083381652832e-02 5.116806924343109131e-02 5.161269009113311768e-02 5.031073093414306641e-02 4.934625327587127686e-02 4.858626425266265869e-02 4.692713916301727295e-02 4.421196877956390381e-02 4.233844578266143799e-02 4.246664047241210938e-02 4.315385222434997559e-02 4.326109588146209717e-02 4.232601821422576904e-02 4.131820797920227051e-02 3.997865319252014160e-02 3.864102065563201904e-02 3.872707486152648926e-02 4.040177166461944580e-02 4.881916940212249756e-02 8.645501732826232910e-02 1.409180462360382080e-01 8.596190810203552246e-02 1.024198234081268311e-01 7.504608631134033203e-01 8.398777842521667480e-01 8.671676516532897949e-01 8.497195243835449219e-01 8.491910099983215332e-01 4.571345448493957520e-02 3.256869316101074219e-02 3.488615155220031738e-02 3.847353160381317139e-02
6.868256628513336182e-02 9.401115775108337402e-02 1.249497979879379272e-01 1.762882173061370850e-01 9.998050928115844727e-01 9.999640583992004395e-01 0.000000000000000000e+00 9.999825954437255859e-01 9.999287724494934082e-01 2.776358425617218018e-01 1.892305463552474976e-01 1.484422236680984497e-01 1.522955000400543213e-01 1.959236860275268555e-01 1.621108800172805786e-01 1.662275940179824829e-01 1.755243688821792603e-01 1.744436472654342651e-01 1.828673779964447021e-01 1.984780132770538330e-01 1.540867239236831665e-01 1.127335578203201294e-01 8.810658752918243408e-02 8.622996509075164795e-02 9.615045785903930664e-02 8.405238389968872070e-02 5.800969898700714111e-02 5.825364589691162109e-02 5.209945142269134521e-02 5.436423420906066895e-02 6.103421747684478760e-02 6.931746006011962891e-02 7.159572839736938477e-02 9.164473414421081543e-02 1.136413067579269409e-01 1.108856797218322754e-01 9.532870352268218994e-02 7.310962677001953125e-02 6.107796728610992432e-02 5.669014155864715576e-02 5.463528633117675781e-02 5.361615121364593506e-02 5.453391373157501221e-02 5.586986243724822998e-02 6.197822093963623047e-02 7.603147625923156738e-02 7.723464071750640869e-02 6.997127830982208252e-02 6.170105934143066406e-02 5.750010907649993896e-02 5.531923472881317139e-02 5.511105060577392578e-02 5.769315361976623535e-02 6.436957418918609619e-02 7.036186754703521729e-02 7.577838003635406494e-02 7.720975577831268311e-02 7.609480619430541992e-02 7.298618555068969727e-02 6.873781979084014893e-02 6.473471224308013916e-02 6.234529614448547363e-02 6.048622727394104004e-02 5.974332988262176514e-02 5.966840684413909912e-02 6.020468473434448242e-02 6.065346300601959229e-02 6.053520739078521729e-02 5.969442427158355713e-02 5.827115476131439209e-02 5.642324686050415039e-02 5.525618791580200195e-02 5.496086180210113525e-02 5.505399405956268311e-02 5.546271800994873047e-02 5.559834837913513184e-02 5.513173341751098633e-02 5.453203618526458740e-02 5.408073961734771729e-02 5.401653051376342773e-02 5.458484590053558350e-02 5.658885836601257324e-02 5.907657742500305176e-02 6.276161968708038330e-02 6.486852467060089111e-02 6.161595880985260010e-02 5.685947835445404053e-02 5.386111140251159668e-02 5.179156363010406494e-02 4.980239272117614746e-02 5.019472539424896240e-02 5.037914216518402100e-02 4.963901638984680176e-02 4.775582253932952881e-02 4.647643864154815674e-02 4.572957754135131836e-02 4.399368166923522949e-02 4.411441087722778320e-02 4.642830789089202881e-02 5.240577459335327148e-02 6.405597925186157227e-02 8.129806816577911377e-02 8.856076002120971680e-02 1.184939742088317871e-01 5.992963314056396484e-01 7.739848494529724121e-01 8.199926614761352539e-01 8.021294474601745605e-01 8.241688013076782227e-01 5.358205735683441162e-02 3.460347652435302734e-02 3.320775926113128662e-02 3.476333618164062500e-02 3.698915243148803711e-02
6.604073941707611084e-02 6.374922394752502441e-02 8.462947607040405273e-02 1.249458789825439453e-01 1.894305646419525146e-01 9.998925328254699707e-01 9.999825954437255859e-01 0.000000000000000000e+00 9.999898672103881836e-01 9.999322295188903809e-01 3.221083879470825195e-01 2.195947766304016113e-01 1.804499775171279907e-01 1.573336124420166016e-01 1.758818179368972778e-01 1.625859737396240234e-01 1.760979592800140381e-01 1.975825875997543335e-01 2.119259536266326904e-01 2.459366917610168457e-01 2.190589755773544312e-01 1.687859743833541870e-01 1.330993920564651489e-01 1.230499744415283203e-01 9.620678424835205078e-02 6.447042524814605713e-02 5.548405647277832031e-02 5.147223174571990967e-02 5.466461181640625000e-02 5.701875686645507812e-02 5.765780806541442871e-02 6.197719275951385498e-02 7.290956377983093262e-02 9.636303782463073730e-02 1.185437291860580444e-01 1.103840023279190063e-01 9.173676371574401855e-02 7.670323550701141357e-02 6.712038815021514893e-02 6.059581041336059570e-02 5.775856971740722656e-02 5.668552219867706299e-02 5.744828283786773682e-02 6.479471921920776367e-02 7.762725651264190674e-02 8.798734843730926514e-02 7.708001136779785156e-02 6.603889167308807373e-02 6.039039790630340576e-02 5.623225867748260498e-02 5.370987951755523682e-02 5.302578210830688477e-02 5.822691321372985840e-02 6.469199061393737793e-02 7.264706492424011230e-02 8.110412955284118652e-02 8.723424375057220459e-02 8.978754281997680664e-02 8.805605769157409668e-02 8.352820575237274170e-02 7.742029428482055664e-02 7.237961888313293457e-02 6.821300089359283447e-02 6.625540554523468018e-02 6.589633226394653320e-02 6.625233590602874756e-02 6.673200428485870361e-02 6.702235341072082520e-02 6.687732040882110596e-02 6.567446887493133545e-02 6.314535439014434814e-02 6.022836267948150635e-02 5.824293196201324463e-02 5.727010965347290039e-02 5.706785619258880615e-02 5.680853128433227539e-02 5.584648251533508301e-02 5.474200844764709473e-02 5.377802252769470215e-02 5.353516340255737305e-02 5.445538461208343506e-02 5.839475989341735840e-02 6.434841454029083252e-02 6.900604069232940674e-02 6.812332570552825928e-02 6.207807362079620361e-02 5.899855494499206543e-02 6.016996502876281738e-02 6.211419403553009033e-02 6.231132149696350098e-02 6.215752661228179932e-02 5.809810757637023926e-02 5.366554856300354004e-02 5.091574788093566895e-02 4.918245971202850342e-02 4.771807789802551270e-02 4.747757315635681152e-02 5.090594291687011719e-02 5.764086544513702393e-02 6.503517925739288330e-02 7.109040021896362305e-02 9.037885069847106934e-02 1.250953823328018188e-01 3.237072229385375977e-01 5.243344306945800781e-01 6.382431983947753906e-01 6.333920955657958984e-01 6.934953927993774414e-01 6.279839575290679932e-02 4.041130840778350830e-02 3.476044535636901855e-02 3.297929465770721436e-02 3.213857114315032959e-02 3.766188025474548340e-02
5.845943093299865723e-02 6.110756099224090576e-02 6.578296422958374023e-02 8.652988076210021973e-02 1.281735450029373169e-01 2.162300795316696167e-01 9.999287724494934082e-01 9.999898672103881836e-01 0.000000000000000000e+00 9.999902248382568359e-01 9.999330043792724609e-01 3.605305552482604980e-01 2.310457229614257812e-01 1.745786368846893311e-01 1.463892161846160889e-01 1.501983553171157837e-01 1.588963121175765991e-01 1.753753870725631714e-01 1.975239962339401245e-01 2.097966074943542480e-01 2.123426049947738647e-01 2.039080113172531128e-01 1.816698461771011353e-01 1.388806253671646118e-01 8.314648270606994629e-02 5.832558870315551758e-02 5.832214653491973877e-02 5.489450693130493164e-02 5.422109365463256836e-02 5.303186178207397461e-02 5.159004032611846924e-02 5.497713387012481689e-02 6.853792071342468262e-02 8.858312666416168213e-02 1.095070093870162964e-01 1.043943166732788086e-01 9.827214479446411133e-02 8.451174199581146240e-02 7.121299207210540771e-02 6.009542942047119141e-02 5.635857582092285156e-02 5.640220642089843750e-02 6.064762175083160400e-02 7.726991176605224609e-02 8.819487690925598145e-02 7.796153426170349121e-02 6.521482765674591064e-02 6.107924878597259521e-02 5.580788850784301758e-02 5.248650908470153809e-02 5.151437222957611084e-02 5.314408242702484131e-02 5.701875686645507812e-02 6.266440451145172119e-02 7.260027527809143066e-02 8.523851633071899414e-02 9.435886144638061523e-02 9.873765707015991211e-02 9.700779616832733154e-02 8.869202435016632080e-02 7.615552842617034912e-02 6.821492314338684082e-02 6.281948089599609375e-02 6.033846735954284668e-02 6.015957891941070557e-02 6.142470240592956543e-02 6.307592988014221191e-02 6.416764855384826660e-02 6.418900191783905029e-02 6.312362849712371826e-02 6.150729954242706299e-02 5.981932580471038818e-02 5.860799551010131836e-02 5.754567682743072510e-02 5.606661736965179443e-02 5.453695356845855713e-02 5.282254517078399658e-02 5.118341743946075439e-02 4.993945360183715820e-02 4.971408843994140625e-02 5.063439905643463135e-02 5.304475128650665283e-02 5.745843052864074707e-02 6.137999892234802246e-02 6.397402286529541016e-02 6.260542571544647217e-02 6.043532490730285645e-02 6.369626522064208984e-02 6.643383204936981201e-02 6.728148460388183594e-02 6.470295786857604980e-02 5.942603945732116699e-02 5.421237647533416748e-02 5.204750597476959229e-02 5.088505148887634277e-02 4.956319928169250488e-02 5.109500885009765625e-02 6.032039225101470947e-02 7.115678489208221436e-02 7.490479946136474609e-02 7.984104752540588379e-02 1.053286492824554443e-01 1.622549295425415039e-01 2.664188742637634277e-01 3.846966028213500977e-01 4.283587336540222168e-01 4.552401602268218994e-01 7.548840343952178955e-02 4.653309285640716553e-02 4.076385498046875000e-02 3.529697656631469727e-02 3.106166422367095947e-02 3.120458126068115234e-02 3.441086411476135254e-02
6.170043349266052246e-02 6.140686571598052979e-02 6.925493478775024414e-02 7.324546575546264648e-02 9.337650239467620850e-02 1.490524709224700928e-01 2.776358425617218018e-01 9.999322295188903809e-01 9.999902248382568359e-01 0.000000000000000000e+00 9.999902844429016113e-01 9.999397397041320801e-01 3.600338697433471680e-01 2.214874178171157837e-01 1.685200780630111694e-01 1.416392773389816284e-01 1.441346257925033569e-01 1.497655957937240601e-01 1.667379140853881836e-01 1.802621185779571533e-01 1.880872547626495361e-01 1.977796852588653564e-01 1.846843212842941284e-01 1.319747716188430786e-01 8.395953476428985596e-02 6.573934853076934814e-02 5.726127326488494873e-02 5.391415953636169434e-02 4.992267489433288574e-02 4.597389698028564453e-02 4.621519148349761963e-02 5.153141915798187256e-02 6.609791517257690430e-02 8.377863466739654541e-02 9.861692786216735840e-02 1.037105917930603027e-01 9.845301508903503418e-02 8.064180612564086914e-02 6.319960951805114746e-02 5.494412779808044434e-02 5.242668092250823975e-02 5.276945233345031738e-02 5.863192677497863770e-02 6.763437390327453613e-02 6.537401676177978516e-02 5.806654691696166992e-02 5.342122912406921387e-02 5.107636749744415283e-02 4.823315143585205078e-02 4.732032120227813721e-02 4.827910661697387695e-02 5.005489289760589600e-02 5.288186669349670410e-02 5.793911218643188477e-02 6.912830471992492676e-02 8.277536928653717041e-02 9.297217428684234619e-02 9.712868928909301758e-02 9.409679472446441650e-02 8.233472704887390137e-02 6.920368969440460205e-02 6.073486804962158203e-02 5.616760253906250000e-02 5.446404218673706055e-02 5.452430248260498047e-02 5.614502727985382080e-02 5.800890922546386719e-02 5.904892086982727051e-02 5.898067355155944824e-02 5.831973254680633545e-02 5.731523036956787109e-02 5.607052147388458252e-02 5.494387447834014893e-02 5.363383889198303223e-02 5.166827142238616943e-02 4.936979711055755615e-02 4.721960425376892090e-02 4.530516266822814941e-02 4.424130916595458984e-02 4.425157606601715088e-02 4.542966187000274658e-02 4.787965118885040283e-02 5.075523257255554199e-02 5.445683002471923828e-02 5.837704241275787354e-02 5.959808826446533203e-02 5.881541967391967773e-02 5.870239436626434326e-02 5.928011238574981689e-02 5.886363983154296875e-02 5.685158073902130127e-02 5.306974053382873535e-02 5.039621889591217041e-02 4.899854958057403564e-02 4.908131062984466553e-02 5.021315813064575195e-02 5.558890104293823242e-02 6.626433134078979492e-02 7.246768474578857422e-02 7.456085085868835449e-02 8.573581278324127197e-02 1.107119619846343994e-01 1.376960128545761108e-01 1.933680176734924316e-01 2.344217896461486816e-01 2.856827378273010254e-01 9.307482838630676270e-02 5.936594307422637939e-02 4.490126669406890869e-02 4.139794409275054932e-02 3.361573815345764160e-02 3.063736855983734131e-02 3.143694996833801270e-02 3.399787843227386475e-02
6.414288282394409180e-02 6.056009232997894287e-02 6.476590037345886230e-02 8.180780708789825439e-02 8.533924818038940430e-02 1.161222457885742188e-01 1.892305463552474976e-01 3.221083879470825195e-01 9.999330043792724609e-01 9.999902844429016113e-01 0.000000000000000000e+00 9.999916553497314453e-01 9.999510049819946289e-01 3.416318297386169434e-01 2.106219232082366943e-01 1.679650843143463135e-01 1.419130861759185791e-01 1.405884772539138794e-01 1.368939280509948730e-01 1.495344340801239014e-01 1.772186160087585449e-01 1.746213138103485107e-01 1.654007732868194580e-01 1.308379620313644409e-01 8.890365064144134521e-02 7.047250866889953613e-02 6.026524305343627930e-02 5.400356650352478027e-02 4.569378495216369629e-02 4.200975596904754639e-02 4.294431209564208984e-02 5.000358819961547852e-02 6.138037145137786865e-02 7.812505960464477539e-02 9.954769909381866455e-02 1.045697927474975586e-01 8.791218698024749756e-02 6.671221554279327393e-02 5.269208550453186035e-02 4.828900098800659180e-02 4.571412503719329834e-02 4.615724086761474609e-02 4.831984639167785645e-02 4.899840056896209717e-02 4.766149818897247314e-02 4.587025940418243408e-02 4.497994482517242432e-02 4.393744468688964844e-02 4.293999075889587402e-02 4.190424084663391113e-02 4.157868027687072754e-02 4.204773902893066406e-02 4.428562521934509277e-02 4.912059009075164795e-02 6.015834212303161621e-02 7.543359696865081787e-02 8.818648755550384521e-02 9.083421528339385986e-02 8.317950367927551270e-02 6.903612613677978516e-02 5.605775117874145508e-02 4.944731295108795166e-02 4.597324132919311523e-02 4.567447304725646973e-02 4.689508676528930664e-02 4.892356693744659424e-02 5.054841935634613037e-02 5.124288797378540039e-02 5.091436207294464111e-02 4.988537728786468506e-02 4.870177805423736572e-02 4.754896461963653564e-02 4.612427949905395508e-02 4.420329630374908447e-02 4.222597181797027588e-02 4.030868411064147949e-02 3.847895562648773193e-02 3.695450723171234131e-02 3.595818579196929932e-02 3.574365377426147461e-02 3.671287000179290771e-02 3.890678286552429199e-02 4.243259131908416748e-02 4.705300927162170410e-02 5.063727498054504395e-02 5.179509520530700684e-02 5.150187015533447266e-02 5.098482966423034668e-02 5.039858818054199219e-02 4.942438006401062012e-02 4.795089364051818848e-02 4.592099785804748535e-02 4.427336156368255615e-02 4.330401122570037842e-02 4.435974359512329102e-02 4.717960953712463379e-02 5.469152331352233887e-02 6.224690377712249756e-02 6.867806613445281982e-02 7.337743043899536133e-02 8.385509252548217773e-02 9.812861680984497070e-02 1.145947277545928955e-01 1.128458231687545776e-01 1.465206444263458252e-01 1.118240058422088623e-01 7.006748020648956299e-02 5.120539665222167969e-02 4.550117254257202148e-02 3.836975991725921631e-02 3.301712870597839355e-02 3.140415251255035400e-02 3.088632225990295410e-02 3.134763240814208984e-02
5.991171300411224365e-02 6.352846324443817139e-02 6.291846930980682373e-02 7.372927665710449219e-02 9.800527989864349365e-02 1.156681627035140991e-01 1.484422236680984497e-01 2.195947766304016113e-01 3.605305552482604980e-01 9.999397397041320801e-01 9.999916553497314453e-01 0.000000000000000000e+00 9.999938011169433594e-01 9.999601840972900391e-01 3.371556401252746582e-01 2.093649208545684814e-01 1.590252518653869629e-01 1.380667984485626221e-01 1.327393651008605957e-01 1.242101937532424927e-01 1.518591940402984619e-01 1.651446223258972168e-01 1.477418988943099976e-01 1.229566931724548340e-01 9.979243576526641846e-02 8.498576283454895020e-02 6.746672093868255615e-02 5.450563132762908936e-02 4.523795843124389648e-02 4.215589165687561035e-02 4.467201232910156250e-02 4.985325038433074951e-02 6.147243082523345947e-02 8.484496176242828369e-02 1.087361723184585571e-01 9.353153407573699951e-02 6.793734431266784668e-02 5.172160267829895020e-02 4.487209022045135498e-02 4.116368293762207031e-02 3.908085823059082031e-02 3.902341425418853760e-02 4.016460478305816650e-02 4.076868295669555664e-02 4.022113978862762451e-02 3.881961107254028320e-02 3.833208978176116943e-02 3.760775923728942871e-02 3.687430918216705322e-02 3.667764365673065186e-02 3.667701780796051025e-02 3.728355467319488525e-02 3.937295079231262207e-02 4.473315179347991943e-02 5.405108630657196045e-02 6.739290058612823486e-02 7.742206752300262451e-02 8.081859350204467773e-02 7.034441828727722168e-02 5.607174336910247803e-02 4.665520787239074707e-02 4.099987447261810303e-02 3.878206014633178711e-02 3.896221518516540527e-02 4.005767405033111572e-02 4.168917238712310791e-02 4.298204183578491211e-02 4.315592348575592041e-02 4.240749776363372803e-02 4.126189649105072021e-02 4.015789926052093506e-02 3.936225175857543945e-02 3.851602971553802490e-02 3.742776811122894287e-02 3.608442842960357666e-02 3.480985760688781738e-02 3.360010683536529541e-02 3.247699141502380371e-02 3.153754770755767822e-02 3.133316338062286377e-02 3.196769952774047852e-02 3.328171372413635254e-02 3.557826578617095947e-02 3.907053172588348389e-02 4.198667407035827637e-02 4.304035007953643799e-02 4.265150427818298340e-02 4.241457581520080566e-02 4.241079092025756836e-02 4.194112122058868408e-02 4.078847169876098633e-02 3.958781063556671143e-02 3.846280276775360107e-02 3.794305026531219482e-02 3.958085179328918457e-02 4.306548833847045898e-02 4.961274564266204834e-02 5.589850246906280518e-02 6.185141205787658691e-02 6.370951235294342041e-02 7.380875945091247559e-02 8.123287558555603027e-02 7.608918845653533936e-02 7.177758216857910156e-02 8.522374927997589111e-02 7.591544091701507568e-02 6.352855265140533447e-02 5.083550512790679932e-02 4.196344316005706787e-02 3.588947653770446777e-02 3.149414062500000000e-02 3.034156560897827148e-02 2.803815901279449463e-02 2.862977981567382812e-02
5.487047135829925537e-02 5.994105339050292969e-02 6.628748774528503418e-02 7.150974869728088379e-02 9.011495113372802734e-02 1.475817114114761353e-01 1.522955000400543213e-01 1.804499775171279907e-01 2.310457229614257812e-01 3.600338697433471680e-01 9.999510049819946289e-01 9.999938011169433594e-01 0.000000000000000000e+00 9.999952316284179688e-01 9.999655485153198242e-01 3.324755430221557617e-01 2.028573751449584961e-01 1.426498740911483765e-01 1.276194304227828979e-01 1.235703974962234497e-01 1.274194121360778809e-01 1.420237869024276733e-01 1.438843458890914917e-01 1.182664781808853149e-01 1.085566431283950806e-01 9.884525835514068604e-02 7.991020381450653076e-02 5.773858726024627686e-02 4.882296919822692871e-02 4.735630750656127930e-02 4.927307367324829102e-02 5.507162213325500488e-02 7.990452647209167480e-02 1.133137792348861694e-01 1.046253591775894165e-01 7.579432427883148193e-02 5.022725462913513184e-02 4.317754507064819336e-02 3.900957107543945312e-02 3.603620827198028564e-02 3.420527279376983643e-02 3.374277055263519287e-02 3.442616760730743408e-02 3.543847799301147461e-02 3.572905063629150391e-02 3.519794344902038574e-02 3.442226350307464600e-02 3.382524847984313965e-02 3.329026699066162109e-02 3.322847187519073486e-02 3.377775847911834717e-02 3.504940867424011230e-02 3.749896585941314697e-02 4.329077899456024170e-02 5.306883156299591064e-02 6.120167672634124756e-02 6.984645128250122070e-02 7.505370676517486572e-02 6.441895663738250732e-02 4.917235672473907471e-02 4.136016964912414551e-02 3.720007836818695068e-02 3.514817357063293457e-02 3.463622927665710449e-02 3.574466705322265625e-02 3.712220489978790283e-02 3.773258626461029053e-02 3.746145963668823242e-02 3.643007576465606689e-02 3.530783951282501221e-02 3.476949036121368408e-02 3.441485762596130371e-02 3.411975502967834473e-02 3.368225693702697754e-02 3.305605053901672363e-02 3.216822445392608643e-02 3.117080032825469971e-02 3.023497760295867920e-02 2.960833907127380371e-02 2.944482862949371338e-02 2.986630797386169434e-02 3.079180419445037842e-02 3.213609755039215088e-02 3.384481370449066162e-02 3.491586446762084961e-02 3.529897332191467285e-02 3.555735945701599121e-02 3.564886748790740967e-02 3.551958501338958740e-02 3.531956672668457031e-02 3.517821431159973145e-02 3.482905030250549316e-02 3.449074923992156982e-02 3.434610366821289062e-02 3.597114980220794678e-02 3.901450335979461670e-02 4.315978288650512695e-02 4.762649536132812500e-02 5.243045091629028320e-02 5.592085421085357666e-02 5.700826644897460938e-02 5.880220234394073486e-02 5.774237215518951416e-02 5.747322738170623779e-02 6.750433146953582764e-02 6.487736105918884277e-02 5.691179633140563965e-02 4.641291499137878418e-02 3.887262940406799316e-02 3.250139951705932617e-02 2.905872464179992676e-02 2.786798775196075439e-02 2.608194947242736816e-02 2.710823714733123779e-02
4.756759107112884521e-02 5.481097102165222168e-02 6.162036955356597900e-02 7.519310712814331055e-02 8.948633074760437012e-02 1.420891880989074707e-01 1.959236860275268555e-01 1.573336124420166016e-01 1.745786368846893311e-01 2.214874178171157837e-01 3.416318297386169434e-01 9.999601840972900391e-01 9.999952316284179688e-01 0.000000000000000000e+00 9.999960660934448242e-01 9.999679327011108398e-01 3.382565379142761230e-01 2.006038874387741089e-01 1.314571797847747803e-01 1.221298575401306152e-01 1.180788278579711914e-01 1.140886098146438599e-01 1.225336641073226929e-01 1.292446106672286987e-01 1.230280548334121704e-01 1.119504719972610474e-01 9.059982001781463623e-02 6.973209977149963379e-02 6.033614277839660645e-02 5.702257156372070312e-02 5.885069072246551514e-02 8.134302496910095215e-02 1.172120273113250732e-01 1.247121989727020264e-01 9.022408723831176758e-02 5.585587024688720703e-02 4.614360630512237549e-02 3.938086330890655518e-02 3.632241487503051758e-02 3.367283940315246582e-02 3.152301907539367676e-02 3.067210316658020020e-02 3.094609081745147705e-02 3.149923682212829590e-02 3.187380731105804443e-02 3.178600966930389404e-02 3.134676814079284668e-02 3.115975856781005859e-02 3.136211633682250977e-02 3.166902065277099609e-02 3.285859525203704834e-02 3.411114215850830078e-02 3.637339174747467041e-02 4.277959465980529785e-02 5.344229936599731445e-02 6.131628155708312988e-02 6.873399019241333008e-02 7.002867758274078369e-02 5.461744964122772217e-02 4.407338798046112061e-02 3.858089447021484375e-02 3.515928983688354492e-02 3.336362540721893311e-02 3.286327421665191650e-02 3.324578702449798584e-02 3.455317020416259766e-02 3.515611588954925537e-02 3.462357819080352783e-02 3.364375233650207520e-02 3.318288922309875488e-02 3.287835419178009033e-02 3.265267610549926758e-02 3.242450952529907227e-02 3.213734924793243408e-02 3.172062337398529053e-02 3.119689226150512695e-02 3.052374720573425293e-02 2.989116311073303223e-02 2.939993143081665039e-02 2.910175919532775879e-02 2.899648249149322510e-02 2.906924486160278320e-02 2.975443005561828613e-02 3.057393431663513184e-02 3.106850385665893555e-02 3.124734759330749512e-02 3.128318488597869873e-02 3.110784292221069336e-02 3.124186396598815918e-02 3.117437660694122314e-02 3.105250000953674316e-02 3.103473782539367676e-02 3.133140504360198975e-02 3.198266029357910156e-02 3.318214416503906250e-02 3.535845875740051270e-02 3.810697793960571289e-02 4.084850847721099854e-02 4.441501200199127197e-02 4.900558292865753174e-02 4.878188669681549072e-02 4.909312725067138672e-02 4.971301555633544922e-02 5.059926211833953857e-02 5.511499941349029541e-02 5.682425200939178467e-02 5.419094860553741455e-02 4.290364682674407959e-02 3.552931547164916992e-02 2.968305349349975586e-02 2.637957036495208740e-02 2.640412747859954834e-02 2.489244937896728516e-02 2.744495868682861328e-02
