0.000000000000000000e+00 9.991074800491333008e-01 9.988703131675720215e-01 1.348068565130233765e-01 1.298382580280303955e-01 1.165297627449035645e-01 8.389507234096527100e-02 8.460937440395355225e-02 7.409307360649108887e-02 7.366338372230529785e-02 6.484766304492950439e-02 5.633999407291412354e-02 5.048426985740661621e-02 4.437385499477386475e-02 3.844839334487915039e-02 3.519484400749206543e-02 3.391519188880920410e-02 3.350973129272460938e-02 3.350605070590972900e-02 3.302514553070068359e-02 3.285403549671173096e-02 3.361879289150238037e-02 3.468021750450134277e-02 3.553846478462219238e-02 3.580807149410247803e-02 3.668129444122314453e-02 4.103997349739074707e-02 5.867040157318115234e-02 9.801059961318969727e-02 8.473961055278778076e-02 6.310930848121643066e-02 7.524584233760833740e-02 1.378499716520309448e-01 1.032310873270034790e-01 9.766958653926849365e-02
9.991074800491333008e-01 0.000000000000000000e+00 9.996679425239562988e-01 9.996417760848999023e-01 1.548155397176742554e-01 1.444604396820068359e-01 1.159196197986602783e-01 8.043536543846130371e-02 7.496297359466552734e-02 6.890870630741119385e-02 5.831857025623321533e-02 5.512440204620361328e-02 5.152237415313720703e-02 4.738323390483856201e-02 4.315546154975891113e-02 3.850597143173217773e-02 3.573630750179290771e-02 3.429780900478363037e-02 3.313824534416198730e-02 3.227880597114562988e-02 3.185313940048217773e-02 3.222468495368957520e-02 3.338277339935302734e-02 3.431180119514465332e-02 3.477342426776885986e-02 3.766928613185882568e-02 5.131155252456665039e-02 8.586348593235015869e-02 7.911461591720581055e-02 6.129461526870727539e-02 6.178508698940277100e-02 1.500544399023056030e-01 1.859560906887054443e-01 1.146173179149627686e-01 8.464711904525756836e-02
9.988703131675720215e-01 9.996679425239562988e-01 0.000000000000000000e+00 9.998437166213989258e-01 9.994016289710998535e-01 1.704098135232925415e-01 1.411484330892562866e-01 1.002945303916931152e-01 7.762320339679718018e-02 7.151499390602111816e-02 6.058360636234283447e-02 5.247880518436431885e-02 5.258974432945251465e-02 5.060452222824096680e-02 4.874119162559509277e-02 4.591490328311920166e-02 4.216621816158294678e-02 3.949250280857086182e-02 3.676930069923400879e-02 3.430972993373870850e-02 3.349258005619049072e-02 3.430604934692382812e-02 3.576295077800750732e-02 3.632155060768127441e-02 3.811000287532806396e-02 4.488062858581542969e-02 6.920027732849121094e-02 6.550268828868865967e-02 6.681920588016510010e-02 6.881834566593170166e-02 1.547467261552810669e-01 1.768624931573867798e-01 2.265992462635040283e-01 1.719993799924850464e-01 1.212257146835327148e-01
1.348068565130233765e-01 9.996417760848999023e-01 9.998437166213989258e-01 0.000000000000000000e+00 9.998606443405151367e-01 9.997166991233825684e-01 1.919505596160888672e-01 1.376798897981643677e-01 8.977784216403961182e-02 6.916460394859313965e-02 6.602157652378082275e-02 5.810602009296417236e-02 5.335246026515960693e-02 5.549640953540802002e-02 5.439993739128112793e-02 5.335551500320434570e-02 5.153906345367431641e-02 4.870438575744628906e-02 4.495936632156372070e-02 4.008916020393371582e-02 3.783494234085083008e-02 3.691017627716064453e-02 3.640362620353698730e-02 3.811611235141754150e-02 4.532048106193542480e-02 5.501970648765563965e-02 6.481941044330596924e-02 6.883896887302398682e-02 8.379609882831573486e-02 2.567086815834045410e-01 1.416861265897750854e-01 1.022273004055023193e-01 1.897454410791397095e-01 8.024002611637115479e-02 4.370383918285369873e-02
1.298382580280303955e-01 1.548155397176742554e-01 9.994016289710998535e-01 9.998606443405151367e-01 0.000000000000000000e+00 9.999477267265319824e-01 9.998835325241088867e-01 2.034282535314559937e-01 1.307615190744400024e-01 8.416076004505157471e-02 6.637839972972869873e-02 6.485429406166076660e-02 6.268945336341857910e-02 5.992302298545837402e-02 6.506575644016265869e-02 6.337416172027587891e-02 6.271325051784515381e-02 5.934134125709533691e-02 5.458042025566101074e-02 4.767827689647674561e-02 4.275844991207122803e-02 3.892137110233306885e-02 3.906986117362976074e-02 4.610195755958557129e-02 5.850994586944580078e-02 6.980384886264801025e-02 7.661128044128417969e-02 9.915333986282348633e-02 2.270359098911285400e-01 2.075198888778686523e-01 1.045235544443130493e-01 7.544143497943878174e-02 8.340556919574737549e-02 4.219502210617065430e-02 4.383265972137451172e-02
1.165297627449035645e-01 1.444604396820068359e-01 1.704098135232925415e-01 9.997166991233825684e-01 9.999477267265319824e-01 0.000000000000000000e+00 9.999838471412658691e-01 9.999492168426513672e-01 2.226942628622055054e-01 1.350078582763671875e-01 8.641405403614044189e-02 7.502111792564392090e-02 7.633022964000701904e-02 7.588307559490203857e-02 7.710584998130798340e-02 7.945433259010314941e-02 7.652433216571807861e-02 7.101753354072570801e-02 6.457474827766418457e-02 5.804170668125152588e-02 5.120337009429931641e-02 4.610410332679748535e-02 5.148768424987792969e-02 6.495377421379089355e-02 8.579355478286743164e-02 1.028098613023757935e-01 1.477836221456527710e-01 3.016730546951293945e-01 3.279265761375427246e-01 2.166214436292648315e-01 1.036129891872406006e-01 1.073066741228103638e-01 4.135821759700775146e-02 3.858536481857299805e-02 4.350332915782928467e-02
8.389507234096527100e-02 1.159196197986602783e-01 1.411484330892562866e-01 1.919505596160888672e-01 9.998835325241088867e-01 9.999838471412658691e-01 0.000000000000000000e+00 9.999939203262329102e-01 9.999737739562988281e-01 2.452668398618698120e-01 1.445837467908859253e-01 9.579463303089141846e-02 9.280000627040863037e-02 1.026771217584609985e-01 9.995329380035400391e-02 9.964388608932495117e-02 9.795972704887390137e-02 8.763028681278228760e-02 7.865568995475769043e-02 7.134023308753967285e-02 6.639987230300903320e-02 6.857530772686004639e-02 8.054962754249572754e-02 1.070101261138916016e-01 1.334874778985977173e-01 2.261768579483032227e-01 3.341805934906005859e-01 3.796334862709045410e-01 3.049506843090057373e-01 1.706352233886718750e-01 1.411774009466171265e-01 4.486723244190216064e-02 3.770568966865539551e-02 3.669041395187377930e-02 4.122078418731689453e-02
8.460937440395355225e-02 8.043536543846130371e-02 1.002945303916931152e-01 1.376798897981643677e-01 2.034282535314559937e-01 9.999492168426513672e-01 9.999939203262329102e-01 0.000000000000000000e+00 9.999971985816955566e-01 9.999814629554748535e-01 2.730149626731872559e-01 1.683732271194458008e-01 1.143642961978912354e-01 1.112404912710189819e-01 1.360483318567276001e-01 1.217952817678451538e-01 1.246773898601531982e-01 1.163291782140731812e-01 1.018205583095550537e-01 9.559665620326995850e-02 1.052410006523132324e-01 1.315890997648239136e-01 1.743882745504379272e-01 2.149344831705093384e-01 2.914219796657562256e-01 3.829937875270843506e-01 4.146752953529357910e-01 3.449184596538543701e-01 2.032009959220886230e-01 1.735500842332839966e-01 5.401951074600219727e-02 3.969180583953857422e-02 3.519529104232788086e-02 3.462885320186614990e-02 3.603182733058929443e-02
7.409307360649108887e-02 7.496297359466552734e-02 7.762320339679718018e-02 8.977784216403961182e-02 1.307615190744400024e-01 2.226942628622055054e-01 9.999737739562988281e-01 9.999971985816955566e-01 0.000000000000000000e+00 9.999979138374328613e-01 9.999841451644897461e-01 3.004533648490905762e-01 1.935532391071319580e-01 1.355921626091003418e-01 1.281340718269348145e-01 1.380408108234405518e-01 1.413920968770980835e-01 1.455853879451751709e-01 1.481455266475677490e-01 1.551213562488555908e-01 2.122501730918884277e-01 2.888494729995727539e-01 3.340310454368591309e-01 3.749214112758636475e-01 4.502916932106018066e-01 4.854910969734191895e-01 4.171541035175323486e-01 2.911304831504821777e-01 1.900079548358917236e-01 6.692838668823242188e-02 4.493890702724456787e-02 3.608262538909912109e-02 3.316718339920043945e-02 3.224912285804748535e-02 3.381158411502838135e-02
7.366338372230529785e-02 6.890870630741119385e-02 7.151499390602111816e-02 6.916460394859313965e-02 8.416076004505157471e-02 1.350078582763671875e-01 2.452668398618698120e-01 9.999814629554748535e-01 9.999979138374328613e-01 0.000000000000000000e+00 9.999979734420776367e-01 9.999846816062927246e-01 3.018082380294799805e-01 1.929771602153778076e-01 1.490811556577682495e-01 1.305922567844390869e-01 1.330974847078323364e-01 1.393678933382034302e-01 1.559763550758361816e-01 2.309552133083343506e-01 3.326715230941772461e-01 4.015772044658660889e-01 4.525402486324310303e-01 5.127635002136230469e-01 5.683217048645019531e-01 5.007610321044921875e-01 4.056233167648315430e-01 2.634882926940917969e-01 1.080657392740249634e-01 5.747477710247039795e-02 3.960138559341430664e-02 3.250549733638763428e-02 3.081110119819641113e-02 3.077222406864166260e-02 3.287917375564575195e-02
6.484766304492950439e-02 5.831857025623321533e-02 6.058360636234283447e-02 6.602157652378082275e-02 6.637839972972869873e-02 8.641405403614044189e-02 1.445837467908859253e-01 2.730149626731872559e-01 9.999841451644897461e-01 9.999979734420776367e-01 0.000000000000000000e+00 9.999982118606567383e-01 9.999849200248718262e-01 2.759928107261657715e-01 1.670282036066055298e-01 1.389409154653549194e-01 1.158918440341949463e-01 1.225328743457794189e-01 1.333947777748107910e-01 2.197425663471221924e-01 3.413544595241546631e-01 3.804468214511871338e-01 4.420116543769836426e-01 6.250770092010498047e-01 6.138053536415100098e-01 5.314711332321166992e-01 4.319872856140136719e-01 2.544485926628112793e-01 8.931526541709899902e-02 4.929557442665100098e-02 3.461489081382751465e-02 2.982690930366516113e-02 2.954339981079101562e-02 3.023301064968109131e-02 3.099249303340911865e-02
5.633999407291412354e-02 5.512440204620361328e-02 5.247880518436431885e-02 5.810602009296417236e-02 6.485429406166076660e-02 7.502111792564392090e-02 9.579463303089141846e-02 1.683732271194458008e-01 3.004533648490905762e-01 9.999846816062927246e-01 9.999982118606567383e-01 0.000000000000000000e+00 9.999985098838806152e-01 9.999848604202270508e-01 2.547400295734405518e-01 1.510815769433975220e-01 1.188967376947402954e-01 1.121506243944168091e-01 1.352020949125289917e-01 1.696175038814544678e-01 2.842947244644165039e-01 3.557415604591369629e-01 6.752983927726745605e-01 6.777241826057434082e-01 6.550533175468444824e-01 6.247327327728271484e-01 4.848831892013549805e-01 2.074693739414215088e-01 6.933337450027465820e-02 4.136703908443450928e-02 3.131267428398132324e-02 2.847924828529357910e-02 2.883800864219665527e-02 2.841125428676605225e-02 2.908125519752502441e-02
5.048426985740661621e-02 5.152237415313720703e-02 5.258974432945251465e-02 5.335246026515960693e-02 6.268945336341857910e-02 7.633022964000701904e-02 9.280000627040863037e-02 1.143642961978912354e-01 1.935532391071319580e-01 3.018082380294799805e-01 9.999849200248718262e-01 9.999985098838806152e-01 0.000000000000000000e+00 9.999986886978149414e-01 9.999828934669494629e-01 2.655621767044067383e-01 1.444759964942932129e-01 1.237999796867370605e-01 1.509541273117065430e-01 1.706154048442840576e-01 2.446786910295486450e-01 6.517913341522216797e-01 7.470661401748657227e-01 7.104355096817016602e-01 7.028607726097106934e-01 6.228601932525634766e-01 2.541685402393341064e-01 1.152928769588470459e-01 5.633448064327239990e-02 3.675265610218048096e-02 2.919235825538635254e-02 2.705872058868408203e-02 2.722337841987609863e-02 2.672091126441955566e-02 2.812843024730682373e-02
4.437385499477386475e-02 4.738323390483856201e-02 5.060452222824096680e-02 5.549640953540802002e-02 5.992302298545837402e-02 7.588307559490203857e-02 1.026771217584609985e-01 1.112404912710189819e-01 1.355921626091003418e-01 1.929771602153778076e-01 2.759928107261657715e-01 9.999848604202270508e-01 9.999986886978149414e-01 0.000000000000000000e+00 9.999988079071044922e-01 9.999809265136718750e-01 3.299717903137207031e-01 1.684379875659942627e-01 1.641160547733306885e-01 2.433356940746307373e-01 6.574932336807250977e-01 7.634790539741516113e-01 7.379680871963500977e-01 7.458268404006958008e-01 6.707586050033569336e-01 1.523243337869644165e-01 1.257400065660476685e-01 7.953342795372009277e-02 5.159398913383483887e-02 3.482794761657714844e-02 2.746915817260742188e-02 2.551983296871185303e-02 2.560058236122131348e-02 2.561384439468383789e-02 2.797773480415344238e-02
3.844839334487915039e-02 4.315546154975891113e-02 4.874119162559509277e-02 5.439993739128112793e-02 6.506575644016265869e-02 7.710584998130798340e-02 9.995329380035400391e-02 1.360483318567276001e-01 1.281340718269348145e-01 1.490811556577682495e-01 1.670282036066055298e-01 2.547400295734405518e-01 9.999828934669494629e-01 9.999988079071044922e-01 0.000000000000000000e+00 9.999989271163940430e-01 9.999825954437255859e-01 4.461138248443603516e-01 2.861741185188293457e-01 3.651169538497924805e-01 6.291975975036621094e-01 7.655816078186035156e-01 7.421420216560363770e-01 6.866645812988281250e-01 1.379835158586502075e-01 1.217065006494522095e-01 8.846068382263183594e-02 6.886997818946838379e-02 5.024023354053497314e-02 3.443455696105957031e-02 2.695116400718688965e-02 2.462665736675262451e-02 2.485801279544830322e-02 2.544817328453063965e-02 2.816535532474517822e-02
3.519484400749206543e-02 3.850597143173217773e-02 4.591490328311920166e-02 5.335551500320434570e-02 6.337416172027587891e-02 7.945433259010314941e-02 9.964388608932495117e-02 1.217952817678451538e-01 1.380408108234405518e-01 1.305922567844390869e-01 1.389409154653549194e-01 1.510815769433975220e-01 2.655621767044067383e-01 9.999809265136718750e-01 9.999989271163940430e-01 0.000000000000000000e+00 9.999991655349731445e-01 9.999833106994628906e-01 7.574231624603271484e-01 4.858015179634094238e-01 5.216986536979675293e-01 5.785859823226928711e-01 6.059926748275756836e-01 1.146544814109802246e-01 1.329949498176574707e-01 9.960296750068664551e-02 7.880252599716186523e-02 6.376647949218750000e-02 4.944118857383728027e-02 3.615644574165344238e-02 2.795824408531188965e-02 2.524097263813018799e-02 2.535036206245422363e-02 2.603706717491149902e-02 2.847626805305480957e-02
3.391519188880920410e-02 3.573630750179290771e-02 4.216621816158294678e-02 5.153906345367431641e-02 6.271325051784515381e-02 7.652433216571807861e-02 9.795972704887390137e-02 1.246773898601531982e-01 1.413920968770980835e-01 1.330974847078323364e-01 1.158918440341949463e-01 1.188967376947402954e-01 1.444759964942932129e-01 3.299717903137207031e-01 9.999825954437255859e-01 9.999991655349731445e-01 0.000000000000000000e+00 9.999993443489074707e-01 9.999872446060180664e-01 7.637568712234497070e-01 3.982957303524017334e-01 3.616001009941101074e-01 1.137455850839614868e-01 1.135522872209548950e-01 1.028996706008911133e-01 8.774864673614501953e-02 7.755264639854431152e-02 6.291860342025756836e-02 5.207398533821105957e-02 3.976678848266601562e-02 3.019608557224273682e-02 2.737893164157867432e-02 2.727466821670532227e-02 2.713386714458465576e-02 2.879236638545989990e-02
3.350973129272460938e-02 3.429780900478363037e-02 3.949250280857086182e-02 4.870438575744628906e-02 5.934134125709533691e-02 7.101753354072570801e-02 8.763028681278228760e-02 1.163291782140731812e-01 1.455853879451751709e-01 1.393678933382034302e-01 1.225328743457794189e-01 1.121506243944168091e-01 1.237999796867370605e-01 1.684379875659942627e-01 4.461138248443603516e-01 9.999833106994628906e-01 9.999993443489074707e-01 0.000000000000000000e+00 9.999992847442626953e-01 9.999827146530151367e-01 6.319814920425415039e-01 2.493103444576263428e-01 1.660549789667129517e-01 1.202910542488098145e-01 1.030784249305725098e-01 8.439311385154724121e-02 7.518564164638519287e-02 6.161744892597198486e-02 5.346751213073730469e-02 4.495921730995178223e-02 3.539822995662689209e-02 3.086261451244354248e-02 3.009594976902008057e-02 2.893953025341033936e-02 2.948650717735290527e-02
3.350605070590972900e-02 3.313824534416198730e-02 3.676930069923400879e-02 4.495936632156372070e-02 5.458042025566101074e-02 6.457474827766418457e-02 7.865568995475769043e-02 1.018205583095550537e-01 1.481455266475677490e-01 1.559763550758361816e-01 1.333947777748107910e-01 1.352020949125289917e-01 1.509541273117065430e-01 1.641160547733306885e-01 2.861741185188293457e-01 7.574231624603271484e-01 9.999872446060180664e-01 9.999992847442626953e-01 0.000000000000000000e+00 9.999989271163940430e-01 9.999637603759765625e-01 5.890477895736694336e-01 2.547764480113983154e-01 1.488064527511596680e-01 1.092453449964523315e-01 8.592174947261810303e-02 7.295246422290802002e-02 6.149101257324218750e-02 5.402956902980804443e-02 4.868465662002563477e-02 4.219232499599456787e-02 3.748440742492675781e-02 3.394789993762969971e-02 3.110845386981964111e-02 3.056402504444122314e-02
3.302514553070068359e-02 3.227880597114562988e-02 3.430972993373870850e-02 4.008916020393371582e-02 4.767827689647674561e-02 5.804170668125152588e-02 7.134023308753967285e-02 9.559665620326995850e-02 1.551213562488555908e-01 2.309552133083343506e-01 2.197425663471221924e-01 1.696175038814544678e-01 1.706154048442840576e-01 2.433356940746307373e-01 3.651169538497924805e-01 4.858015179634094238e-01 7.637568712234497070e-01 9.999827146530151367e-01 9.999989271163940430e-01 0.000000000000000000e+00 9.999976158142089844e-01 9.999667406082153320e-01 5.856088995933532715e-01 2.536328434944152832e-01 1.266476362943649292e-01 9.425178170204162598e-02 7.309652864933013916e-02 6.761418282985687256e-02 5.639742314815521240e-02 5.141839385032653809e-02 4.786837100982666016e-02 4.283076524734497070e-02 3.892883658409118652e-02 3.361167013645172119e-02 3.194031119346618652e-02
3.285403549671173096e-02 3.185313940048217773e-02 3.349258005619049072e-02 3.783494234085083008e-02 4.275844991207122803e-02 5.120337009429931641e-02 6.639987230300903320e-02 1.052410006523132324e-01 2.122501730918884277e-01 3.326715230941772461e-01 3.413544595241546631e-01 2.842947244644165039e-01 2.446786910295486450e-01 6.574932336807250977e-01 6.291975975036621094e-01 5.216986536979675293e-01 3.982957303524017334e-01 6.319814920425415039e-01 9.999637603759765625e-01 9.999976158142089844e-01 0.000000000000000000e+00 9.999973773956298828e-01 9.999657869338989258e-01 5.100370645523071289e-01 2.055623382329940796e-01 1.099237799644470215e-01 8.411887288093566895e-02 7.007831335067749023e-02 6.453055143356323242e-02 5.529108643531799316e-02 5.094720423221588135e-02 4.666404426097869873e-02 4.295843839645385742e-02 3.771845996379852295e-02 3.431023657321929932e-02
3.361879289150238037e-02 3.222468495368957520e-02 3.430604934692382812e-02 3.691017627716064453e-02 3.892137110233306885e-02 4.610410332679748535e-02 6.857530772686004639e-02 1.315890997648239136e-01 2.888494729995727539e-01 4.015772044658660889e-01 3.804468214511871338e-01 3.557415604591369629e-01 6.517913341522216797e-01 7.634790539741516113e-01 7.655816078186035156e-01 5.785859823226928711e-01 3.616001009941101074e-01 2.493103444576263428e-01 5.890477895736694336e-01 9.999667406082153320e-01 9.999973773956298828e-01 0.000000000000000000e+00 9.999969601631164551e-01 9.999562501907348633e-01 3.692159056663513184e-01 1.651771515607833862e-01 1.045581400394439697e-01 8.071669936180114746e-02 7.177518308162689209e-02 6.433254480361938477e-02 5.432650446891784668e-02 4.950314760208129883e-02 4.611057043075561523e-02 4.137457907199859619e-02 3.712439537048339844e-02
3.468021750450134277e-02 3.338277339935302734e-02 3.576295077800750732e-02 3.640362620353698730e-02 3.906986117362976074e-02 5.148768424987792969e-02 8.054962754249572754e-02 1.743882745504379272e-01 3.340310454368591309e-01 4.525402486324310303e-01 4.420116543769836426e-01 6.752983927726745605e-01 7.470661401748657227e-01 7.379680871963500977e-01 7.421420216560363770e-01 6.059926748275756836e-01 1.137455850839614868e-01 1.660549789667129517e-01 2.547764480113983154e-01 5.856088995933532715e-01 9.999657869338989258e-01 9.999969601631164551e-01 0.000000000000000000e+00 9.999951124191284180e-01 9.999302625656127930e-01 2.848285436630249023e-01 1.482412070035934448e-01 1.026212573051452637e-01 7.802930474281311035e-02 7.056482136249542236e-02 6.118376553058624268e-02 5.141590535640716553e-02 4.706075787544250488e-02 4.413831233978271484e-02 3.928917646408081055e-02
3.553846478462219238e-02 3.431180119514465332e-02 3.632155060768127441e-02 3.811611235141754150e-02 4.610195755958557129e-02 6.495377421379089355e-02 1.070101261138916016e-01 2.149344831705093384e-01 3.749214112758636475e-01 5.127635002136230469e-01 6.250770092010498047e-01 6.777241826057434082e-01 7.104355096817016602e-01 7.458268404006958008e-01 6.866645812988281250e-01 1.146544814109802246e-01 1.135522872209548950e-01 1.202910542488098145e-01 1.488064527511596680e-01 2.536328434944152832e-01 5.100370645523071289e-01 9.999562501907348633e-01 9.999951124191284180e-01 0.000000000000000000e+00 9.999917745590209961e-01 9.998965859413146973e-01 2.465570122003555298e-01 1.418907344341278076e-01 1.004662513732910156e-01 7.408298552036285400e-02 6.533771753311157227e-02 5.403955280780792236e-02 4.683750867843627930e-02 4.513557255268096924e-02 4.128810763359069824e-02
3.580807149410247803e-02 3.477342426776885986e-02 3.811000287532806396e-02 4.532048106193542480e-02 5.850994586944580078e-02 8.579355478286743164e-02 1.334874778985977173e-01 2.914219796657562256e-01 4.502916932106018066e-01 5.683217048645019531e-01 6.138053536415100098e-01 6.550533175468444824e-01 7.028607726097106934e-01 6.707586050033569336e-01 1.379835158586502075e-01 1.329949498176574707e-01 1.028996706008911133e-01 1.030784249305725098e-01 1.092453449964523315e-01 1.266476362943649292e-01 2.055623382329940796e-01 3.692159056663513184e-01 9.999302625656127930e-01 9.999917745590209961e-01 0.000000000000000000e+00 9.999874830245971680e-01 9.998601078987121582e-01 2.194664329290390015e-01 1.364639550447463989e-01 9.714084863662719727e-02 6.768952310085296631e-02 5.525310337543487549e-02 4.778675734996795654e-02 4.365046322345733643e-02 4.198476672172546387e-02
3.668129444122314453e-02 3.766928613185882568e-02 4.488062858581542969e-02 5.501970648765563965e-02 6.980384886264801025e-02 1.028098613023757935e-01 2.261768579483032227e-01 3.829937875270843506e-01 4.854910969734191895e-01 5.007610321044921875e-01 5.314711332321166992e-01 6.247327327728271484e-01 6.228601932525634766e-01 1.523243337869644165e-01 1.217065006494522095e-01 9.960296750068664551e-02 8.774864673614501953e-02 8.439311385154724121e-02 8.592174947261810303e-02 9.425178170204162598e-02 1.099237799644470215e-01 1.651771515607833862e-01 2.848285436630249023e-01 9.998965859413146973e-01 9.999874830245971680e-01 0.000000000000000000e+00 9.999823570251464844e-01 9.998097419738769531e-01 1.994687318801879883e-01 1.308126300573348999e-01 8.783264458179473877e-02 5.683934688568115234e-02 4.736252129077911377e-02 4.265373945236206055e-02 3.977823257446289062e-02
4.103997349739074707e-02 5.131155252456665039e-02 6.920027732849121094e-02 6.481941044330596924e-02 7.661128044128417969e-02 1.477836221456527710e-01 3.341805934906005859e-01 4.146752953529357910e-01 4.171541035175323486e-01 4.056233167648315430e-01 4.319872856140136719e-01 4.848831892013549805e-01 2.541685402393341064e-01 1.257400065660476685e-01 8.846068382263183594e-02 7.880252599716186523e-02 7.755264639854431152e-02 7.518564164638519287e-02 7.295246422290802002e-02 7.309652864933013916e-02 8.411887288093566895e-02 1.045581400394439697e-01 1.482412070035934448e-01 2.465570122003555298e-01 9.998601078987121582e-01 9.999823570251464844e-01 0.000000000000000000e+00 9.999703168869018555e-01 9.996834397315979004e-01 1.818290650844573975e-01 1.253500729799270630e-01 7.381415367126464844e-02 4.821969568729400635e-02 4.152421653270721436e-02 3.750038146972656250e-02
5.867040157318115234e-02 8.586348593235015869e-02 6.550268828868865967e-02 6.883896887302398682e-02 9.915333986282348633e-02 3.016730546951293945e-01 3.796334862709045410e-01 3.449184596538543701e-01 2.911304831504821777e-01 2.634882926940917969e-01 2.544485926628112793e-01 2.074693739414215088e-01 1.152928769588470459e-01 7.953342795372009277e-02 6.886997818946838379e-02 6.376647949218750000e-02 6.291860342025756836e-02 6.161744892597198486e-02 6.149101257324218750e-02 6.761418282985687256e-02 7.007831335067749023e-02 8.071669936180114746e-02 1.026212573051452637e-01 1.418907344341278076e-01 2.194664329290390015e-01 9.998097419738769531e-01 9.999703168869018555e-01 0.000000000000000000e+00 9.999296665191650391e-01 9.993690252304077148e-01 1.686352491378784180e-01 1.199172288179397583e-01 6.395895779132843018e-02 4.418252408504486084e-02 3.730681538581848145e-02
9.801059961318969727e-02 7.911461591720581055e-02 6.681920588016510010e-02 8.379609882831573486e-02 2.270359098911285400e-01 3.279265761375427246e-01 3.049506843090057373e-01 2.032009959220886230e-01 1.900079548358917236e-01 1.080657392740249634e-01 8.931526541709899902e-02 6.933337450027465820e-02 5.633448064327239990e-02 5.159398913383483887e-02 5.024023354053497314e-02 4.944118857383728027e-02 5.207398533821105957e-02 5.346751213073730469e-02 5.402956902980804443e-02 5.639742314815521240e-02 6.453055143356323242e-02 7.177518308162689209e-02 7.802930474281311035e-02 1.004662513732910156e-01 1.364639550447463989e-01 1.994687318801879883e-01 9.996834397315979004e-01 9.999296665191650391e-01 0.000000000000000000e+00 9.998393058776855469e-01 9.989415407180786133e-01 1.587227135896682739e-01 1.075655817985534668e-01 5.628100037574768066e-02 4.274363815784454346e-02
8.473961055278778076e-02 6.129461526870727539e-02 6.881834566593170166e-02 2.567086815834045410e-01 2.075198888778686523e-01 2.166214436292648315e-01 1.706352233886718750e-01 1.735500842332839966e-01 6.692838668823242188e-02 5.747477710247039795e-02 4.929557442665100098e-02 4.136703908443450928e-02 3.675265610218048096e-02 3.482794761657714844e-02 3.443455696105957031e-02 3.615644574165344238e-02 3.976678848266601562e-02 4.495921730995178223e-02 4.868465662002563477e-02 5.141839385032653809e-02 5.529108643531799316e-02 6.433254480361938477e-02 7.056482136249542236e-02 7.408298552036285400e-02 9.714084863662719727e-02 1.308126300573348999e-01 1.818290650844573975e-01 9.993690252304077148e-01 9.998393058776855469e-01 0.000000000000000000e+00 9.997000694274902344e-01 9.983768463134765625e-01 1.429721713066101074e-01 1.000547856092453003e-01 5.559329688549041748e-02
6.310930848121643066e-02 6.178508698940277100e-02 1.547467261552810669e-01 1.416861265897750854e-01 1.045235544443130493e-01 1.036129891872406006e-01 1.411774009466171265e-01 5.401951074600219727e-02 4.493890702724456787e-02 3.960138559341430664e-02 3.461489081382751465e-02 3.131267428398132324e-02 2.919235825538635254e-02 2.746915817260742188e-02 2.695116400718688965e-02 2.795824408531188965e-02 3.019608557224273682e-02 3.539822995662689209e-02 4.219232499599456787e-02 4.786837100982666016e-02 5.094720423221588135e-02 5.432650446891784668e-02 6.118376553058624268e-02 6.533771753311157227e-02 6.768952310085296631e-02 8.783264458179473877e-02 1.253500729799270630e-01 1.686352491378784180e-01 9.989415407180786133e-01 9.997000694274902344e-01 0.000000000000000000e+00 9.993879795074462891e-01 9.972422719001770020e-01 1.368119716644287109e-01 9.106227755546569824e-02
7.524584233760833740e-02 1.500544399023056030e-01 1.768624931573867798e-01 1.022273004055023193e-01 7.544143497943878174e-02 1.073066741228103638e-01 4.486723244190216064e-02 3.969180583953857422e-02 3.608262538909912109e-02 3.250549733638763428e-02 2.982690930366516113e-02 2.847924828529357910e-02 2.705872058868408203e-02 2.551983296871185303e-02 2.462665736675262451e-02 2.524097263813018799e-02 2.737893164157867432e-02 3.086261451244354248e-02 3.748440742492675781e-02 4.283076524734497070e-02 4.666404426097869873e-02 4.950314760208129883e-02 5.141590535640716553e-02 5.403955280780792236e-02 5.525310337543487549e-02 5.683934688568115234e-02 7.381415367126464844e-02 1.199172288179397583e-01 1.587227135896682739e-01 9.983768463134765625e-01 9.993879795074462891e-01 0.000000000000000000e+00 9.991411566734313965e-01 9.945703744888305664e-01 1.454767882823944092e-01
1.378499716520309448e-01 1.859560906887054443e-01 2.265992462635040283e-01 1.897454410791397095e-01 8.340556919574737549e-02 4.135821759700775146e-02 3.770568966865539551e-02 3.519529104232788086e-02 3.316718339920043945e-02 3.081110119819641113e-02 2.954339981079101562e-02 2.883800864219665527e-02 2.722337841987609863e-02 2.560058236122131348e-02 2.485801279544830322e-02 2.535036206245422363e-02 2.727466821670532227e-02 3.009594976902008057e-02 3.394789993762969971e-02 3.892883658409118652e-02 4.295843839645385742e-02 4.611057043075561523e-02 4.706075787544250488e-02 4.683750867843627930e-02 4.778675734996795654e-02 4.736252129077911377e-02 4.821969568729400635e-02 6.395895779132843018e-02 1.075655817985534668e-01 1.429721713066101074e-01 9.972422719001770020e-01 9.991411566734313965e-01 0.000000000000000000e+00 9.983076453208923340e-01 9.860940575599670410e-01
1.032310873270034790e-01 1.146173179149627686e-01 1.719993799924850464e-01 8.024002611637115479e-02 4.219502210617065430e-02 3.858536481857299805e-02 3.669041395187377930e-02 3.462885320186614990e-02 3.224912285804748535e-02 3.077222406864166260e-02 3.023301064968109131e-02 2.841125428676605225e-02 2.672091126441955566e-02 2.561384439468383789e-02 2.544817328453063965e-02 2.603706717491149902e-02 2.713386714458465576e-02 2.893953025341033936e-02 3.110845386981964111e-02 3.361167013645172119e-02 3.771845996379852295e-02 4.137457907199859619e-02 4.413831233978271484e-02 4.513557255268096924e-02 4.365046322345733643e-02 4.265373945236206055e-02 4.152421653270721436e-02 4.418252408504486084e-02 5.628100037574768066e-02 1.000547856092453003e-01 1.368119716644287109e-01 9.945703744888305664e-01 9.983076453208923340e-01 0.000000000000000000e+00 9.967719316482543945e-01
9.766958653926849365e-02 8.464711904525756836e-02 1.212257146835327148e-01 4.370383918285369873e-02 4.383265972137451172e-02 4.350332915782928467e-02 4.122078418731689453e-02 3.603182733058929443e-02 3.381158411502838135e-02 3.287917375564575195e-02 3.099249303340911865e-02 2.908125519752502441e-02 2.812843024730682373e-02 2.797773480415344238e-02 2.816535532474517822e-02 2.847626805305480957e-02 2.879236638545989990e-02 2.948650717735290527e-02 3.056402504444122314e-02 3.194031119346618652e-02 3.431023657321929932e-02 3.712439537048339844e-02 3.928917646408081055e-02 4.128810763359069824e-02 4.198476672172546387e-02 3.977823257446289062e-02 3.750038146972656250e-02 3.730681538581848145e-02 4.274363815784454346e-02 5.559329688549041748e-02 9.106227755546569824e-02 1.454767882823944092e-01 9.860940575599670410e-01 9.967719316482543945e-01 0.000000000000000000e+00
