0.000000000000000000e+00 9.994406700134277344e-01 9.992194175720214844e-01 1.355198770761489868e-01 1.276561021804809570e-01 1.134507209062576294e-01 8.369572460651397705e-02 8.672168850898742676e-02 8.069288730621337891e-02 8.913105726242065430e-02 8.124184608459472656e-02 6.946183741092681885e-02 5.977664887905120850e-02 5.100341141223907471e-02 4.171901941299438477e-02 3.612157702445983887e-02 3.327235579490661621e-02 3.168921172618865967e-02 3.149566054344177246e-02 3.212223947048187256e-02 3.296589851379394531e-02 3.372314572334289551e-02 3.430990874767303467e-02 3.492082655429840088e-02 3.526231646537780762e-02 3.563638031482696533e-02 3.608107566833496094e-02 3.652082383632659912e-02 3.667864203453063965e-02 3.634044528007507324e-02 3.671328723430633545e-02 3.851240873336791992e-02 4.197308421134948730e-02 4.480150341987609863e-02 4.451507329940795898e-02 4.290750622749328613e-02 4.035343229770660400e-02 3.931580483913421631e-02 3.741972148418426514e-02 3.605969250202178955e-02 3.570894896984100342e-02 3.641541302204132080e-02 3.705029189586639404e-02 3.742156922817230225e-02 3.790892660617828369e-02 3.818528354167938232e-02 3.778436779975891113e-02 3.677748143672943115e-02 3.550711274147033691e-02 3.437240421772003174e-02 3.378993272781372070e-02 3.324677050113677979e-02 3.274153172969818115e-02 3.309877216815948486e-02 3.416742384433746338e-02 3.617076575756072998e-02 3.763191401958465576e-02 4.034812748432159424e-02 4.575672745704650879e-02 8.007273077964782715e-02 2.198622971773147583e-01 3.844133317470550537e-01 3.180114924907684326e-01 8.204007148742675781e-02 1.047971248626708984e-01 8.912476301193237305e-01 9.334575533866882324e-01 9.106568694114685059e-01
9.994406700134277344e-01 0.000000000000000000e+00 9.997894763946533203e-01 9.997534155845642090e-01 1.541829109191894531e-01 1.422237902879714966e-01 1.161889135837554932e-01 8.448189496994018555e-02 8.473412692546844482e-02 8.407279849052429199e-02 7.542976737022399902e-02 6.943286955356597900e-02 6.016342341899871826e-02 5.203905701637268066e-02 4.515856504440307617e-02 3.853505849838256836e-02 3.399728238582611084e-02 3.166036307811737061e-02 3.108094632625579834e-02 3.130538761615753174e-02 3.221207857131958008e-02 3.324705362319946289e-02 3.398796916007995605e-02 3.457808494567871094e-02 3.482946753501892090e-02 3.501658141613006592e-02 3.514099121093750000e-02 3.515455126762390137e-02 3.488638997077941895e-02 3.447467088699340820e-02 3.491757810115814209e-02 3.774754703044891357e-02 4.028391838073730469e-02 4.192268848419189453e-02 4.290378093719482422e-02 4.263201355934143066e-02 4.118131101131439209e-02 3.977756202220916748e-02 3.811831772327423096e-02 3.728277981281280518e-02 3.724473714828491211e-02 3.794978559017181396e-02 3.848032653331756592e-02 3.854179382324218750e-02 3.908035159111022949e-02 3.900168836116790771e-02 3.754232823848724365e-02 3.555837273597717285e-02 3.431233763694763184e-02 3.322255611419677734e-02 3.212544322013854980e-02 3.115160763263702393e-02 3.056077659130096436e-02 3.079119324684143066e-02 3.209143877029418945e-02 3.299294412136077881e-02 3.445637226104736328e-02 3.822781145572662354e-02 5.587753653526306152e-02 1.672389954328536987e-01 3.167807757854461670e-01 2.556782960891723633e-01 7.310700416564941406e-02 9.105405211448669434e-02 8.761100172996520996e-01 9.615397453308105469e-01 9.622047543525695801e-01 9.150567054748535156e-01
9.992194175720214844e-01 9.997894763946533203e-01 0.000000000000000000e+00 9.998980760574340820e-01 9.995597600936889648e-01 1.715310066938400269e-01 1.425635069608688354e-01 1.066371798515319824e-01 8.739398419857025146e-02 8.769674599170684814e-02 7.759252190589904785e-02 6.532786786556243896e-02 6.253936886787414551e-02 5.425408482551574707e-02 4.893231391906738281e-02 4.401025176048278809e-02 3.951856493949890137e-02 3.581485152244567871e-02 3.370898962020874023e-02 3.283680975437164307e-02 3.315778076648712158e-02 3.407025337219238281e-02 3.505887091159820557e-02 3.584460914134979248e-02 3.651632368564605713e-02 3.640837967395782471e-02 3.562289476394653320e-02 3.517277538776397705e-02 3.530004620552062988e-02 3.622850775718688965e-02 3.795135021209716797e-02 4.110051691532135010e-02 4.262058436870574951e-02 4.375128448009490967e-02 4.413419961929321289e-02 4.457303881645202637e-02 4.368096590042114258e-02 4.188723862171173096e-02 4.063470661640167236e-02 3.927443921566009521e-02 3.906317055225372314e-02 3.958210349082946777e-02 4.128216207027435303e-02 4.317116737365722656e-02 4.318945109844207764e-02 4.148589074611663818e-02 3.876781463623046875e-02 3.662842512130737305e-02 3.499753773212432861e-02 3.374671936035156250e-02 3.255042433738708496e-02 3.135204315185546875e-02 3.092937171459197998e-02 3.162756562232971191e-02 3.356955945491790771e-02 3.525331616401672363e-02 3.747279942035675049e-02 4.731103777885437012e-02 1.114912033081054688e-01 2.587475776672363281e-01 2.133660018444061279e-01 6.597407162189483643e-02 8.317375183105468750e-02 8.371311426162719727e-01 9.188672304153442383e-01 9.558492898941040039e-01 9.606922864913940430e-01 8.959021568298339844e-01
1.355198770761489868e-01 9.997534155845642090e-01 9.998980760574340820e-01 0.000000000000000000e+00 9.999009370803833008e-01 9.997756481170654297e-01 1.955530345439910889e-01 1.429117769002914429e-01 9.784159064292907715e-02 8.659219741821289062e-02 8.645962178707122803e-02 7.256408035755157471e-02 6.400185823440551758e-02 6.088191270828247070e-02 5.512367188930511475e-02 5.102756619453430176e-02 4.820235073566436768e-02 4.475143551826477051e-02 4.166428744792938232e-02 3.868611156940460205e-02 3.761824965476989746e-02 3.825965523719787598e-02 3.902690112590789795e-02 3.946776688098907471e-02 3.950616717338562012e-02 3.878830373287200928e-02 3.716352581977844238e-02 3.640940785408020020e-02 3.685635328292846680e-02 3.809367120265960693e-02 4.080967605113983154e-02 4.348407685756683350e-02 4.539735615253448486e-02 4.753012955188751221e-02 4.939907789230346680e-02 4.852281510829925537e-02 4.611796140670776367e-02 4.407030344009399414e-02 4.364858567714691162e-02 4.382508993148803711e-02 4.574383795261383057e-02 4.990312457084655762e-02 5.380417406558990479e-02 5.613079667091369629e-02 5.114817619323730469e-02 4.492956399917602539e-02 4.248452186584472656e-02 4.053777456283569336e-02 3.776936233043670654e-02 3.635373711585998535e-02 3.487910330295562744e-02 3.319559991359710693e-02 3.243117034435272217e-02 3.403709828853607178e-02 3.488808870315551758e-02 3.676502406597137451e-02 4.265408217906951904e-02 8.447737991809844971e-02 2.348672151565551758e-01 1.910087764263153076e-01 6.531150639057159424e-02 7.979708909988403320e-02 8.314470052719116211e-01 8.763826489448547363e-01 9.281481504440307617e-01 9.525714516639709473e-01 9.640563726425170898e-01 4.805009067058563232e-02
1.276561021804809570e-01 1.541829109191894531e-01 9.995597600936889648e-01 9.999009370803833008e-01 0.000000000000000000e+00 9.999591112136840820e-01 9.999012947082519531e-01 2.104384154081344604e-01 1.397859305143356323e-01 9.465777873992919922e-02 8.191761374473571777e-02 8.272339403629302979e-02 7.181271910667419434e-02 6.614047288894653320e-02 6.539769470691680908e-02 6.026686728000640869e-02 5.904263257980346680e-02 5.606146156787872314e-02 5.468443036079406738e-02 5.076922476291656494e-02 4.778687655925750732e-02 4.534858465194702148e-02 4.316383600234985352e-02 4.205155372619628906e-02 4.109407961368560791e-02 4.013970494270324707e-02 3.863896429538726807e-02 3.765256702899932861e-02 3.762237727642059326e-02 3.934608399868011475e-02 4.215738177299499512e-02 4.702429473400115967e-02 5.167107284069061279e-02 5.407081544399261475e-02 5.825324356555938721e-02 5.485191941261291504e-02 4.982934892177581787e-02 4.676246643066406250e-02 4.708869755268096924e-02 4.955697059631347656e-02 5.640903115272521973e-02 6.396798789501190186e-02 6.847006082534790039e-02 6.708811223506927490e-02 6.015680730342864990e-02 5.120916664600372314e-02 4.717601835727691650e-02 4.419983923435211182e-02 4.174147546291351318e-02 3.986047208309173584e-02 3.791598975658416748e-02 3.631719946861267090e-02 3.548006713390350342e-02 3.618372976779937744e-02 3.626422584056854248e-02 4.031668603420257568e-02 6.224170327186584473e-02 1.707223951816558838e-01 1.738368123769760132e-01 7.233786582946777344e-02 8.586402237415313721e-02 7.746897339820861816e-01 8.598628044128417969e-01 8.804098367691040039e-01 9.014973640441894531e-01 9.420433640480041504e-01 3.930506110191345215e-02 3.428025543689727783e-02
1.134507209062576294e-01 1.422237902879714966e-01 1.715310066938400269e-01 9.997756481170654297e-01 9.999591112136840820e-01 0.000000000000000000e+00 9.999862313270568848e-01 9.999529123306274414e-01 2.386894226074218750e-01 1.505715996026992798e-01 1.007587909698486328e-01 9.234933555126190186e-02 9.195940196514129639e-02 7.965274155139923096e-02 7.486698031425476074e-02 7.589063048362731934e-02 7.194891571998596191e-02 7.244244217872619629e-02 7.083515822887420654e-02 6.793649494647979736e-02 6.098644435405731201e-02 5.444423854351043701e-02 4.979123175144195557e-02 4.650227725505828857e-02 4.422451555728912354e-02 4.252068698406219482e-02 4.094360768795013428e-02 3.946226835250854492e-02 3.976467251777648926e-02 4.174825549125671387e-02 4.691398143768310547e-02 5.728623270988464355e-02 6.925928592681884766e-02 8.598281443119049072e-02 8.997227251529693604e-02 6.800714135169982910e-02 5.780909955501556396e-02 5.749361217021942139e-02 6.104752421379089355e-02 6.885662674903869629e-02 7.939560711383819580e-02 9.266875684261322021e-02 9.330515563488006592e-02 8.181017637252807617e-02 7.041682302951812744e-02 6.168422102928161621e-02 5.633272230625152588e-02 5.177704989910125732e-02 4.803161323070526123e-02 4.489836096763610840e-02 4.311588406562805176e-02 4.064898192882537842e-02 3.904807567596435547e-02 3.928950428962707520e-02 4.191686213016510010e-02 5.320671200752258301e-02 1.023740917444229126e-01 1.534051597118377686e-01 8.264517784118652344e-02 1.007942706346511841e-01 7.777482271194458008e-01 8.818984031677246094e-01 9.061861634254455566e-01 8.919746875762939453e-01 9.104449748992919922e-01 3.808401525020599365e-02 2.997496724128723145e-02 3.392468392848968506e-02
8.369572460651397705e-02 1.161889135837554932e-01 1.425635069608688354e-01 1.955530345439910889e-01 9.999012947082519531e-01 9.999862313270568848e-01 0.000000000000000000e+00 9.999942779541015625e-01 9.999724030494689941e-01 2.678332924842834473e-01 1.695604920387268066e-01 1.094075590372085571e-01 1.011628508567810059e-01 1.065031439065933228e-01 9.058661758899688721e-02 8.562965691089630127e-02 8.873863518238067627e-02 8.531928062438964844e-02 8.828946948051452637e-02 9.607416391372680664e-02 8.437062799930572510e-02 7.215607166290283203e-02 6.084531545639038086e-02 5.386811494827270508e-02 5.009910464286804199e-02 4.684449732303619385e-02 4.422549903392791748e-02 4.231721162796020508e-02 4.259555041790008545e-02 4.973770678043365479e-02 6.411877274513244629e-02 8.485372364521026611e-02 1.213020533323287964e-01 1.679391413927078247e-01 1.384743601083755493e-01 8.997835218906402588e-02 7.579582929611206055e-02 7.421925663948059082e-02 7.624188065528869629e-02 8.024758100509643555e-02 8.852960169315338135e-02 9.681797027587890625e-02 9.801913797855377197e-02 9.125675261020660400e-02 8.293655514717102051e-02 7.436291873455047607e-02 6.850747764110565186e-02 6.112685799598693848e-02 5.426767468452453613e-02 5.094312131404876709e-02 4.879002273082733154e-02 4.520136117935180664e-02 4.456681013107299805e-02 4.704171419143676758e-02 5.549561977386474609e-02 7.069011032581329346e-02 9.561389684677124023e-02 9.046924114227294922e-02 1.190215200185775757e-01 6.468028426170349121e-01 8.221465945243835449e-01 8.769304752349853516e-01 8.582368493080139160e-01 8.551484346389770508e-01 4.423592984676361084e-02 2.992844581604003906e-02 3.042787313461303711e-02 3.468410670757293701e-02
8.672168850898742676e-02 8.448189496994018555e-02 1.066371798515319824e-01 1.429117769002914429e-01 2.104384154081344604e-01 9.999529123306274414e-01 9.999942779541015625e-01 0.000000000000000000e+00 9.999970197677612305e-01 9.999770522117614746e-01 3.086434006690979004e-01 1.882287859916687012e-01 1.190878897905349731e-01 1.044937670230865479e-01 1.073772609233856201e-01 9.829513728618621826e-02 1.006729900836944580e-01 1.123049855232238770e-01 1.163094192743301392e-01 1.227349936962127686e-01 1.177406013011932373e-01 9.868393838405609131e-02 7.768206298351287842e-02 6.391449272632598877e-02 5.703066289424896240e-02 5.234076082706451416e-02 4.798699915409088135e-02 4.711700975894927979e-02 5.492827296257019043e-02 7.032866775989532471e-02 9.515681862831115723e-02 1.471441090106964111e-01 2.260216474533081055e-01 2.298438251018524170e-01 1.604790389537811279e-01 1.117855608463287354e-01 9.251607954502105713e-02 8.197925984859466553e-02 7.686507701873779297e-02 7.489135861396789551e-02 7.883235812187194824e-02 8.489926159381866455e-02 9.122559428215026855e-02 8.969786763191223145e-02 8.708138763904571533e-02 8.360828459262847900e-02 7.622221112251281738e-02 6.420557200908660889e-02 5.660015344619750977e-02 5.379876494407653809e-02 5.161117017269134521e-02 4.922336339950561523e-02 5.192098021507263184e-02 6.093770265579223633e-02 7.169403135776519775e-02 8.167470991611480713e-02 1.006638407707214355e-01 1.346054524183273315e-01 3.875357508659362793e-01 5.892212986946105957e-01 7.033745050430297852e-01 7.019586563110351562e-01 7.435750961303710938e-01 5.746607482433319092e-02 3.355118632316589355e-02 3.006580471992492676e-02 3.066784143447875977e-02 3.379935026168823242e-02
8.069288730621337891e-02 8.473412692546844482e-02 8.739398419857025146e-02 9.784159064292907715e-02 1.397859305143356323e-01 2.386894226074218750e-01 9.999724030494689941e-01 9.999970197677612305e-01 0.000000000000000000e+00 9.999974966049194336e-01 9.999803304672241211e-01 3.288193941116333008e-01 1.940508037805557251e-01 1.232931613922119141e-01 1.070380210876464844e-01 1.113937497138977051e-01 1.152528524398803711e-01 1.372881084680557251e-01 1.665994673967361450e-01 1.728111654520034790e-01 1.722943782806396484e-01 1.423742920160293579e-01 1.055455058813095093e-01 8.133870363235473633e-02 6.916023790836334229e-02 6.199991703033447266e-02 5.786098539829254150e-02 6.394229829311370850e-02 7.776629924774169922e-02 9.930899739265441895e-02 1.567378938198089600e-01 2.455568462610244751e-01 2.973258495330810547e-01 2.349994033575057983e-01 1.593180894851684570e-01 1.132436394691467285e-01 8.888378739356994629e-02 7.522694766521453857e-02 6.865377724170684814e-02 7.056143879890441895e-02 8.145819604396820068e-02 9.247003495693206787e-02 9.652753174304962158e-02 9.522548317909240723e-02 9.181857109069824219e-02 8.531716465950012207e-02 7.642860710620880127e-02 6.430846452713012695e-02 5.770866572856903076e-02 5.434793233871459961e-02 5.290484428405761719e-02 5.510155856609344482e-02 6.601031124591827393e-02 7.982149720191955566e-02 8.776783943176269531e-02 9.367002546787261963e-02 1.225536167621612549e-01 2.102266997098922729e-01 3.232746720314025879e-01 4.365710020065307617e-01 4.696517586708068848e-01 5.041949748992919922e-01 7.219827175140380859e-02 4.226875305175781250e-02 3.412619233131408691e-02 3.048340976238250732e-02 2.922925353050231934e-02 3.438089787960052490e-02
8.913105726242065430e-02 8.407279849052429199e-02 8.769674599170684814e-02 8.659219741821289062e-02 9.465777873992919922e-02 1.505715996026992798e-01 2.678332924842834473e-01 9.999770522117614746e-01 9.999974966049194336e-01 0.000000000000000000e+00 9.999978542327880859e-01 9.999853372573852539e-01 3.260623216629028320e-01 1.892465949058532715e-01 1.255746930837631226e-01 1.140122413635253906e-01 1.266724914312362671e-01 1.485890299081802368e-01 1.875489652156829834e-01 2.203963994979858398e-01 2.039837539196014404e-01 1.789773255586624146e-01 1.465101689100265503e-01 1.270373165607452393e-01 1.113258749246597290e-01 8.925221860408782959e-02 8.547084033489227295e-02 9.330588579177856445e-02 1.104637235403060913e-01 1.598171740770339966e-01 2.432933747768402100e-01 3.346666097640991211e-01 2.780784368515014648e-01 2.018263041973114014e-01 1.353095173835754395e-01 9.649904072284698486e-02 7.556048035621643066e-02 6.564420461654663086e-02 6.465417146682739258e-02 7.170718908309936523e-02 8.080691099166870117e-02 8.682401478290557861e-02 8.671161532402038574e-02 8.269485831260681152e-02 7.938303053379058838e-02 7.527904212474822998e-02 6.609660387039184570e-02 5.814035236835479736e-02 5.441524088382720947e-02 5.250206589698791504e-02 5.405747890472412109e-02 6.159535050392150879e-02 7.478541135787963867e-02 8.240059018135070801e-02 8.797849714756011963e-02 1.012917011976242065e-01 1.335040926933288574e-01 1.635090559720993042e-01 2.376833707094192505e-01 2.716353237628936768e-01 3.227573037147521973e-01 9.322825074195861816e-02 5.351625382900238037e-02 4.184018075466156006e-02 3.519476950168609619e-02 2.934451401233673096e-02 2.892994880676269531e-02 3.239101171493530273e-02
8.124184608459472656e-02 7.542976737022399902e-02 7.759252190589904785e-02 8.645962178707122803e-02 8.191761374473571777e-02 1.007587909698486328e-01 1.695604920387268066e-01 3.086434006690979004e-01 9.999803304672241211e-01 9.999978542327880859e-01 0.000000000000000000e+00 9.999985098838806152e-01 9.999905228614807129e-01 3.232587873935699463e-01 1.918938159942626953e-01 1.335047781467437744e-01 1.274376213550567627e-01 1.529364287853240967e-01 1.852261871099472046e-01 2.195570617914199829e-01 2.357753962278366089e-01 2.226065844297409058e-01 2.076000124216079712e-01 2.086609899997711182e-01 1.993558257818222046e-01 1.932536810636520386e-01 1.556205451488494873e-01 1.411900520324707031e-01 1.407861113548278809e-01 2.170602232217788696e-01 3.735310137271881104e-01 3.404970467090606689e-01 2.596368193626403809e-01 1.651588827371597290e-01 1.033843904733657837e-01 7.790289819240570068e-02 6.810013949871063232e-02 6.406886875629425049e-02 6.360688805580139160e-02 7.020390033721923828e-02 7.310666143894195557e-02 7.309113442897796631e-02 6.944173574447631836e-02 6.649005413055419922e-02 6.341874599456787109e-02 5.833484232425689697e-02 5.326649546623229980e-02 4.930566251277923584e-02 4.737852513790130615e-02 4.888665676116943359e-02 5.323979258537292480e-02 6.174176931381225586e-02 7.133705914020538330e-02 7.840359210968017578e-02 8.608014881610870361e-02 9.618207812309265137e-02 1.098695695400238037e-01 1.303567439317703247e-01 1.377590447664260864e-01 1.637437790632247925e-01 1.178514659404754639e-01 6.760054826736450195e-02 4.847414791584014893e-02 4.236857593059539795e-02 3.334866464138031006e-02 2.885854244232177734e-02 2.917797863483428955e-02 3.200441598892211914e-02
6.946183741092681885e-02 6.943286955356597900e-02 6.532786786556243896e-02 7.256408035755157471e-02 8.272339403629302979e-02 9.234933555126190186e-02 1.094075590372085571e-01 1.882287859916687012e-01 3.288193941116333008e-01 9.999853372573852539e-01 9.999985098838806152e-01 0.000000000000000000e+00 9.999991059303283691e-01 9.999939203262329102e-01 3.259207010269165039e-01 1.961023509502410889e-01 1.467306166887283325e-01 1.447120755910873413e-01 1.714687049388885498e-01 1.937067508697509766e-01 2.204381525516510010e-01 2.503641843795776367e-01 2.583576440811157227e-01 2.916233837604522705e-01 3.542303442955017090e-01 3.335543274879455566e-01 2.352632880210876465e-01 1.363740265369415283e-01 1.440702676773071289e-01 3.796213865280151367e-01 4.344918131828308105e-01 3.472237288951873779e-01 2.225555777549743652e-01 1.410525292158126831e-01 9.086962044239044189e-02 7.509489357471466064e-02 6.569106876850128174e-02 6.084291636943817139e-02 6.142538785934448242e-02 6.332515180110931396e-02 6.333430111408233643e-02 6.012269854545593262e-02 5.546320974826812744e-02 5.211049318313598633e-02 4.869352281093597412e-02 4.692979156970977783e-02 4.380629956722259521e-02 4.215185344219207764e-02 4.243192076683044434e-02 4.475510120391845703e-02 4.987244307994842529e-02 5.700670182704925537e-02 6.488150358200073242e-02 7.019950449466705322e-02 7.106833159923553467e-02 8.058987557888031006e-02 8.869035542011260986e-02 8.487068116664886475e-02 7.955783605575561523e-02 9.015142917633056641e-02 7.406724989414215088e-02 5.499540269374847412e-02 4.646839201450347900e-02 3.810818493366241455e-02 3.244113922119140625e-02 2.905680239200592041e-02 2.871799468994140625e-02 2.966025471687316895e-02
5.977664887905120850e-02 6.016342341899871826e-02 6.253936886787414551e-02 6.400185823440551758e-02 7.181271910667419434e-02 9.195940196514129639e-02 1.011628508567810059e-01 1.190878897905349731e-01 1.940508037805557251e-01 3.260623216629028320e-01 9.999905228614807129e-01 9.999991059303283691e-01 0.000000000000000000e+00 9.999994039535522461e-01 9.999951124191284180e-01 3.243327438831329346e-01 1.992442756891250610e-01 1.557258665561676025e-01 1.510188579559326172e-01 1.672046929597854614e-01 1.897664368152618408e-01 2.110080569982528687e-01 2.593843638896942139e-01 3.306194245815277100e-01 4.123740494251251221e-01 3.605772852897644043e-01 1.537250429391860962e-01 1.355336308479309082e-01 4.939638972282409668e-01 4.749246239662170410e-01 4.311218261718750000e-01 3.156853020191192627e-01 2.591121196746826172e-01 1.148703545331954956e-01 8.184027671813964844e-02 6.744928658008575439e-02 5.875898897647857666e-02 5.654402077198028564e-02 5.556425452232360840e-02 5.428123474121093750e-02 5.150954425334930420e-02 4.754063487052917480e-02 4.326654970645904541e-02 4.120664298534393311e-02 3.996291756629943848e-02 3.807498514652252197e-02 3.777678310871124268e-02 3.750914335250854492e-02 3.869476914405822754e-02 4.075483977794647217e-02 4.483632743358612061e-02 4.941479861736297607e-02 5.345579981803894043e-02 5.620974302291870117e-02 5.947256088256835938e-02 6.007187068462371826e-02 6.288827955722808838e-02 5.935318768024444580e-02 5.971887707710266113e-02 6.711344420909881592e-02 5.822268128395080566e-02 4.846051335334777832e-02 4.139064252376556396e-02 3.500461578369140625e-02 3.022627532482147217e-02 2.818055450916290283e-02 2.617266774177551270e-02 2.724462747573852539e-02
5.100341141223907471e-02 5.203905701637268066e-02 5.425408482551574707e-02 6.088191270828247070e-02 6.614047288894653320e-02 7.965274155139923096e-02 1.065031439065933228e-01 1.044937670230865479e-01 1.232931613922119141e-01 1.892465949058532715e-01 3.232587873935699463e-01 9.999939203262329102e-01 9.999994039535522461e-01 0.000000000000000000e+00 9.999995231628417969e-01 9.999949336051940918e-01 3.158891201019287109e-01 1.914421916007995605e-01 1.493347138166427612e-01 1.427647024393081665e-01 1.407873034477233887e-01 1.459407806396484375e-01 1.926207393407821655e-01 3.298368453979492188e-01 3.523711562156677246e-01 1.965891718864440918e-01 1.403093934059143066e-01 6.319078803062438965e-01 5.682270526885986328e-01 4.755418300628662109e-01 4.152300953865051270e-01 3.635848164558410645e-01 1.161726415157318115e-01 8.754290640354156494e-02 6.426052749156951904e-02 5.686438083648681641e-02 5.165812373161315918e-02 4.785767197608947754e-02 4.474039375782012939e-02 4.210059344768524170e-02 4.000048339366912842e-02 3.773508965969085693e-02 3.621743619441986084e-02 3.553296625614166260e-02 3.462320566177368164e-02 3.400829434394836426e-02 3.384183347225189209e-02 3.409056365489959717e-02 3.436215221881866455e-02 3.635466098785400391e-02 3.901331126689910889e-02 4.194405674934387207e-02 4.489050805568695068e-02 4.791449010372161865e-02 5.016034841537475586e-02 4.962001740932464600e-02 5.050183832645416260e-02 5.010414123535156250e-02 5.094495415687561035e-02 5.298472940921783447e-02 5.101583898067474365e-02 4.532611370086669922e-02 3.801654279232025146e-02 3.189216554164886475e-02 2.812783420085906982e-02 2.642902731895446777e-02 2.465952932834625244e-02 2.618382871150970459e-02
4.171901941299438477e-02 4.515856504440307617e-02 4.893231391906738281e-02 5.512367188930511475e-02 6.539769470691680908e-02 7.486698031425476074e-02 9.058661758899688721e-02 1.073772609233856201e-01 1.070380210876464844e-01 1.255746930837631226e-01 1.918938159942626953e-01 3.259207010269165039e-01 9.999951124191284180e-01 9.999995231628417969e-01 0.000000000000000000e+00 9.999996423721313477e-01 9.999941587448120117e-01 3.033707737922668457e-01 1.743479371070861816e-01 1.396427005529403687e-01 1.208088696002960205e-01 1.207903176546096802e-01 1.493623703718185425e-01 2.654593586921691895e-01 2.605876326560974121e-01 1.613068431615829468e-01 6.370496749877929688e-01 6.609282493591308594e-01 5.914310216903686523e-01 5.128633975982666016e-01 4.654630422592163086e-01 1.069014519453048706e-01 8.631636202335357666e-02 6.588096916675567627e-02 5.290117859840393066e-02 4.560089111328125000e-02 4.036659002304077148e-02 3.733466565608978271e-02 3.583207726478576660e-02 3.464828431606292725e-02 3.388257324695587158e-02 3.328926861286163330e-02 3.287880122661590576e-02 3.257606923580169678e-02 3.129975497722625732e-02 3.091683983802795410e-02 3.057652711868286133e-02 3.065684437751770020e-02 3.096234798431396484e-02 3.201003372669219971e-02 3.369174897670745850e-02 3.568914532661437988e-02 3.760950267314910889e-02 4.114966094493865967e-02 4.412987828254699707e-02 4.434995353221893311e-02 4.386363923549652100e-02 4.356192052364349365e-02 4.566022753715515137e-02 4.912832379341125488e-02 4.884640872478485107e-02 4.217730462551116943e-02 3.435550630092620850e-02 2.935089170932769775e-02 2.639880776405334473e-02 2.583603560924530029e-02 2.445375919342041016e-02 2.701377868652343750e-02
3.612157702445983887e-02 3.853505849838256836e-02 4.401025176048278809e-02 5.102756619453430176e-02 6.026686728000640869e-02 7.589063048362731934e-02 8.562965691089630127e-02 9.829513728618621826e-02 1.113937497138977051e-01 1.140122413635253906e-01 1.335047781467437744e-01 1.961023509502410889e-01 3.243327438831329346e-01 9.999949336051940918e-01 9.999996423721313477e-01 0.000000000000000000e+00 9.999995827674865723e-01 9.999933242797851562e-01 3.005036711692810059e-01 1.636713892221450806e-01 1.174708455801010132e-01 1.210626065731048584e-01 1.520232707262039185e-01 1.662365198135375977e-01 2.283455431461334229e-01 5.554542541503906250e-01 6.184705495834350586e-01 6.359484791755676270e-01 6.336308717727661133e-01 6.071047782897949219e-01 9.495952725410461426e-02 9.391793608665466309e-02 6.808499991893768311e-02 5.546915531158447266e-02 4.325574636459350586e-02 3.784891963005065918e-02 3.355847299098968506e-02 3.081117570400238037e-02 3.023160994052886963e-02 3.056000173091888428e-02 3.105024993419647217e-02 3.140786290168762207e-02 3.155046701431274414e-02 3.078098595142364502e-02 3.031796216964721680e-02 2.970933914184570312e-02 2.896016836166381836e-02 2.859176695346832275e-02 2.859522402286529541e-02 2.910350263118743896e-02 3.011590242385864258e-02 3.188700973987579346e-02 3.444097936153411865e-02 3.733921051025390625e-02 3.966222703456878662e-02 3.981637954711914062e-02 3.927151858806610107e-02 4.020957648754119873e-02 4.428479075431823730e-02 4.856598377227783203e-02 4.723642766475677490e-02 3.807576000690460205e-02 3.167653083801269531e-02 2.754536271095275879e-02 2.599656581878662109e-02 2.608942985534667969e-02 2.564579248428344727e-02 2.790373563766479492e-02
3.327235579490661621e-02 3.399728238582611084e-02 3.951856493949890137e-02 4.820235073566436768e-02 5.904263257980346680e-02 7.194891571998596191e-02 8.873863518238067627e-02 1.006729900836944580e-01 1.152528524398803711e-01 1.266724914312362671e-01 1.274376213550567627e-01 1.467306166887283325e-01 1.992442756891250610e-01 3.158891201019287109e-01 9.999941587448120117e-01 9.999995827674865723e-01 0.000000000000000000e+00 9.999995827674865723e-01 9.999924302101135254e-01 3.193554580211639404e-01 1.619827598333358765e-01 1.303705424070358276e-01 1.658488661050796509e-01 2.107822000980377197e-01 4.012480378150939941e-01 5.815228223800659180e-01 6.525623798370361328e-01 6.660023927688598633e-01 6.638743877410888672e-01 9.090442955493927002e-02 9.774035215377807617e-02 8.070479333400726318e-02 6.406977772712707520e-02 4.688270390033721924e-02 3.686937689781188965e-02 3.058271110057830811e-02 2.794954180717468262e-02 2.751624584197998047e-02 2.820140123367309570e-02 2.924016118049621582e-02 3.007255494594573975e-02 3.050881624221801758e-02 3.096349537372589111e-02 2.999109029769897461e-02 2.967499196529388428e-02 2.926695346832275391e-02 2.855019271373748779e-02 2.812851965427398682e-02 2.809213101863861084e-02 2.843783795833587646e-02 2.914391458034515381e-02 3.036674857139587402e-02 3.231745958328247070e-02 3.482690453529357910e-02 3.656032681465148926e-02 3.681948781013488770e-02 3.751045465469360352e-02 3.912782669067382812e-02 4.306696355342864990e-02 4.698227345943450928e-02 4.268328845500946045e-02 3.483119606971740723e-02 2.991567552089691162e-02 2.684506773948669434e-02 2.606269717216491699e-02 2.696849405765533447e-02 2.670085430145263672e-02 2.859553694725036621e-02
3.168921172618865967e-02 3.166036307811737061e-02 3.581485152244567871e-02 4.475143551826477051e-02 5.606146156787872314e-02 7.244244217872619629e-02 8.531928062438964844e-02 1.123049855232238770e-01 1.372881084680557251e-01 1.485890299081802368e-01 1.529364287853240967e-01 1.447120755910873413e-01 1.557258665561676025e-01 1.914421916007995605e-01 3.033707737922668457e-01 9.999933242797851562e-01 9.999995827674865723e-01 0.000000000000000000e+00 9.999996423721313477e-01 9.999928474426269531e-01 3.870422244071960449e-01 1.945352107286453247e-01 2.087174504995346069e-01 2.933385670185089111e-01 5.260348320007324219e-01 6.578090190887451172e-01 6.812243461608886719e-01 6.706211566925048828e-01 9.977284073829650879e-02 9.774465858936309814e-02 8.297885954380035400e-02 7.578796148300170898e-02 5.834448337554931641e-02 4.084250330924987793e-02 3.165695071220397949e-02 2.707588672637939453e-02 2.556575834751129150e-02 2.579048275947570801e-02 2.701666951179504395e-02 2.840147912502288818e-02 2.940237522125244141e-02 2.977077662944793701e-02 2.978229522705078125e-02 2.958181500434875488e-02 2.934180200099945068e-02 2.899257838726043701e-02 2.858436107635498047e-02 2.823635935783386230e-02 2.812494337558746338e-02 2.838706970214843750e-02 2.893026173114776611e-02 2.988739311695098877e-02 3.096882998943328857e-02 3.283126652240753174e-02 3.398276865482330322e-02 3.429988026618957520e-02 3.562028706073760986e-02 3.725461661815643311e-02 4.015393555164337158e-02 4.200163483619689941e-02 3.875194489955902100e-02 3.179013729095458984e-02 2.905708551406860352e-02 2.651026844978332520e-02 2.615232765674591064e-02 2.752952277660369873e-02 2.707450091838836670e-02 2.903145551681518555e-02
3.149566054344177246e-02 3.108094632625579834e-02 3.370898962020874023e-02 4.166428744792938232e-02 5.468443036079406738e-02 7.083515822887420654e-02 8.828946948051452637e-02 1.163094192743301392e-01 1.665994673967361450e-01 1.875489652156829834e-01 1.852261871099472046e-01 1.714687049388885498e-01 1.510188579559326172e-01 1.493347138166427612e-01 1.743479371070861816e-01 3.005036711692810059e-01 9.999924302101135254e-01 9.999996423721313477e-01 0.000000000000000000e+00 9.999997615814208984e-01 9.999949932098388672e-01 6.233654618263244629e-01 3.795600831508636475e-01 3.364751338958740234e-01 4.104771912097930908e-01 6.230382919311523438e-01 5.797280073165893555e-01 1.357196569442749023e-01 1.211260110139846802e-01 8.982101082801818848e-02 7.729376852512359619e-02 6.890426576137542725e-02 5.675482749938964844e-02 3.839892148971557617e-02 2.953499555587768555e-02 2.590909600257873535e-02 2.447694540023803711e-02 2.478539943695068359e-02 2.616146206855773926e-02 2.775366604328155518e-02 2.877897024154663086e-02 2.930028736591339111e-02 2.954754233360290527e-02 2.964420616626739502e-02 2.958735823631286621e-02 2.932384610176086426e-02 2.899457514286041260e-02 2.870377898216247559e-02 2.856910228729248047e-02 2.867577970027923584e-02 2.908861637115478516e-02 2.969704568386077881e-02 3.032362461090087891e-02 3.083591163158416748e-02 3.164801001548767090e-02 3.224082291126251221e-02 3.348508477210998535e-02 3.509669005870819092e-02 3.691096603870391846e-02 3.757357597351074219e-02 3.471744060516357422e-02 3.052496910095214844e-02 2.846887707710266113e-02 2.629737555980682373e-02 2.622924745082855225e-02 2.773356437683105469e-02 2.709199488162994385e-02 2.904717624187469482e-02
3.212223947048187256e-02 3.130538761615753174e-02 3.283680975437164307e-02 3.868611156940460205e-02 5.076922476291656494e-02 6.793649494647979736e-02 9.607416391372680664e-02 1.227349936962127686e-01 1.728111654520034790e-01 2.203963994979858398e-01 2.195570617914199829e-01 1.937067508697509766e-01 1.672046929597854614e-01 1.427647024393081665e-01 1.396427005529403687e-01 1.636713892221450806e-01 3.193554580211639404e-01 9.999928474426269531e-01 9.999997615814208984e-01 0.000000000000000000e+00 9.999998211860656738e-01 9.999958276748657227e-01 7.694529294967651367e-01 3.392747938632965088e-01 3.128159642219543457e-01 2.582339644432067871e-01 1.124667227268218994e-01 1.080612838268280029e-01 1.074959039688110352e-01 9.536427259445190430e-02 7.680715620517730713e-02 6.770528852939605713e-02 5.613030493259429932e-02 4.025007784366607666e-02 3.045462071895599365e-02 2.627849578857421875e-02 2.470515668392181396e-02 2.498972415924072266e-02 2.608419954776763916e-02 2.727156877517700195e-02 2.817963063716888428e-02 2.889826893806457520e-02 2.942036092281341553e-02 2.981321513652801514e-02 2.996081113815307617e-02 2.983641624450683594e-02 2.960027754306793213e-02 2.936136722564697266e-02 2.917495369911193848e-02 2.913945913314819336e-02 2.930390834808349609e-02 2.954736351966857910e-02 2.979110181331634521e-02 2.994115650653839111e-02 3.024418652057647705e-02 3.052011132240295410e-02 3.097257018089294434e-02 3.202424943447113037e-02 3.315983712673187256e-02 3.353920578956604004e-02 3.190433979034423828e-02 2.967764437198638916e-02 2.793726325035095215e-02 2.613301575183868408e-02 2.618309855461120605e-02 2.769833803176879883e-02 2.708564698696136475e-02 2.894301712512969971e-02
3.296589851379394531e-02 3.221207857131958008e-02 3.315778076648712158e-02 3.761824965476989746e-02 4.778687655925750732e-02 6.098644435405731201e-02 8.437062799930572510e-02 1.177406013011932373e-01 1.722943782806396484e-01 2.039837539196014404e-01 2.357753962278366089e-01 2.204381525516510010e-01 1.897664368152618408e-01 1.407873034477233887e-01 1.208088696002960205e-01 1.174708455801010132e-01 1.619827598333358765e-01 3.870422244071960449e-01 9.999949932098388672e-01 9.999998211860656738e-01 0.000000000000000000e+00 9.999998807907104492e-01 9.999963641166687012e-01 6.291738748550415039e-01 2.880762815475463867e-01 1.824937015771865845e-01 1.289992183446884155e-01 1.256695687770843506e-01 1.085730046033859253e-01 9.225641191005706787e-02 8.363144099712371826e-02 7.027767598628997803e-02 5.916646122932434082e-02 4.672539234161376953e-02 3.549820184707641602e-02 2.970305085182189941e-02 2.758941054344177246e-02 2.670347690582275391e-02 2.667862176895141602e-02 2.713243663311004639e-02 2.771212160587310791e-02 2.838937938213348389e-02 2.902832627296447754e-02 2.957460284233093262e-02 2.997373044490814209e-02 3.011430799961090088e-02 3.007644414901733398e-02 2.991443872451782227e-02 2.975514531135559082e-02 2.962614595890045166e-02 2.955211699008941650e-02 2.950002253055572510e-02 2.940462529659271240e-02 2.928619086742401123e-02 2.928592264652252197e-02 2.913737297058105469e-02 2.929495275020599365e-02 2.956780791282653809e-02 3.040507435798645020e-02 3.104528784751892090e-02 2.976946532726287842e-02 2.887210249900817871e-02 2.735997736454010010e-02 2.593590319156646729e-02 2.608123421669006348e-02 2.760843932628631592e-02 2.711781859397888184e-02 2.883391082286834717e-02
3.372314572334289551e-02 3.324705362319946289e-02 3.407025337219238281e-02 3.825965523719787598e-02 4.534858465194702148e-02 5.444423854351043701e-02 7.215607166290283203e-02 9.868393838405609131e-02 1.423742920160293579e-01 1.789773255586624146e-01 2.226065844297409058e-01 2.503641843795776367e-01 2.110080569982528687e-01 1.459407806396484375e-01 1.207903176546096802e-01 1.210626065731048584e-01 1.303705424070358276e-01 1.945352107286453247e-01 6.233654618263244629e-01 9.999958276748657227e-01 9.999998807907104492e-01 0.000000000000000000e+00 9.999998211860656738e-01 9.999947547912597656e-01 6.700786352157592773e-01 2.817345857620239258e-01 1.721922904253005981e-01 1.300893723964691162e-01 1.184670776128768921e-01 9.480550885200500488e-02 8.422598242759704590e-02 7.395893335342407227e-02 6.447723507881164551e-02 5.562055110931396484e-02 4.647193849086761475e-02 3.788428008556365967e-02 3.341256082057952881e-02 3.039485216140747070e-02 2.861474454402923584e-02 2.783946692943572998e-02 2.768947184085845947e-02 2.793705463409423828e-02 2.841822803020477295e-02 2.906586229801177979e-02 2.964724600315093994e-02 3.008805215358734131e-02 3.026905655860900879e-02 3.024244308471679688e-02 3.010120987892150879e-02 2.995243668556213379e-02 2.972099184989929199e-02 2.944637835025787354e-02 2.914190292358398438e-02 2.877832949161529541e-02 2.848462760448455811e-02 2.840910851955413818e-02 2.847464382648468018e-02 2.867135405540466309e-02 2.896068990230560303e-02 2.933961153030395508e-02 2.903304994106292725e-02 2.819825708866119385e-02 2.689033746719360352e-02 2.573606371879577637e-02 2.600286900997161865e-02 2.751190960407257080e-02 2.717125415802001953e-02 2.870559692382812500e-02
3.430990874767303467e-02 3.398796916007995605e-02 3.505887091159820557e-02 3.902690112590789795e-02 4.316383600234985352e-02 4.979123175144195557e-02 6.084531545639038086e-02 7.768206298351287842e-02 1.055455058813095093e-01 1.465101689100265503e-01 2.076000124216079712e-01 2.583576440811157227e-01 2.593843638896942139e-01 1.926207393407821655e-01 1.493623703718185425e-01 1.520232707262039185e-01 1.658488661050796509e-01 2.087174504995346069e-01 3.795600831508636475e-01 7.694529294967651367e-01 9.999963641166687012e-01 9.999998211860656738e-01 0.000000000000000000e+00 9.999997615814208984e-01 9.999939203262329102e-01 7.323906421661376953e-01 2.944559454917907715e-01 1.495968699455261230e-01 1.166407912969589233e-01 1.018673032522201538e-01 8.166743814945220947e-02 7.576182484626770020e-02 6.826892495155334473e-02 6.268659234046936035e-02 5.756074190139770508e-02 5.214028060436248779e-02 4.407820105552673340e-02 3.769530355930328369e-02 3.283150494098663330e-02 3.018693625926971436e-02 2.867373824119567871e-02 2.793240547180175781e-02 2.788047492504119873e-02 2.834166586399078369e-02 2.900506556034088135e-02 2.961815893650054932e-02 3.002390265464782715e-02 3.018170595169067383e-02 3.013619780540466309e-02 2.996020019054412842e-02 2.963468432426452637e-02 2.921868860721588135e-02 2.877286076545715332e-02 2.833430469036102295e-02 2.799852192401885986e-02 2.788665890693664551e-02 2.795809507369995117e-02 2.822560071945190430e-02 2.857223153114318848e-02 2.884092926979064941e-02 2.866208553314208984e-02 2.787806093692779541e-02 2.658815681934356689e-02 2.551184594631195068e-02 2.588458359241485596e-02 2.742923796176910400e-02 2.721574902534484863e-02 2.860018610954284668e-02
