0.000000000000000000e+00 9.986241459846496582e-01 9.981185197830200195e-01 1.342689841985702515e-01 1.203871965408325195e-01 9.561645984649658203e-02 6.313860416412353516e-02 5.484062433242797852e-02 4.841688275337219238e-02 4.758954048156738281e-02 4.961444437503814697e-02 4.922732710838317871e-02 4.724946618080139160e-02 4.513797163963317871e-02 4.449516534805297852e-02 4.563499987125396729e-02 4.584363102912902832e-02 4.496516287326812744e-02 4.328010976314544678e-02 4.074710607528686523e-02 3.867803514003753662e-02 3.728917241096496582e-02 3.738415241241455078e-02 3.788079321384429932e-02 3.860852122306823730e-02 3.885756433010101318e-02 3.879518806934356689e-02 3.794051706790924072e-02 3.720755875110626221e-02 3.670787811279296875e-02 3.636960685253143311e-02 3.617125749588012695e-02 3.637741506099700928e-02 3.701506555080413818e-02 3.774347901344299316e-02 3.843742609024047852e-02 3.917591273784637451e-02 3.972424566745758057e-02 3.946459293365478516e-02 3.831435739994049072e-02 3.674741089344024658e-02 3.587062656879425049e-02 3.483498096466064453e-02 3.424437344074249268e-02 3.337019681930541992e-02 3.244209289550781250e-02 3.386028110980987549e-02 3.572498261928558350e-02 3.719744086265563965e-02 3.894558548927307129e-02 4.025034606456756592e-02 3.994458913803100586e-02 3.654539585113525391e-02 3.450964391231536865e-02 3.378935158252716064e-02 3.384596109390258789e-02 3.497436642646789551e-02 3.625918924808502197e-02 3.679606318473815918e-02 3.780518472194671631e-02 3.877764940261840820e-02 4.026655852794647217e-02 4.484666883945465088e-02 5.243559181690216064e-02 8.318722248077392578e-02 1.798125207424163818e-01 3.131408095359802246e-01 2.259745895862579346e-01 6.737913191318511963e-02 7.994934916496276855e-02 7.246550321578979492e-01 8.734827637672424316e-01 8.893352746963500977e-01 8.489552736282348633e-01 5.448327064514160156e-01
9.986241459846496582e-01 0.000000000000000000e+00 9.994794130325317383e-01 9.993187785148620605e-01 1.458535492420196533e-01 1.127355694770812988e-01 8.143424987792968750e-02 5.076922476291656494e-02 4.662649333477020264e-02 4.565927386283874512e-02 4.524222016334533691e-02 5.039414763450622559e-02 5.122926831245422363e-02 5.172351002693176270e-02 5.071192979812622070e-02 4.869240522384643555e-02 4.829734563827514648e-02 4.615168273448944092e-02 4.123170673847198486e-02 3.784631192684173584e-02 3.475683927536010742e-02 3.314094245433807373e-02 3.239674866199493408e-02 3.227511048316955566e-02 3.307990729808807373e-02 3.468292951583862305e-02 3.606230020523071289e-02 3.679299354553222656e-02 3.650127351284027100e-02 3.570570051670074463e-02 3.561207652091979980e-02 3.621011972427368164e-02 3.616657853126525879e-02 3.664119541645050049e-02 3.746864199638366699e-02 3.819917142391204834e-02 3.905528783798217773e-02 3.970907628536224365e-02 3.919661045074462891e-02 3.856869041919708252e-02 3.831717371940612793e-02 3.666692972183227539e-02 3.485788404941558838e-02 3.414992988109588623e-02 3.352738916873931885e-02 3.336521983146667480e-02 3.380595147609710693e-02 3.549346327781677246e-02 3.734271228313446045e-02 3.974689543247222900e-02 4.085686802864074707e-02 4.034252464771270752e-02 3.777809441089630127e-02 3.449696302413940430e-02 3.363382816314697266e-02 3.296594321727752686e-02 3.285261988639831543e-02 3.416326642036437988e-02 3.567127883434295654e-02 3.675073385238647461e-02 3.771772980690002441e-02 3.896766901016235352e-02 4.689279198646545410e-02 6.378799676895141602e-02 1.450281888246536255e-01 3.040743172168731689e-01 2.251781821250915527e-01 6.466126441955566406e-02 7.449117302894592285e-02 6.905903816223144531e-01 8.135337829589843750e-01 8.567019701004028320e-01 8.693719506263732910e-01 8.117249011993408203e-01 5.155529081821441650e-02
9.981185197830200195e-01 9.994794130325317383e-01 0.000000000000000000e+00 9.997382164001464844e-01 9.989758729934692383e-01 1.500958800315856934e-01 1.037028282880783081e-01 6.683583557605743408e-02 4.664862155914306641e-02 4.736623167991638184e-02 4.593431949615478516e-02 4.772822558879852295e-02 5.557093024253845215e-02 5.742096900939941406e-02 5.773583054542541504e-02 5.713500082492828369e-02 5.467689037322998047e-02 5.116935074329376221e-02 4.807789623737335205e-02 4.351659119129180908e-02 3.857071697711944580e-02 3.345046937465667725e-02 3.092876076698303223e-02 3.098815679550170898e-02 3.234131634235382080e-02 3.456251323223114014e-02 3.664861619472503662e-02 3.707392513751983643e-02 3.694324195384979248e-02 3.690743446350097656e-02 3.711734712123870850e-02 3.777179121971130371e-02 3.860172629356384277e-02 3.873680531978607178e-02 3.995420038700103760e-02 4.103492200374603271e-02 4.185163974761962891e-02 4.201747477054595947e-02 4.142948985099792480e-02 4.113166034221649170e-02 4.087701439857482910e-02 3.901645541191101074e-02 3.727528452873229980e-02 3.583423793315887451e-02 3.552135825157165527e-02 3.809781372547149658e-02 3.917399048805236816e-02 4.090954363346099854e-02 4.158335924148559570e-02 4.238146543502807617e-02 4.254996776580810547e-02 4.072409868240356445e-02 3.889097273349761963e-02 3.676667809486389160e-02 3.536380827426910400e-02 3.358729183673858643e-02 3.281807899475097656e-02 3.392678499221801758e-02 3.605264425277709961e-02 3.858098387718200684e-02 4.208555817604064941e-02 4.558216035366058350e-02 5.218049883842468262e-02 9.053605794906616211e-02 2.588404119014739990e-01 2.511481046676635742e-01 7.634487748146057129e-02 8.160206675529479980e-02 7.316563725471496582e-01 7.289953231811523438e-01 7.256581783294677734e-01 8.209281563758850098e-01 8.929544687271118164e-01 4.967734217643737793e-02 4.593628644943237305e-02
1.342689841985702515e-01 9.993187785148620605e-01 9.997382164001464844e-01 0.000000000000000000e+00 9.997520446777343750e-01 9.994779825210571289e-01 1.582673043012619019e-01 1.003025919198989868e-01 6.302617490291595459e-02 5.149237811565399170e-02 5.413168668746948242e-02 5.354465544223785400e-02 5.828244984149932861e-02 6.866247951984405518e-02 7.062628865242004395e-02 6.889641284942626953e-02 6.451568007469177246e-02 6.003890931606292725e-02 5.750496685504913330e-02 4.935345053672790527e-02 4.121403396129608154e-02 3.500474989414215088e-02 3.133882582187652588e-02 3.148396313190460205e-02 3.412507474422454834e-02 3.654472529888153076e-02 3.739824891090393066e-02 3.682482242584228516e-02 3.641590476036071777e-02 3.686676919460296631e-02 3.885743021965026855e-02 4.038164019584655762e-02 4.189892113208770752e-02 4.345636069774627686e-02 4.541231691837310791e-02 4.667587578296661377e-02 4.791036248207092285e-02 4.795649647712707520e-02 4.714821279048919678e-02 4.607284069061279297e-02 4.555656015872955322e-02 4.412837326526641846e-02 4.239751398563385010e-02 4.075944423675537109e-02 4.065050184726715088e-02 4.376865923404693604e-02 4.856291413307189941e-02 5.220925807952880859e-02 5.420149862766265869e-02 5.105899274349212646e-02 4.923970997333526611e-02 4.759408533573150635e-02 4.837845265865325928e-02 4.471272230148315430e-02 3.998404741287231445e-02 3.642573952674865723e-02 3.567503392696380615e-02 3.584399819374084473e-02 3.755821287631988525e-02 4.203107953071594238e-02 4.872052371501922607e-02 5.789250135421752930e-02 8.059592545032501221e-02 1.870051771402359009e-01 2.168874889612197876e-01 9.070649743080139160e-02 9.702485799789428711e-02 8.017535209655761719e-01 7.996013164520263672e-01 7.968510985374450684e-01 7.420941591262817383e-01 8.714807629585266113e-01 5.420675873756408691e-02 4.408830404281616211e-02 4.367308318614959717e-02
1.203871965408325195e-01 1.458535492420196533e-01 9.989758729934692383e-01 9.997520446777343750e-01 0.000000000000000000e+00 9.998897314071655273e-01 9.997199773788452148e-01 1.640053540468215942e-01 9.773133695125579834e-02 6.873489916324615479e-02 6.297183036804199219e-02 7.315905392169952393e-02 8.057983219623565674e-02 9.206128120422363281e-02 1.085753887891769409e-01 9.104827046394348145e-02 8.076286315917968750e-02 7.348592579364776611e-02 6.892699003219604492e-02 6.016099452972412109e-02 4.871103167533874512e-02 3.944319486618041992e-02 3.492677211761474609e-02 3.565602004528045654e-02 3.834734857082366943e-02 3.944589197635650635e-02 3.887310624122619629e-02 3.782966732978820801e-02 3.729687631130218506e-02 3.851893544197082520e-02 4.080654680728912354e-02 4.223161935806274414e-02 4.374462366104125977e-02 4.630938172340393066e-02 5.030906200408935547e-02 5.469872057437896729e-02 5.594997107982635498e-02 5.462774634361267090e-02 5.136710405349731445e-02 4.853843152523040771e-02 4.853604733943939209e-02 4.897095263004302979e-02 4.761083424091339111e-02 4.575021564960479736e-02 4.509365558624267578e-02 4.940153658390045166e-02 5.831423401832580566e-02 7.123562693595886230e-02 8.118087053298950195e-02 7.977870106697082520e-02 6.892834603786468506e-02 5.569571256637573242e-02 5.163300037384033203e-02 4.765579104423522949e-02 4.222302138805389404e-02 3.906185925006866455e-02 3.794938325881958008e-02 3.827445209026336670e-02 4.019209742546081543e-02 4.715153574943542480e-02 6.183502078056335449e-02 8.076988160610198975e-02 1.172906160354614258e-01 1.704257726669311523e-01 1.191437542438507080e-01 1.213026642799377441e-01 7.304340004920959473e-01 8.335814476013183594e-01 8.123486638069152832e-01 7.696802020072937012e-01 7.781962156295776367e-01 4.942131042480468750e-02 3.597415983676910400e-02 3.765815496444702148e-02 4.078204929828643799e-02
9.561645984649658203e-02 1.127355694770812988e-01 1.500958800315856934e-01 9.994779825210571289e-01 9.998897314071655273e-01 0.000000000000000000e+00 9.999576210975646973e-01 9.998532533645629883e-01 1.788740009069442749e-01 1.053884774446487427e-01 8.689117431640625000e-02 9.868100285530090332e-02 1.438061743974685669e-01 1.732392460107803345e-01 1.863014847040176392e-01 1.712845861911773682e-01 1.184658110141754150e-01 1.298721879720687866e-01 1.211378127336502075e-01 9.052549302577972412e-02 7.234296202659606934e-02 5.975353717803955078e-02 5.003750324249267578e-02 5.055762827396392822e-02 5.031220614910125732e-02 4.967923462390899658e-02 5.281169712543487549e-02 5.175799131393432617e-02 4.683806002140045166e-02 4.441648721694946289e-02 4.517348110675811768e-02 4.659213125705718994e-02 4.995778203010559082e-02 5.595393478870391846e-02 6.998835504055023193e-02 8.250658214092254639e-02 8.436445891857147217e-02 7.585617899894714355e-02 6.391310691833496094e-02 5.656096339225769043e-02 5.131912231445312500e-02 5.061540007591247559e-02 5.347979068756103516e-02 5.476661026477813721e-02 5.573143064975738525e-02 6.092958152294158936e-02 9.133009612560272217e-02 1.794429570436477661e-01 2.534571290016174316e-01 2.387012988328933716e-01 1.497767269611358643e-01 8.160689473152160645e-02 6.042344868183135986e-02 5.261474847793579102e-02 4.774290323257446289e-02 4.279705882072448730e-02 4.062312841415405273e-02 4.068842530250549316e-02 4.611484706401824951e-02 6.615988910198211670e-02 1.038334220647811890e-01 1.405033469200134277e-01 1.473501920700073242e-01 1.476454138755798340e-01 1.882343143224716187e-01 5.929651856422424316e-01 7.977449297904968262e-01 8.221635222434997559e-01 7.575551271438598633e-01 7.782324552536010742e-01 5.696125328540802002e-02 3.812491893768310547e-02 3.633172810077667236e-02 3.710050880908966064e-02 3.920027613639831543e-02
6.313860416412353516e-02 8.143424987792968750e-02 1.037028282880783081e-01 1.582673043012619019e-01 9.997199773788452148e-01 9.999576210975646973e-01 0.000000000000000000e+00 9.999824762344360352e-01 9.999139904975891113e-01 2.180137783288955688e-01 1.383014768362045288e-01 1.379701793193817139e-01 2.411222159862518311e-01 4.147697389125823975e-01 3.271301984786987305e-01 2.407636940479278564e-01 2.653648257255554199e-01 2.288291454315185547e-01 1.971107572317123413e-01 1.465354710817337036e-01 1.417350471019744873e-01 1.291803419589996338e-01 1.020821183919906616e-01 8.081036806106567383e-02 7.546131312847137451e-02 8.242706954479217529e-02 8.895386755466461182e-02 7.876788079738616943e-02 6.714828312397003174e-02 5.555821955204010010e-02 4.943093657493591309e-02 5.037651956081390381e-02 5.776163935661315918e-02 7.493576407432556152e-02 9.647391736507415771e-02 1.172589808702468872e-01 1.184554398059844971e-01 1.031393706798553467e-01 7.991750538349151611e-02 6.425869464874267578e-02 5.783799290657043457e-02 5.729445815086364746e-02 5.856887996196746826e-02 7.079564034938812256e-02 8.483912050724029541e-02 1.177608519792556763e-01 2.140292525291442871e-01 3.525685071945190430e-01 4.371465146541595459e-01 4.288890063762664795e-01 2.704563140869140625e-01 1.219511330127716064e-01 7.797412574291229248e-02 6.552520394325256348e-02 5.711118876934051514e-02 5.105739831924438477e-02 4.855406284332275391e-02 4.647606611251831055e-02 5.906380712985992432e-02 1.097721159458160400e-01 1.714917421340942383e-01 1.751296222209930420e-01 1.605850011110305786e-01 2.001376301050186157e-01 4.086441993713378906e-01 5.436102151870727539e-01 6.233958005905151367e-01 6.151143312454223633e-01 6.237167119979858398e-01 6.735207140445709229e-02 4.332104325294494629e-02 3.683893382549285889e-02 3.498521447181701660e-02 3.429786860942840576e-02 3.916403651237487793e-02
5.484062433242797852e-02 5.076922476291656494e-02 6.683583557605743408e-02 1.003025919198989868e-01 1.640053540468215942e-01 9.998532533645629883e-01 9.999824762344360352e-01 0.000000000000000000e+00 9.999916553497314453e-01 9.999344348907470703e-01 3.394935131072998047e-01 2.530974149703979492e-01 3.278633356094360352e-01 4.319425225257873535e-01 3.475621044635772705e-01 3.770124316215515137e-01 3.598372936248779297e-01 3.641847372055053711e-01 3.121374249458312988e-01 2.921338677406311035e-01 2.875854372978210449e-01 3.599893450736999512e-01 2.497687339782714844e-01 1.714143157005310059e-01 1.442278921604156494e-01 1.595288962125778198e-01 1.321668028831481934e-01 1.104867905378341675e-01 8.448164165019989014e-02 6.503218412399291992e-02 5.582366883754730225e-02 5.463518202304840088e-02 6.341426074504852295e-02 7.865786552429199219e-02 9.737481176853179932e-02 1.159211099147796631e-01 1.193400323390960693e-01 1.026031374931335449e-01 7.976040244102478027e-02 6.250672042369842529e-02 5.444511771202087402e-02 5.423524975776672363e-02 6.388208270072937012e-02 8.447302877902984619e-02 1.546522527933120728e-01 2.549420893192291260e-01 3.848569393157958984e-01 4.605498313903808594e-01 5.025576353073120117e-01 4.758710861206054688e-01 2.816138863563537598e-01 1.546556800603866577e-01 1.023734509944915771e-01 7.981014251708984375e-02 7.135054469108581543e-02 6.863115727901458740e-02 6.133584678173065186e-02 5.520865321159362793e-02 7.875943183898925781e-02 1.633826643228530884e-01 1.909883767366409302e-01 1.856229901313781738e-01 1.786364465951919556e-01 1.981769949197769165e-01 1.965060979127883911e-01 2.727965116500854492e-01 3.154242634773254395e-01 3.656696677207946777e-01 8.305466175079345703e-02 4.822826385498046875e-02 4.230563342571258545e-02 3.705640137195587158e-02 3.291918337345123291e-02 3.297865390777587891e-02 3.621388971805572510e-02
4.841688275337219238e-02 4.662649333477020264e-02 4.664862155914306641e-02 6.302617490291595459e-02 9.773133695125579834e-02 1.788740009069442749e-01 9.999139904975891113e-01 9.999916553497314453e-01 0.000000000000000000e+00 9.999940991401672363e-01 9.999501705169677734e-01 6.985343694686889648e-01 4.110783934593200684e-01 3.125747442245483398e-01 3.052460551261901855e-01 3.946401476860046387e-01 3.679496943950653076e-01 3.487053513526916504e-01 3.251104950904846191e-01 2.034623473882675171e-01 3.705864250659942627e-01 4.855727255344390869e-01 4.464844465255737305e-01 4.298002719879150391e-01 4.006074666976928711e-01 3.581656217575073242e-01 2.465597093105316162e-01 1.519332677125930786e-01 9.424483776092529297e-02 6.920684874057769775e-02 5.894690752029418945e-02 5.743050575256347656e-02 5.947588384151458740e-02 6.906089186668395996e-02 8.533787727355957031e-02 1.013394594192504883e-01 1.054001003503799438e-01 8.823266625404357910e-02 6.894747912883758545e-02 5.625611543655395508e-02 4.839058220386505127e-02 4.813857376575469971e-02 5.625827610492706299e-02 8.203583955764770508e-02 1.540765762329101562e-01 3.112709522247314453e-01 4.531112611293792725e-01 5.038919448852539062e-01 5.215669870376586914e-01 4.327552914619445801e-01 2.599650919437408447e-01 1.339758038520812988e-01 9.451185166835784912e-02 7.977053523063659668e-02 7.647351920604705811e-02 7.571841776371002197e-02 6.578858196735382080e-02 5.979181826114654541e-02 9.867073595523834229e-02 1.631631106138229370e-01 1.808656603097915649e-01 1.815732717514038086e-01 1.528157144784927368e-01 1.348915100097656250e-01 1.444339454174041748e-01 1.555754095315933228e-01 1.922290474176406860e-01 1.042535603046417236e-01 6.194412708282470703e-02 4.581804573535919189e-02 4.264008998870849609e-02 3.523728251457214355e-02 3.147841989994049072e-02 3.321462869644165039e-02 3.538475930690765381e-02
4.758954048156738281e-02 4.565927386283874512e-02 4.736623167991638184e-02 5.149237811565399170e-02 6.873489916324615479e-02 1.053884774446487427e-01 2.180137783288955688e-01 9.999344348907470703e-01 9.999940991401672363e-01 0.000000000000000000e+00 9.999969005584716797e-01 9.999613165855407715e-01 4.681929945945739746e-01 2.962264120578765869e-01 2.534803152084350586e-01 2.052673399448394775e-01 2.714638710021972656e-01 2.778859138488769531e-01 1.242327243089675903e-01 1.746159344911575317e-01 2.667403221130371094e-01 3.771208524703979492e-01 4.357719123363494873e-01 6.093039512634277344e-01 5.876674652099609375e-01 4.746276140213012695e-01 3.569121360778808594e-01 2.057389020919799805e-01 9.351749718189239502e-02 6.869930028915405273e-02 5.824477970600128174e-02 5.467882752418518066e-02 5.327294766902923584e-02 5.644500255584716797e-02 6.540261209011077881e-02 7.525807619094848633e-02 8.195358514785766602e-02 7.671430706977844238e-02 6.257323920726776123e-02 5.169688165187835693e-02 4.586641490459442139e-02 4.508039355278015137e-02 4.771125316619873047e-02 5.673913657665252686e-02 9.658479690551757812e-02 2.722283601760864258e-01 4.302846789360046387e-01 4.685758948326110840e-01 4.217620491981506348e-01 3.034411072731018066e-01 1.626753360033035278e-01 9.295628964900970459e-02 7.335278391838073730e-02 6.493513286113739014e-02 6.538183987140655518e-02 6.950001418590545654e-02 6.243041157722473145e-02 6.064990162849426270e-02 8.874963223934173584e-02 1.305248886346817017e-01 1.367378085851669312e-01 1.195496022701263428e-01 9.825052320957183838e-02 9.898322820663452148e-02 8.909395337104797363e-02 9.703229367733001709e-02 1.065302342176437378e-01 7.710568606853485107e-02 5.866341292858123779e-02 4.576429724693298340e-02 3.937461972236633301e-02 3.449964523315429688e-02 3.210896253585815430e-02 3.219893574714660645e-02 3.246444463729858398e-02
4.961444437503814697e-02 4.524222016334533691e-02 4.593431949615478516e-02 5.413168668746948242e-02 6.297183036804199219e-02 8.689117431640625000e-02 1.383014768362045288e-01 3.394935131072998047e-01 9.999501705169677734e-01 9.999969005584716797e-01 0.000000000000000000e+00 9.999965429306030273e-01 9.999637007713317871e-01 5.215724110603332520e-01 2.734598517417907715e-01 2.176985889673233032e-01 1.572044193744659424e-01 1.050993204116821289e-01 9.815718233585357666e-02 1.415400654077529907e-01 2.157339751720428467e-01 2.231064885854721069e-01 5.882009267807006836e-01 6.863178014755249023e-01 5.970754623413085938e-01 4.862362146377563477e-01 3.631052970886230469e-01 1.392479836940765381e-01 8.876204490661621094e-02 6.893485784530639648e-02 5.476972460746765137e-02 4.766570031642913818e-02 4.436707496643066406e-02 4.612565040588378906e-02 5.236326158046722412e-02 5.821239948272705078e-02 6.494882702827453613e-02 6.197063624858856201e-02 5.159001052379608154e-02 4.522699117660522461e-02 4.056835174560546875e-02 3.931856155395507812e-02 3.916540741920471191e-02 4.693530499935150146e-02 6.875665485858917236e-02 1.549894511699676514e-01 3.024235367774963379e-01 3.440480828285217285e-01 2.921668887138366699e-01 2.004080116748809814e-01 1.046742945909500122e-01 6.734299659729003906e-02 5.643831193447113037e-02 5.202277004718780518e-02 5.073800683021545410e-02 5.389767885208129883e-02 5.471520125865936279e-02 5.904546380043029785e-02 7.617554068565368652e-02 9.312212467193603516e-02 9.040474891662597656e-02 7.956048846244812012e-02 7.228648662567138672e-02 6.571325659751892090e-02 6.322845816612243652e-02 7.107339799404144287e-02 7.708790898323059082e-02 6.634977459907531738e-02 5.226483941078186035e-02 4.158574342727661133e-02 3.601145744323730469e-02 3.201937675476074219e-02 3.089796006679534912e-02 2.906128764152526855e-02 2.972212433815002441e-02
4.922732710838317871e-02 5.039414763450622559e-02 4.772822558879852295e-02 5.354465544223785400e-02 7.315905392169952393e-02 9.868100285530090332e-02 1.379701793193817139e-01 2.530974149703979492e-01 6.985343694686889648e-01 9.999613165855407715e-01 9.999965429306030273e-01 0.000000000000000000e+00 9.999979138374328613e-01 9.999694824218750000e-01 5.165522098541259766e-01 2.194674909114837646e-01 1.281264126300811768e-01 1.033530235290527344e-01 1.079894155263900757e-01 1.289663761854171753e-01 1.943648755550384521e-01 4.199353158473968506e-01 6.348209381103515625e-01 6.642096042633056641e-01 5.968387126922607422e-01 4.870085120201110840e-01 1.687455177307128906e-01 1.176286786794662476e-01 8.168031275272369385e-02 6.155642867088317871e-02 4.746904969215393066e-02 4.001328349113464355e-02 3.834819793701171875e-02 3.900426626205444336e-02 4.155997931957244873e-02 4.474321007728576660e-02 4.742205142974853516e-02 4.568968713283538818e-02 4.140307009220123291e-02 3.705564141273498535e-02 3.453305363655090332e-02 3.366725146770477295e-02 3.514057397842407227e-02 4.119484126567840576e-02 5.490662157535552979e-02 1.005565971136093140e-01 2.010308206081390381e-01 2.447284162044525146e-01 2.124862819910049438e-01 1.421700865030288696e-01 7.840137183666229248e-02 5.510970950126647949e-02 4.558199644088745117e-02 4.017682373523712158e-02 4.240266978740692139e-02 4.611220955848693848e-02 4.848362505435943604e-02 5.505636334419250488e-02 6.793318688869476318e-02 7.876902818679809570e-02 7.383711636066436768e-02 6.711407005786895752e-02 5.410268902778625488e-02 5.070412158966064453e-02 5.194342136383056641e-02 5.637443065643310547e-02 6.067067384719848633e-02 5.746182799339294434e-02 4.700073599815368652e-02 3.778447210788726807e-02 3.192216157913208008e-02 2.937054634094238281e-02 2.811172604560852051e-02 2.669866383075714111e-02 2.806828916072845459e-02
4.724946618080139160e-02 5.122926831245422363e-02 5.557093024253845215e-02 5.828244984149932861e-02 8.057983219623565674e-02 1.438061743974685669e-01 2.411222159862518311e-01 3.278633356094360352e-01 4.110783934593200684e-01 4.681929945945739746e-01 9.999637007713317871e-01 9.999979138374328613e-01 0.000000000000000000e+00 9.999977350234985352e-01 9.999636411666870117e-01 3.753725886344909668e-01 1.679304987192153931e-01 1.211633980274200439e-01 1.281970739364624023e-01 1.394844651222229004e-01 2.400746941566467285e-01 4.830902516841888428e-01 6.238325834274291992e-01 5.994057655334472656e-01 5.788848400115966797e-01 1.672595441341400146e-01 1.640176922082901001e-01 1.118813008069992065e-01 7.407541573047637939e-02 5.052672326564788818e-02 3.843171894550323486e-02 3.463175892829895020e-02 3.335149586200714111e-02 3.364540636539459229e-02 3.468504548072814941e-02 3.537413477897644043e-02 3.553894162178039551e-02 3.484812378883361816e-02 3.318390250205993652e-02 3.166900575160980225e-02 3.031872212886810303e-02 3.029401600360870361e-02 3.230813145637512207e-02 3.748376667499542236e-02 4.653058946132659912e-02 6.791155040264129639e-02 1.316310167312622070e-01 1.722419261932373047e-01 1.580057740211486816e-01 1.008290946483612061e-01 6.396900117397308350e-02 4.645951092243194580e-02 3.691966831684112549e-02 3.446988761425018311e-02 3.734144568443298340e-02 4.167135059833526611e-02 4.690161347389221191e-02 5.743679404258728027e-02 7.371307909488677979e-02 8.278724551200866699e-02 7.747958600521087646e-02 6.423686444759368896e-02 4.996544122695922852e-02 4.716134071350097656e-02 4.620747268199920654e-02 5.007122457027435303e-02 5.515997111797332764e-02 5.499112606048583984e-02 4.481151700019836426e-02 3.456750512123107910e-02 2.954904735088348389e-02 2.686671912670135498e-02 2.675205469131469727e-02 2.545192837715148926e-02 2.817699313163757324e-02
4.513797163963317871e-02 5.172351002693176270e-02 5.742096900939941406e-02 6.866247951984405518e-02 9.206128120422363281e-02 1.732392460107803345e-01 4.147697389125823975e-01 4.319425225257873535e-01 3.125747442245483398e-01 2.962264120578765869e-01 5.215724110603332520e-01 9.999694824218750000e-01 9.999977350234985352e-01 0.000000000000000000e+00 9.999977350234985352e-01 9.999650716781616211e-01 3.905445337295532227e-01 1.816302537918090820e-01 1.393669545650482178e-01 1.635069400072097778e-01 2.574670016765594482e-01 4.813892841339111328e-01 5.445771217346191406e-01 5.775878429412841797e-01 1.939196735620498657e-01 1.630354374647140503e-01 1.409541517496109009e-01 1.085369139909744263e-01 6.646883487701416016e-02 4.422602057456970215e-02 3.434556722640991211e-02 3.027105331420898438e-02 2.887706458568572998e-02 2.894420921802520752e-02 2.962614595890045166e-02 2.997244894504547119e-02 3.019705414772033691e-02 2.977254986763000488e-02 2.944064140319824219e-02 2.915276587009429932e-02 2.898974716663360596e-02 2.937334775924682617e-02 3.114092350006103516e-02 3.460218012332916260e-02 4.117158055305480957e-02 5.069756507873535156e-02 8.570991456508636475e-02 1.240939199924468994e-01 1.151018291711807251e-01 7.276017963886260986e-02 5.261392891407012939e-02 3.971591591835021973e-02 3.374427556991577148e-02 3.258387744426727295e-02 3.528730571269989014e-02 4.066933691501617432e-02 4.762165248394012451e-02 6.180585920810699463e-02 1.008886694908142090e-01 1.402692347764968872e-01 1.173271685838699341e-01 8.174559473991394043e-02 5.644658207893371582e-02 4.832537472248077393e-02 4.545088112354278564e-02 5.053091049194335938e-02 5.574694275856018066e-02 5.276717245578765869e-02 4.139320552349090576e-02 3.228199481964111328e-02 2.783019840717315674e-02 2.615335583686828613e-02 2.634948492050170898e-02 2.601778507232666016e-02 2.886286377906799316e-02
4.449516534805297852e-02 5.071192979812622070e-02 5.773583054542541504e-02 7.062628865242004395e-02 1.085753887891769409e-01 1.863014847040176392e-01 3.271301984786987305e-01 3.475621044635772705e-01 3.052460551261901855e-01 2.534803152084350586e-01 2.734598517417907715e-01 5.165522098541259766e-01 9.999636411666870117e-01 9.999977350234985352e-01 0.000000000000000000e+00 9.999978542327880859e-01 9.999716281890869141e-01 4.230500757694244385e-01 2.171622663736343384e-01 1.769625693559646606e-01 1.948283165693283081e-01 2.764741182327270508e-01 4.108508825302124023e-01 1.740097701549530029e-01 1.616819500923156738e-01 1.462201476097106934e-01 1.203042715787887573e-01 9.563656151294708252e-02 6.550279259681701660e-02 4.202361404895782471e-02 3.221382200717926025e-02 2.821123600006103516e-02 2.659715712070465088e-02 2.645915746688842773e-02 2.709576487541198730e-02 2.784757316112518311e-02 2.837340533733367920e-02 2.834226191043853760e-02 2.807852625846862793e-02 2.809524536132812500e-02 2.857519686222076416e-02 2.933804690837860107e-02 3.117936849594116211e-02 3.382465243339538574e-02 3.856031596660614014e-02 4.632379114627838135e-02 6.608445942401885986e-02 9.493896365165710449e-02 9.533557295799255371e-02 6.489458680152893066e-02 4.506286978721618652e-02 3.672902286052703857e-02 3.298655152320861816e-02 3.284755349159240723e-02 3.628739714622497559e-02 4.271019995212554932e-02 5.347810685634613037e-02 8.024613559246063232e-02 1.879012137651443481e-01 3.603579699993133545e-01 2.480350583791732788e-01 1.110641062259674072e-01 6.877380609512329102e-02 5.658073723316192627e-02 5.272762477397918701e-02 5.619354546070098877e-02 5.623127520084381104e-02 5.145107209682464600e-02 3.808753192424774170e-02 3.115783631801605225e-02 2.733774483203887939e-02 2.634865045547485352e-02 2.718582749366760254e-02 2.696374058723449707e-02 2.926629781723022461e-02
4.563499987125396729e-02 4.869240522384643555e-02 5.713500082492828369e-02 6.889641284942626953e-02 9.104827046394348145e-02 1.712845861911773682e-01 2.407636940479278564e-01 3.770124316215515137e-01 3.946401476860046387e-01 2.052673399448394775e-01 2.176985889673233032e-01 2.194674909114837646e-01 3.753725886344909668e-01 9.999650716781616211e-01 9.999978542327880859e-01 0.000000000000000000e+00 9.999981522560119629e-01 9.999780058860778809e-01 4.554461538791656494e-01 2.294833064079284668e-01 2.001710236072540283e-01 1.817868053913116455e-01 1.378468871116638184e-01 1.397645920515060425e-01 1.514704674482345581e-01 1.389892548322677612e-01 1.062986403703689575e-01 8.263440430164337158e-02 6.258477270603179932e-02 4.428319633007049561e-02 3.327417373657226562e-02 2.828706800937652588e-02 2.611276507377624512e-02 2.544397115707397461e-02 2.582804858684539795e-02 2.662163972854614258e-02 2.721703052520751953e-02 2.753135561943054199e-02 2.742150425910949707e-02 2.766928076744079590e-02 2.842719852924346924e-02 2.942249178886413574e-02 3.146868944168090820e-02 3.387641906738281250e-02 3.753727674484252930e-02 4.421156644821166992e-02 5.966334044933319092e-02 8.331546187400817871e-02 8.371214568614959717e-02 5.709472298622131348e-02 4.159428179264068604e-02 3.657801449298858643e-02 3.486788272857666016e-02 3.614465892314910889e-02 4.175251722335815430e-02 5.167846381664276123e-02 7.167202234268188477e-02 1.460387706756591797e-01 3.254128694534301758e-01 4.623341560363769531e-01 3.850643634796142578e-01 1.708419322967529297e-01 9.514424204826354980e-02 6.580585241317749023e-02 6.062307953834533691e-02 5.973812937736511230e-02 5.601167678833007812e-02 4.584319889545440674e-02 3.492894768714904785e-02 3.015454113483428955e-02 2.724099159240722656e-02 2.680648863315582275e-02 2.796916663646697998e-02 2.721126377582550049e-02 2.954663336277008057e-02
4.584363102912902832e-02 4.829734563827514648e-02 5.467689037322998047e-02 6.451568007469177246e-02 8.076286315917968750e-02 1.184658110141754150e-01 2.653648257255554199e-01 3.598372936248779297e-01 3.679496943950653076e-01 2.714638710021972656e-01 1.572044193744659424e-01 1.281264126300811768e-01 1.679304987192153931e-01 3.905445337295532227e-01 9.999716281890869141e-01 9.999981522560119629e-01 0.000000000000000000e+00 9.999984502792358398e-01 9.999810457229614258e-01 4.572077691555023193e-01 2.239139825105667114e-01 1.767868548631668091e-01 1.476775556802749634e-01 1.536400914192199707e-01 1.443175524473190308e-01 1.269108653068542480e-01 1.063179373741149902e-01 7.624869048595428467e-02 6.062836945056915283e-02 4.914432764053344727e-02 3.789350390434265137e-02 3.142118453979492188e-02 2.803663909435272217e-02 2.623626589775085449e-02 2.590502798557281494e-02 2.626436948776245117e-02 2.675196528434753418e-02 2.715997397899627686e-02 2.740557491779327393e-02 2.794674038887023926e-02 2.898682653903961182e-02 3.008730709552764893e-02 3.162518143653869629e-02 3.361654281616210938e-02 3.762164711952209473e-02 4.446281492710113525e-02 5.805481970310211182e-02 7.191497087478637695e-02 7.152733206748962402e-02 5.139058828353881836e-02 4.335771501064300537e-02 4.083015024662017822e-02 4.052881896495819092e-02 4.330636560916900635e-02 4.968237876892089844e-02 6.480962038040161133e-02 1.269669830799102783e-01 2.367675602436065674e-01 3.917333483695983887e-01 4.803889989852905273e-01 4.096440672874450684e-01 2.232383340597152710e-01 1.173778176307678223e-01 7.279863953590393066e-02 6.519758701324462891e-02 5.807442963123321533e-02 4.952095448970794678e-02 3.967824578285217285e-02 3.227868676185607910e-02 2.967405319213867188e-02 2.731193602085113525e-02 2.716518938541412354e-02 2.826289832592010498e-02 2.724461257457733154e-02 2.952454984188079834e-02
4.496516287326812744e-02 4.615168273448944092e-02 5.116935074329376221e-02 6.003890931606292725e-02 7.348592579364776611e-02 1.298721879720687866e-01 2.288291454315185547e-01 3.641847372055053711e-01 3.487053513526916504e-01 2.778859138488769531e-01 1.050993204116821289e-01 1.033530235290527344e-01 1.211633980274200439e-01 1.816302537918090820e-01 4.230500757694244385e-01 9.999780058860778809e-01 9.999984502792358398e-01 0.000000000000000000e+00 9.999985694885253906e-01 9.999788999557495117e-01 5.318751931190490723e-01 2.472596764564514160e-01 1.730598509311676025e-01 1.493034511804580688e-01 1.449289619922637939e-01 1.178299784660339355e-01 9.613279998302459717e-02 7.501921057701110840e-02 6.280553340911865234e-02 5.335029959678649902e-02 4.599817097187042236e-02 3.849826753139495850e-02 3.332649171352386475e-02 2.961146831512451172e-02 2.773422002792358398e-02 2.744604647159576416e-02 2.739663422107696533e-02 2.751612663269042969e-02 2.819171547889709473e-02 2.890083193778991699e-02 2.965623140335083008e-02 3.086023032665252686e-02 3.220385313034057617e-02 3.423973917961120605e-02 3.883215785026550293e-02 4.704794287681579590e-02 5.768994987010955811e-02 6.502096354961395264e-02 6.303279101848602295e-02 5.437871813774108887e-02 4.840302467346191406e-02 4.786102473735809326e-02 4.843248426914215088e-02 4.967160522937774658e-02 5.597998201847076416e-02 8.244702219963073730e-02 1.902918070554733276e-01 2.977393269538879395e-01 4.377737641334533691e-01 4.633700847625732422e-01 3.745585978031158447e-01 2.270235717296600342e-01 1.255836337804794312e-01 7.766370475292205811e-02 6.162130832672119141e-02 5.069321393966674805e-02 4.144743084907531738e-02 3.468699753284454346e-02 3.107427060604095459e-02 2.915498614311218262e-02 2.724491059780120850e-02 2.722059190273284912e-02 2.826526761054992676e-02 2.731685340404510498e-02 2.941115200519561768e-02
4.328010976314544678e-02 4.123170673847198486e-02 4.807789623737335205e-02 5.750496685504913330e-02 6.892699003219604492e-02 1.211378127336502075e-01 1.971107572317123413e-01 3.121374249458312988e-01 3.251104950904846191e-01 1.242327243089675903e-01 9.815718233585357666e-02 1.079894155263900757e-01 1.281970739364624023e-01 1.393669545650482178e-01 2.171622663736343384e-01 4.554461538791656494e-01 9.999810457229614258e-01 9.999985694885253906e-01 0.000000000000000000e+00 9.999983310699462891e-01 9.999771118164062500e-01 5.965447425842285156e-01 2.846437990665435791e-01 1.769383400678634644e-01 1.386523395776748657e-01 1.268126517534255981e-01 8.759260177612304688e-02 7.595959305763244629e-02 6.496965885162353516e-02 5.701847374439239502e-02 5.244760215282440186e-02 4.785639047622680664e-02 4.092112183570861816e-02 3.616054356098175049e-02 3.200510144233703613e-02 2.965007722377777100e-02 2.878539264202117920e-02 2.848045527935028076e-02 2.899374067783355713e-02 2.985045313835144043e-02 3.045214712619781494e-02 3.138297796249389648e-02 3.314486145973205566e-02 3.615219891071319580e-02 4.301840066909790039e-02 5.262428522109985352e-02 6.243351101875305176e-02 6.804420053958892822e-02 6.698983907699584961e-02 5.817346274852752686e-02 5.497479438781738281e-02 5.293084681034088135e-02 5.223907530307769775e-02 5.095192790031433105e-02 5.807341635227203369e-02 7.991652190685272217e-02 1.765504181385040283e-01 3.174946308135986328e-01 4.150857627391815186e-01 4.067835211753845215e-01 2.498785108327865601e-01 1.666142195463180542e-01 9.594397246837615967e-02 6.539541482925415039e-02 5.238007009029388428e-02 4.196707904338836670e-02 3.519190847873687744e-02 3.213255107402801514e-02 3.001666069030761719e-02 2.835921943187713623e-02 2.681843936443328857e-02 2.711273729801177979e-02 2.820274233818054199e-02 2.737493813037872314e-02 2.934360504150390625e-02
4.074710607528686523e-02 3.784631192684173584e-02 4.351659119129180908e-02 4.935345053672790527e-02 6.016099452972412109e-02 9.052549302577972412e-02 1.465354710817337036e-01 2.921338677406311035e-01 2.034623473882675171e-01 1.746159344911575317e-01 1.415400654077529907e-01 1.289663761854171753e-01 1.394844651222229004e-01 1.635069400072097778e-01 1.769625693559646606e-01 2.294833064079284668e-01 4.572077691555023193e-01 9.999788999557495117e-01 9.999983310699462891e-01 0.000000000000000000e+00 9.999984502792358398e-01 9.999799132347106934e-01 6.253955364227294922e-01 2.861695587635040283e-01 1.595869362354278564e-01 1.113902926445007324e-01 9.377181529998779297e-02 7.596364617347717285e-02 6.740419566631317139e-02 6.183308362960815430e-02 5.713161826133728027e-02 5.465503036975860596e-02 5.246447026729583740e-02 4.417951405048370361e-02 3.778953850269317627e-02 3.371681272983551025e-02 3.132219612598419189e-02 3.062452375888824463e-02 3.052331507205963135e-02 3.068064153194427490e-02 3.147464990615844727e-02 3.287139534950256348e-02 3.525628149509429932e-02 4.155381023883819580e-02 5.047124624252319336e-02 6.334026157855987549e-02 7.564614713191986084e-02 9.320789575576782227e-02 9.300875663757324219e-02 8.237925171852111816e-02 6.176175177097320557e-02 5.785906314849853516e-02 5.141885578632354736e-02 5.051323771476745605e-02 5.590754747390747070e-02 7.951460778713226318e-02 1.411873400211334229e-01 2.349247038364410400e-01 3.234052360057830811e-01 2.817172408103942871e-01 1.527859866619110107e-01 1.039133965969085693e-01 6.854376196861267090e-02 5.059207975864410400e-02 4.204493761062622070e-02 3.456036746501922607e-02 3.173495829105377197e-02 3.022770583629608154e-02 2.896595001220703125e-02 2.752435207366943359e-02 2.636913955211639404e-02 2.684198319911956787e-02 2.815639972686767578e-02 2.748553454875946045e-02 2.930369973182678223e-02
3.867803514003753662e-02 3.475683927536010742e-02 3.857071697711944580e-02 4.121403396129608154e-02 4.871103167533874512e-02 7.234296202659606934e-02 1.417350471019744873e-01 2.875854372978210449e-01 3.705864250659942627e-01 2.667403221130371094e-01 2.157339751720428467e-01 1.943648755550384521e-01 2.400746941566467285e-01 2.574670016765594482e-01 1.948283165693283081e-01 2.001710236072540283e-01 2.239139825105667114e-01 5.318751931190490723e-01 9.999771118164062500e-01 9.999984502792358398e-01 0.000000000000000000e+00 9.999986886978149414e-01 9.999831318855285645e-01 5.581090450286865234e-01 2.424914389848709106e-01 1.245862394571304321e-01 9.585514664649963379e-02 8.307406306266784668e-02 7.364372909069061279e-02 6.420470774173736572e-02 6.249096989631652832e-02 5.833880603313446045e-02 5.610570311546325684e-02 5.317801237106323242e-02 4.494699835777282715e-02 3.908929228782653809e-02 3.569942712783813477e-02 3.353707492351531982e-02 3.260019421577453613e-02 3.252723813056945801e-02 3.393073379993438721e-02 3.574341535568237305e-02 4.052895307540893555e-02 5.051369965076446533e-02 6.339241564273834229e-02 7.805241644382476807e-02 1.109791249036788940e-01 1.610503643751144409e-01 1.433243453502655029e-01 9.777098894119262695e-02 7.150988280773162842e-02 5.493696033954620361e-02 4.895648360252380371e-02 4.623281955718994141e-02 5.234020948410034180e-02 7.115249335765838623e-02 1.105165928602218628e-01 1.844593435525894165e-01 1.991503983736038208e-01 1.485451459884643555e-01 9.433449804782867432e-02 6.629455089569091797e-02 4.922506213188171387e-02 4.026974737644195557e-02 3.453174233436584473e-02 3.082856535911560059e-02 2.973288297653198242e-02 2.878203988075256348e-02 2.802689373493194580e-02 2.689674496650695801e-02 2.591669559478759766e-02 2.651357650756835938e-02 2.803808450698852539e-02 2.759230136871337891e-02 2.925388514995574951e-02
