0.000000000000000000e+00 9.990174770355224609e-01 9.987764954566955566e-01 1.328298449516296387e-01 1.281616091728210449e-01 1.114226430654525757e-01 7.807083427906036377e-02 7.643760740756988525e-02 6.681418418884277344e-02 6.641076505184173584e-02 6.212687492370605469e-02 5.655226111412048340e-02 5.196204781532287598e-02 4.587247967720031738e-02 3.925073146820068359e-02 3.572784364223480225e-02 3.387679159641265869e-02 3.304192423820495605e-02 3.299254179000854492e-02 3.376421332359313965e-02 3.512254357337951660e-02 3.751739859580993652e-02 4.043664038181304932e-02 4.343032836914062500e-02 4.607054591178894043e-02 4.625940322875976562e-02 4.257968068122863770e-02 3.947623074054718018e-02 3.941363096237182617e-02 4.974633455276489258e-02 1.205052882432937622e-01 3.110777735710144043e-01 2.957523465156555176e-01 8.813302218914031982e-02 9.555162489414215088e-02 7.613701820373535156e-01 8.481658697128295898e-01 8.156086206436157227e-01
9.990174770355224609e-01 0.000000000000000000e+00 9.996343255043029785e-01 9.996064901351928711e-01 1.543406546115875244e-01 1.402732580900192261e-01 1.095301955938339233e-01 7.439115643501281738e-02 6.824634969234466553e-02 6.431300938129425049e-02 5.757433176040649414e-02 5.716964602470397949e-02 5.420450866222381592e-02 4.970327019691467285e-02 4.506295919418334961e-02 3.855173289775848389e-02 3.485713899135589600e-02 3.314781188964843750e-02 3.247891366481781006e-02 3.261493146419525146e-02 3.370048105716705322e-02 3.596703708171844482e-02 3.953705728054046631e-02 4.470434784889221191e-02 5.200672149658203125e-02 5.673019587993621826e-02 5.136154592037200928e-02 4.201465845108032227e-02 4.152774810791015625e-02 6.362618505954742432e-02 1.860616654157638550e-01 1.858920603990554810e-01 8.158028125762939453e-02 8.863133192062377930e-02 7.377836108207702637e-01 8.924888372421264648e-01 8.801400661468505859e-01 8.091071844100952148e-01
9.987764954566955566e-01 9.996343255043029785e-01 0.000000000000000000e+00 9.998332262039184570e-01 9.993902444839477539e-01 1.684076339006423950e-01 1.375892460346221924e-01 9.428754448890686035e-02 7.220186293125152588e-02 6.945471465587615967e-02 6.150856614112854004e-02 5.531080067157745361e-02 5.741842091083526611e-02 5.451405048370361328e-02 4.976038634777069092e-02 4.568116366863250732e-02 4.075008630752563477e-02 3.756073117256164551e-02 3.592319786548614502e-02 3.539852797985076904e-02 3.611575067043304443e-02 3.783264756202697754e-02 4.129157960414886475e-02 4.660335183143615723e-02 5.704192817211151123e-02 6.485143303871154785e-02 5.862416326999664307e-02 5.119515955448150635e-02 6.074613332748413086e-02 1.105131953954696655e-01 1.135717183351516724e-01 7.668824493885040283e-02 8.671166002750396729e-02 7.126721143722534180e-01 7.323589920997619629e-01 8.007228374481201172e-01 8.364685773849487305e-01 7.988799810409545898e-01
1.328298449516296387e-01 9.996064901351928711e-01 9.998332262039184570e-01 0.000000000000000000e+00 9.998610019683837891e-01 9.997355937957763672e-01 1.887033581733703613e-01 1.344370543956756592e-01 8.697682619094848633e-02 6.922660768032073975e-02 6.949129700660705566e-02 6.229104101657867432e-02 5.824476480484008789e-02 6.007862091064453125e-02 5.676440894603729248e-02 5.183094739913940430e-02 4.880188405513763428e-02 4.524868726730346680e-02 4.198452830314636230e-02 3.881049156188964844e-02 3.883311152458190918e-02 4.111732542514801025e-02 4.679453372955322266e-02 5.309951305389404297e-02 5.747830867767333984e-02 5.627378821372985840e-02 5.428449809551239014e-02 6.223233044147491455e-02 1.081924587488174438e-01 1.280777603387832642e-01 9.148675203323364258e-02 9.585359692573547363e-02 6.513795852661132812e-01 6.477115750312805176e-01 6.512012481689453125e-01 6.545639038085937500e-01 8.761972784996032715e-01 4.639536142349243164e-02
1.281616091728210449e-01 1.543406546115875244e-01 9.993902444839477539e-01 9.998610019683837891e-01 0.000000000000000000e+00 9.999499320983886719e-01 9.998946785926818848e-01 1.996983736753463745e-01 1.294814348220825195e-01 8.496201038360595703e-02 7.049700617790222168e-02 7.158426940441131592e-02 6.752432882785797119e-02 6.241475045680999756e-02 6.373596191406250000e-02 5.926027894020080566e-02 5.655965209007263184e-02 5.375799536705017090e-02 5.016341805458068848e-02 4.684157669544219971e-02 4.805880784988403320e-02 5.285888910293579102e-02 6.312668323516845703e-02 7.562927901744842529e-02 8.643272519111633301e-02 8.506138622760772705e-02 8.124385774135589600e-02 9.167154133319854736e-02 1.305857896804809570e-01 1.475822925567626953e-01 1.550872623920440674e-01 3.712162375450134277e-01 5.884265899658203125e-01 5.816093683242797852e-01 3.838605284690856934e-01 6.825458407402038574e-01 4.528652131557464600e-02 4.007257521152496338e-02
1.114226430654525757e-01 1.402732580900192261e-01 1.684076339006423950e-01 9.997355937957763672e-01 9.999499320983886719e-01 0.000000000000000000e+00 9.999848604202270508e-01 9.999549984931945801e-01 2.198483347892761230e-01 1.366595774888992310e-01 9.188456833362579346e-02 8.388261497020721436e-02 8.309106528759002686e-02 7.384902238845825195e-02 6.798954308032989502e-02 6.980186700820922852e-02 6.854066252708435059e-02 6.563234329223632812e-02 6.442426145076751709e-02 7.037456333637237549e-02 7.690425217151641846e-02 8.831414580345153809e-02 1.137296408414840698e-01 1.544934511184692383e-01 1.714600324630737305e-01 1.497319042682647705e-01 1.306014657020568848e-01 1.140905767679214478e-01 1.666465699672698975e-01 2.557324469089508057e-01 3.972782194614410400e-01 4.682725667953491211e-01 5.351788401603698730e-01 3.848904967308044434e-01 3.732548654079437256e-01 4.826278984546661377e-02 3.739140927791595459e-02 3.869217634201049805e-02
7.807083427906036377e-02 1.095301955938339233e-01 1.375892460346221924e-01 1.887033581733703613e-01 9.998946785926818848e-01 9.999848604202270508e-01 0.000000000000000000e+00 9.999944567680358887e-01 9.999755024909973145e-01 2.454138398170471191e-01 1.523600667715072632e-01 1.049007326364517212e-01 9.496398270130157471e-02 9.179031848907470703e-02 8.363713324069976807e-02 8.224986493587493896e-02 9.215183556079864502e-02 9.394681453704833984e-02 1.104475110769271851e-01 1.373979747295379639e-01 1.437348276376724243e-01 1.722276359796524048e-01 2.204354405403137207e-01 2.712356746196746826e-01 2.655546665191650391e-01 2.086716443300247192e-01 1.567761003971099854e-01 1.275560855865478516e-01 1.592348515987396240e-01 2.166869938373565674e-01 2.033890932798385620e-01 2.446914613246917725e-01 2.327615469694137573e-01 2.518752217292785645e-01 5.433996021747589111e-02 3.823831677436828613e-02 3.409759700298309326e-02 3.839546442031860352e-02
7.643760740756988525e-02 7.439115643501281738e-02 9.428754448890686035e-02 1.344370543956756592e-01 1.996983736753463745e-01 9.999549984931945801e-01 9.999944567680358887e-01 0.000000000000000000e+00 9.999971389770507812e-01 9.999767541885375977e-01 2.643601298332214355e-01 1.677358448505401611e-01 1.143897771835327148e-01 9.873217344284057617e-02 9.919461607933044434e-02 1.035844385623931885e-01 1.159125566482543945e-01 1.519138962030410767e-01 2.125655561685562134e-01 2.722946107387542725e-01 2.731744050979614258e-01 3.064455091953277588e-01 3.822538852691650391e-01 3.592427968978881836e-01 3.073432743549346924e-01 2.347479164600372314e-01 1.558382213115692139e-01 1.262693852186203003e-01 1.086446344852447510e-01 1.021304577589035034e-01 9.571494162082672119e-02 9.948371350765228271e-02 1.224174201488494873e-01 6.047843396663665771e-02 4.141087830066680908e-02 3.498001396656036377e-02 3.330601751804351807e-02 3.640988469123840332e-02
6.681418418884277344e-02 6.824634969234466553e-02 7.220186293125152588e-02 8.697682619094848633e-02 1.294814348220825195e-01 2.198483347892761230e-01 9.999755024909973145e-01 9.999971389770507812e-01 0.000000000000000000e+00 9.999972581863403320e-01 9.999741315841674805e-01 2.647497653961181641e-01 1.614673733711242676e-01 1.211246848106384277e-01 1.042663753032684326e-01 1.131305545568466187e-01 1.216803193092346191e-01 1.691814661026000977e-01 2.878206372261047363e-01 3.296223878860473633e-01 3.542978167533874512e-01 5.596970319747924805e-01 5.559129714965820312e-01 4.791021347045898438e-01 3.660323619842529297e-01 2.512218356132507324e-01 1.754945665597915649e-01 1.095795780420303345e-01 8.847896754741668701e-02 7.762244343757629395e-02 6.774973869323730469e-02 6.186932325363159180e-02 5.801768600940704346e-02 4.269590973854064941e-02 3.751391172409057617e-02 3.327092528343200684e-02 3.150564432144165039e-02 3.411376476287841797e-02
6.641076505184173584e-02 6.431300938129425049e-02 6.945471465587615967e-02 6.922660768032073975e-02 8.496201038360595703e-02 1.366595774888992310e-01 2.454138398170471191e-01 9.999767541885375977e-01 9.999972581863403320e-01 0.000000000000000000e+00 9.999972581863403320e-01 9.999734163284301758e-01 2.476519495248794556e-01 1.519420146942138672e-01 1.215503066778182983e-01 1.128664761781692505e-01 1.284818500280380249e-01 1.697869896888732910e-01 2.706358432769775391e-01 3.279086351394653320e-01 6.414983272552490234e-01 6.856314539909362793e-01 6.671901941299438477e-01 5.572271943092346191e-01 4.088987112045288086e-01 2.425907552242279053e-01 1.484514027833938599e-01 9.289613366127014160e-02 7.073293626308441162e-02 6.188616156578063965e-02 5.229945480823516846e-02 4.942274093627929688e-02 4.174596071243286133e-02 3.512330353260040283e-02 3.313694894313812256e-02 3.110244870185852051e-02 3.044551610946655273e-02 3.224849700927734375e-02
6.212687492370605469e-02 5.757433176040649414e-02 6.150856614112854004e-02 6.949129700660705566e-02 7.049700617790222168e-02 9.188456833362579346e-02 1.523600667715072632e-01 2.643601298332214355e-01 9.999741315841674805e-01 9.999972581863403320e-01 0.000000000000000000e+00 9.999974966049194336e-01 9.999732971191406250e-01 2.513812780380249023e-01 1.514948010444641113e-01 1.229166537523269653e-01 1.403158009052276611e-01 1.517733931541442871e-01 1.992658078670501709e-01 5.993880033493041992e-01 7.323304414749145508e-01 7.461234331130981445e-01 7.054421901702880859e-01 5.762510299682617188e-01 2.246176004409790039e-01 1.866559088230133057e-01 1.104334890842437744e-01 7.403913140296936035e-02 5.703073740005493164e-02 4.710537195205688477e-02 4.210579395294189453e-02 3.773717582225799561e-02 3.379303216934204102e-02 3.106757998466491699e-02 2.983795106410980225e-02 3.005138039588928223e-02 2.924725413322448730e-02 3.073543310165405273e-02
5.655226111412048340e-02 5.716964602470397949e-02 5.531080067157745361e-02 6.229104101657867432e-02 7.158426940441131592e-02 8.388261497020721436e-02 1.049007326364517212e-01 1.677358448505401611e-01 2.647497653961181641e-01 9.999734163284301758e-01 9.999974966049194336e-01 0.000000000000000000e+00 9.999979734420776367e-01 9.999769926071166992e-01 3.138551712036132812e-01 1.611826121807098389e-01 1.533342152833938599e-01 1.850968152284622192e-01 5.477337241172790527e-01 7.305647134780883789e-01 7.664322853088378906e-01 7.813967466354370117e-01 6.829925775527954102e-01 1.588062196969985962e-01 1.485637128353118896e-01 1.285866498947143555e-01 9.310251474380493164e-02 6.148968636989593506e-02 4.747112095355987549e-02 3.946647047996520996e-02 3.403739631175994873e-02 3.116568922996520996e-02 2.938683331012725830e-02 2.839745581150054932e-02 2.789044380187988281e-02 2.871845662593841553e-02 2.831339836120605469e-02 2.908496558666229248e-02
5.196204781532287598e-02 5.420450866222381592e-02 5.741842091083526611e-02 5.824476480484008789e-02 6.752432882785797119e-02 8.309106528759002686e-02 9.496398270130157471e-02 1.143897771835327148e-01 1.614673733711242676e-01 2.476519495248794556e-01 9.999732971191406250e-01 9.999979734420776367e-01 0.000000000000000000e+00 9.999986886978149414e-01 9.999816417694091797e-01 4.081209897994995117e-01 2.264259457588195801e-01 2.961567044258117676e-01 5.727062225341796875e-01 7.753338813781738281e-01 7.783811092376708984e-01 7.298486232757568359e-01 1.412959545850753784e-01 1.455166041851043701e-01 1.166538000106811523e-01 1.051698178052902222e-01 8.777156472206115723e-02 6.009012460708618164e-02 4.427063465118408203e-02 3.581640124320983887e-02 3.124287724494934082e-02 2.912402153015136719e-02 2.794076502323150635e-02 2.636376023292541504e-02 2.653104066848754883e-02 2.778670191764831543e-02 2.729453146457672119e-02 2.838774025440216064e-02
4.587247967720031738e-02 4.970327019691467285e-02 5.451405048370361328e-02 6.007862091064453125e-02 6.241475045680999756e-02 7.384902238845825195e-02 9.179031848907470703e-02 9.873217344284057617e-02 1.211246848106384277e-01 1.519420146942138672e-01 2.513812780380249023e-01 9.999769926071166992e-01 9.999986886978149414e-01 0.000000000000000000e+00 9.999991059303283691e-01 9.999839067459106445e-01 6.846066713333129883e-01 4.409726262092590332e-01 4.967975616455078125e-01 6.229115724563598633e-01 6.855084300041198730e-01 1.201215386390686035e-01 1.434592902660369873e-01 1.214985251426696777e-01 1.021914482116699219e-01 9.550395607948303223e-02 8.965745568275451660e-02 6.309147179126739502e-02 4.657575488090515137e-02 3.730221092700958252e-02 3.157736361026763916e-02 2.869345247745513916e-02 2.688571810722351074e-02 2.516128122806549072e-02 2.572122216224670410e-02 2.740699052810668945e-02 2.709174156188964844e-02 2.873638272285461426e-02
3.925073146820068359e-02 4.506295919418334961e-02 4.976038634777069092e-02 5.676440894603729248e-02 6.373596191406250000e-02 6.798954308032989502e-02 8.363713324069976807e-02 9.919461607933044434e-02 1.042663753032684326e-01 1.215503066778182983e-01 1.514948010444641113e-01 3.138551712036132812e-01 9.999816417694091797e-01 9.999991059303283691e-01 0.000000000000000000e+00 9.999994039535522461e-01 9.999879598617553711e-01 7.803430557250976562e-01 4.192488789558410645e-01 4.099274277687072754e-01 1.182816475629806519e-01 1.190426945686340332e-01 1.066345274448394775e-01 9.630697965621948242e-02 9.755678474903106689e-02 9.409675002098083496e-02 8.670760691165924072e-02 7.460334897041320801e-02 5.609312653541564941e-02 4.335246980190277100e-02 3.589813411235809326e-02 3.008179366588592529e-02 2.745641767978668213e-02 2.531799674034118652e-02 2.547349035739898682e-02 2.730531990528106689e-02 2.737465500831604004e-02 2.944740653038024902e-02
3.572784364223480225e-02 3.855173289775848389e-02 4.568116366863250732e-02 5.183094739913940430e-02 5.926027894020080566e-02 6.980186700820922852e-02 8.224986493587493896e-02 1.035844385623931885e-01 1.131305545568466187e-01 1.128664761781692505e-01 1.229166537523269653e-01 1.611826121807098389e-01 4.081209897994995117e-01 9.999839067459106445e-01 9.999994039535522461e-01 0.000000000000000000e+00 9.999995231628417969e-01 9.999874830245971680e-01 6.509208679199218750e-01 2.280830591917037964e-01 1.529787033796310425e-01 1.201262027025222778e-01 1.037531197071075439e-01 9.242640435695648193e-02 9.217165410518646240e-02 9.179390966892242432e-02 9.102824330329895020e-02 8.650498092174530029e-02 7.167206704616546631e-02 5.666740238666534424e-02 4.424193501472473145e-02 3.500252962112426758e-02 2.967481315135955811e-02 2.648888528347015381e-02 2.591660618782043457e-02 2.744404971599578857e-02 2.778989076614379883e-02 3.015847504138946533e-02
3.387679159641265869e-02 3.485713899135589600e-02 4.075008630752563477e-02 4.880188405513763428e-02 5.655965209007263184e-02 6.854066252708435059e-02 9.215183556079864502e-02 1.159125566482543945e-01 1.216803193092346191e-01 1.284818500280380249e-01 1.403158009052276611e-01 1.533342152833938599e-01 2.264259457588195801e-01 6.846066713333129883e-01 9.999879598617553711e-01 9.999995231628417969e-01 0.000000000000000000e+00 9.999994635581970215e-01 9.999749660491943359e-01 5.706583261489868164e-01 2.286517620086669922e-01 1.423973888158798218e-01 1.113118976354598999e-01 9.967371821403503418e-02 8.707895874977111816e-02 8.828505873680114746e-02 9.438674151897430420e-02 9.305545687675476074e-02 8.684471249580383301e-02 7.116974890232086182e-02 5.723445117473602295e-02 4.215265810489654541e-02 3.324052691459655762e-02 2.838526666164398193e-02 2.698481082916259766e-02 2.792195975780487061e-02 2.827851474285125732e-02 3.046821057796478271e-02
3.304192423820495605e-02 3.314781188964843750e-02 3.756073117256164551e-02 4.524868726730346680e-02 5.375799536705017090e-02 6.563234329223632812e-02 9.394681453704833984e-02 1.519138962030410767e-01 1.691814661026000977e-01 1.697869896888732910e-01 1.517733931541442871e-01 1.850968152284622192e-01 2.961567044258117676e-01 4.409726262092590332e-01 7.803430557250976562e-01 9.999874830245971680e-01 9.999994635581970215e-01 0.000000000000000000e+00 9.999988079071044922e-01 9.999781847000122070e-01 5.888794660568237305e-01 2.387867718935012817e-01 1.276673227548599243e-01 1.023260205984115601e-01 9.192377328872680664e-02 8.642932772636413574e-02 9.389448165893554688e-02 9.751956164836883545e-02 9.172393381595611572e-02 8.319361507892608643e-02 6.891439855098724365e-02 5.072951316833496094e-02 3.873687982559204102e-02 3.145635128021240234e-02 2.889619767665863037e-02 2.905388176441192627e-02 2.868503332138061523e-02 3.047168254852294922e-02
3.299254179000854492e-02 3.247891366481781006e-02 3.592319786548614502e-02 4.198452830314636230e-02 5.016341805458068848e-02 6.442426145076751709e-02 1.104475110769271851e-01 2.125655561685562134e-01 2.878206372261047363e-01 2.706358432769775391e-01 1.992658078670501709e-01 5.477337241172790527e-01 5.727062225341796875e-01 4.967975616455078125e-01 4.192488789558410645e-01 6.509208679199218750e-01 9.999749660491943359e-01 9.999988079071044922e-01 0.000000000000000000e+00 9.999988079071044922e-01 9.999794960021972656e-01 5.450103282928466797e-01 2.194522917270660400e-01 1.205157488584518433e-01 1.004728227853775024e-01 9.763847291469573975e-02 9.395575523376464844e-02 9.786720573902130127e-02 9.706802666187286377e-02 9.026841819286346436e-02 7.592594623565673828e-02 5.755394697189331055e-02 4.492963850498199463e-02 3.627368807792663574e-02 3.224398195743560791e-02 3.073029220104217529e-02 2.930258214473724365e-02 3.045432269573211670e-02
3.376421332359313965e-02 3.261493146419525146e-02 3.539852797985076904e-02 3.881049156188964844e-02 4.684157669544219971e-02 7.037456333637237549e-02 1.373979747295379639e-01 2.722946107387542725e-01 3.296223878860473633e-01 3.279086351394653320e-01 5.993880033493041992e-01 7.305647134780883789e-01 7.753338813781738281e-01 6.229115724563598633e-01 4.099274277687072754e-01 2.280830591917037964e-01 5.706583261489868164e-01 9.999781847000122070e-01 9.999988079071044922e-01 0.000000000000000000e+00 9.999988079071044922e-01 9.999781847000122070e-01 4.628669619560241699e-01 1.990884244441986084e-01 1.208923161029815674e-01 1.064311414957046509e-01 1.130043864250183105e-01 1.071513593196868896e-01 1.020982712507247925e-01 9.521123766899108887e-02 8.074760437011718750e-02 6.339940428733825684e-02 5.026011168956756592e-02 4.221984744071960449e-02 3.622944653034210205e-02 3.325742483139038086e-02 3.033789992332458496e-02 3.041873872280120850e-02
3.512254357337951660e-02 3.370048105716705322e-02 3.611575067043304443e-02 3.883311152458190918e-02 4.805880784988403320e-02 7.690425217151641846e-02 1.437348276376724243e-01 2.731744050979614258e-01 3.542978167533874512e-01 6.414983272552490234e-01 7.323304414749145508e-01 7.664322853088378906e-01 7.783811092376708984e-01 6.855084300041198730e-01 1.182816475629806519e-01 1.529787033796310425e-01 2.286517620086669922e-01 5.888794660568237305e-01 9.999794960021972656e-01 9.999988079071044922e-01 0.000000000000000000e+00 9.999985694885253906e-01 9.999735355377197266e-01 4.088224172592163086e-01 1.901234388351440430e-01 1.261723339557647705e-01 1.135247200727462769e-01 1.224895268678665161e-01 1.075729131698608398e-01 9.733138978481292725e-02 8.413027226924896240e-02 6.677965819835662842e-02 5.493585765361785889e-02 4.740433394908905029e-02 4.110214114189147949e-02 3.620111942291259766e-02 3.200322389602661133e-02 3.081984817981719971e-02
3.751739859580993652e-02 3.596703708171844482e-02 3.783264756202697754e-02 4.111732542514801025e-02 5.285888910293579102e-02 8.831414580345153809e-02 1.722276359796524048e-01 3.064455091953277588e-01 5.596970319747924805e-01 6.856314539909362793e-01 7.461234331130981445e-01 7.813967466354370117e-01 7.298486232757568359e-01 1.201215386390686035e-01 1.190426945686340332e-01 1.201262027025222778e-01 1.423973888158798218e-01 2.387867718935012817e-01 5.450103282928466797e-01 9.999781847000122070e-01 9.999985694885253906e-01 0.000000000000000000e+00 9.999980926513671875e-01 9.999699592590332031e-01 3.832259774208068848e-01 1.891166269779205322e-01 1.288020163774490356e-01 1.134081184864044189e-01 1.148552298545837402e-01 9.772633016109466553e-02 8.524323999881744385e-02 7.254855334758758545e-02 5.913214385509490967e-02 5.241686105728149414e-02 4.618149995803833008e-02 4.057125747203826904e-02 3.431726992130279541e-02 3.180989623069763184e-02
4.043664038181304932e-02 3.953705728054046631e-02 4.129157960414886475e-02 4.679453372955322266e-02 6.312668323516845703e-02 1.137296408414840698e-01 2.204354405403137207e-01 3.822538852691650391e-01 5.559129714965820312e-01 6.671901941299438477e-01 7.054421901702880859e-01 6.829925775527954102e-01 1.412959545850753784e-01 1.434592902660369873e-01 1.066345274448394775e-01 1.037531197071075439e-01 1.113118976354598999e-01 1.276673227548599243e-01 2.194522917270660400e-01 4.628669619560241699e-01 9.999735355377197266e-01 9.999980926513671875e-01 0.000000000000000000e+00 9.999977350234985352e-01 9.999672174453735352e-01 3.576068282127380371e-01 1.866594254970550537e-01 1.265681236982345581e-01 1.091886311769485474e-01 1.080454736948013306e-01 8.908528089523315430e-02 7.639643549919128418e-02 6.622001528739929199e-02 5.738042294979095459e-02 5.041828751564025879e-02 4.555945098400115967e-02 3.824698925018310547e-02 3.383676707744598389e-02
4.343032836914062500e-02 4.470434784889221191e-02 4.660335183143615723e-02 5.309951305389404297e-02 7.562927901744842529e-02 1.544934511184692383e-01 2.712356746196746826e-01 3.592427968978881836e-01 4.791021347045898438e-01 5.572271943092346191e-01 5.762510299682617188e-01 1.588062196969985962e-01 1.455166041851043701e-01 1.214985251426696777e-01 9.630697965621948242e-02 9.242640435695648193e-02 9.967371821403503418e-02 1.023260205984115601e-01 1.205157488584518433e-01 1.990884244441986084e-01 4.088224172592163086e-01 9.999699592590332031e-01 9.999977350234985352e-01 0.000000000000000000e+00 9.999971389770507812e-01 9.999622106552124023e-01 3.317682147026062012e-01 1.806910336017608643e-01 1.236008703708648682e-01 1.061100661754608154e-01 1.029451489448547363e-01 8.315330743789672852e-02 7.127784192562103271e-02 6.478650867938995361e-02 5.577169358730316162e-02 4.987250268459320068e-02 4.334694147109985352e-02 3.706264495849609375e-02
4.607054591178894043e-02 5.200672149658203125e-02 5.704192817211151123e-02 5.747830867767333984e-02 8.643272519111633301e-02 1.714600324630737305e-01 2.655546665191650391e-01 3.073432743549346924e-01 3.660323619842529297e-01 4.088987112045288086e-01 2.246176004409790039e-01 1.485637128353118896e-01 1.166538000106811523e-01 1.021914482116699219e-01 9.755678474903106689e-02 9.217165410518646240e-02 8.707895874977111816e-02 9.192377328872680664e-02 1.004728227853775024e-01 1.208923161029815674e-01 1.901234388351440430e-01 3.832259774208068848e-01 9.999672174453735352e-01 9.999971389770507812e-01 0.000000000000000000e+00 9.999960660934448242e-01 9.999549388885498047e-01 3.109355866909027100e-01 1.779897212982177734e-01 1.240949332714080811e-01 1.051153242588043213e-01 9.818775951862335205e-02 7.873123884201049805e-02 6.933353841304779053e-02 6.127114593982696533e-02 5.357813835144042969e-02 4.831691086292266846e-02 4.050579667091369629e-02
4.625940322875976562e-02 5.673019587993621826e-02 6.485143303871154785e-02 5.627378821372985840e-02 8.506138622760772705e-02 1.497319042682647705e-01 2.086716443300247192e-01 2.347479164600372314e-01 2.512218356132507324e-01 2.425907552242279053e-01 1.866559088230133057e-01 1.285866498947143555e-01 1.051698178052902222e-01 9.550395607948303223e-02 9.409675002098083496e-02 9.179390966892242432e-02 8.828505873680114746e-02 8.642932772636413574e-02 9.763847291469573975e-02 1.064311414957046509e-01 1.261723339557647705e-01 1.891166269779205322e-01 3.576068282127380371e-01 9.999622106552124023e-01 9.999960660934448242e-01 0.000000000000000000e+00 9.999944567680358887e-01 9.999436736106872559e-01 2.989062070846557617e-01 1.755409538745880127e-01 1.227649450302124023e-01 1.012837439775466919e-01 9.135720133781433105e-02 7.498669624328613281e-02 6.271529197692871094e-02 5.708180367946624756e-02 5.165004730224609375e-02 4.430347681045532227e-02
4.257968068122863770e-02 5.136154592037200928e-02 5.862416326999664307e-02 5.428449809551239014e-02 8.124385774135589600e-02 1.306014657020568848e-01 1.567761003971099854e-01 1.558382213115692139e-01 1.754945665597915649e-01 1.484514027833938599e-01 1.104334890842437744e-01 9.310251474380493164e-02 8.777156472206115723e-02 8.965745568275451660e-02 8.670760691165924072e-02 9.102824330329895020e-02 9.438674151897430420e-02 9.389448165893554688e-02 9.395575523376464844e-02 1.130043864250183105e-01 1.135247200727462769e-01 1.288020163774490356e-01 1.866594254970550537e-01 3.317682147026062012e-01 9.999549388885498047e-01 9.999944567680358887e-01 0.000000000000000000e+00 9.999919533729553223e-01 9.999290108680725098e-01 2.759971320629119873e-01 1.664374321699142456e-01 1.190991252660751343e-01 9.601148962974548340e-02 8.233502507209777832e-02 6.607165932655334473e-02 5.756121873855590820e-02 5.284060537815093994e-02 4.746778309345245361e-02
3.947623074054718018e-02 4.201465845108032227e-02 5.119515955448150635e-02 6.223233044147491455e-02 9.167154133319854736e-02 1.140905767679214478e-01 1.275560855865478516e-01 1.262693852186203003e-01 1.095795780420303345e-01 9.289613366127014160e-02 7.403913140296936035e-02 6.148968636989593506e-02 6.009012460708618164e-02 6.309147179126739502e-02 7.460334897041320801e-02 8.650498092174530029e-02 9.305545687675476074e-02 9.751956164836883545e-02 9.786720573902130127e-02 1.071513593196868896e-01 1.224895268678665161e-01 1.134081184864044189e-01 1.265681236982345581e-01 1.806910336017608643e-01 3.109355866909027100e-01 9.999436736106872559e-01 9.999919533729553223e-01 0.000000000000000000e+00 9.999886155128479004e-01 9.999080300331115723e-01 2.491637468338012695e-01 1.579852551221847534e-01 1.132670640945434570e-01 8.633244037628173828e-02 6.869357824325561523e-02 5.883693695068359375e-02 5.146732926368713379e-02 4.908742010593414307e-02
3.941363096237182617e-02 4.152774810791015625e-02 6.074613332748413086e-02 1.081924587488174438e-01 1.305857896804809570e-01 1.666465699672698975e-01 1.592348515987396240e-01 1.086446344852447510e-01 8.847896754741668701e-02 7.073293626308441162e-02 5.703073740005493164e-02 4.747112095355987549e-02 4.427063465118408203e-02 4.657575488090515137e-02 5.609312653541564941e-02 7.167206704616546631e-02 8.684471249580383301e-02 9.172393381595611572e-02 9.706802666187286377e-02 1.020982712507247925e-01 1.075729131698608398e-01 1.148552298545837402e-01 1.091886311769485474e-01 1.236008703708648682e-01 1.779897212982177734e-01 2.989062070846557617e-01 9.999290108680725098e-01 9.999886155128479004e-01 0.000000000000000000e+00 9.999844431877136230e-01 9.998679757118225098e-01 2.223959267139434814e-01 1.472696512937545776e-01 1.061132848262786865e-01 6.957942247390747070e-02 5.625705420970916748e-02 4.942040145397186279e-02 4.514026641845703125e-02
4.974633455276489258e-02 6.362618505954742432e-02 1.105131953954696655e-01 1.280777603387832642e-01 1.475822925567626953e-01 2.557324469089508057e-01 2.166869938373565674e-01 1.021304577589035034e-01 7.762244343757629395e-02 6.188616156578063965e-02 4.710537195205688477e-02 3.946647047996520996e-02 3.581640124320983887e-02 3.730221092700958252e-02 4.335246980190277100e-02 5.666740238666534424e-02 7.116974890232086182e-02 8.319361507892608643e-02 9.026841819286346436e-02 9.521123766899108887e-02 9.733138978481292725e-02 9.772633016109466553e-02 1.080454736948013306e-01 1.061100661754608154e-01 1.240949332714080811e-01 1.755409538745880127e-01 2.759971320629119873e-01 9.999080300331115723e-01 9.999844431877136230e-01 0.000000000000000000e+00 9.999736547470092773e-01 9.997541904449462891e-01 1.981756389141082764e-01 1.372878104448318481e-01 8.471296727657318115e-02 5.481626093387603760e-02 4.686786234378814697e-02 4.109762609004974365e-02
1.205052882432937622e-01 1.860616654157638550e-01 1.135717183351516724e-01 9.148675203323364258e-02 1.550872623920440674e-01 3.972782194614410400e-01 2.033890932798385620e-01 9.571494162082672119e-02 6.774973869323730469e-02 5.229945480823516846e-02 4.210579395294189453e-02 3.403739631175994873e-02 3.124287724494934082e-02 3.157736361026763916e-02 3.589813411235809326e-02 4.424193501472473145e-02 5.723445117473602295e-02 6.891439855098724365e-02 7.592594623565673828e-02 8.074760437011718750e-02 8.413027226924896240e-02 8.524323999881744385e-02 8.908528089523315430e-02 1.029451489448547363e-01 1.051153242588043213e-01 1.227649450302124023e-01 1.664374321699142456e-01 2.491637468338012695e-01 9.998679757118225098e-01 9.999736547470092773e-01 0.000000000000000000e+00 9.999341964721679688e-01 9.994435906410217285e-01 1.805144846439361572e-01 1.274965256452560425e-01 7.095263898372650146e-02 4.816050827503204346e-02 4.060964286327362061e-02
3.110777735710144043e-01 1.858920603990554810e-01 7.668824493885040283e-02 9.585359692573547363e-02 3.712162375450134277e-01 4.682725667953491211e-01 2.446914613246917725e-01 9.948371350765228271e-02 6.186932325363159180e-02 4.942274093627929688e-02 3.773717582225799561e-02 3.116568922996520996e-02 2.912402153015136719e-02 2.869345247745513916e-02 3.008179366588592529e-02 3.500252962112426758e-02 4.215265810489654541e-02 5.072951316833496094e-02 5.755394697189331055e-02 6.339940428733825684e-02 6.677965819835662842e-02 7.254855334758758545e-02 7.639643549919128418e-02 8.315330743789672852e-02 9.818775951862335205e-02 1.012837439775466919e-01 1.190991252660751343e-01 1.579852551221847534e-01 2.223959267139434814e-01 9.997541904449462891e-01 9.999341964721679688e-01 0.000000000000000000e+00 9.998407959938049316e-01 9.989817142486572266e-01 1.676210463047027588e-01 1.129635423421859741e-01 5.935837328433990479e-02 4.519000649452209473e-02
2.957523465156555176e-01 8.158028125762939453e-02 8.671166002750396729e-02 6.513795852661132812e-01 5.884265899658203125e-01 5.351788401603698730e-01 2.327615469694137573e-01 1.224174201488494873e-01 5.801768600940704346e-02 4.174596071243286133e-02 3.379303216934204102e-02 2.938683331012725830e-02 2.794076502323150635e-02 2.688571810722351074e-02 2.745641767978668213e-02 2.967481315135955811e-02 3.324052691459655762e-02 3.873687982559204102e-02 4.492963850498199463e-02 5.026011168956756592e-02 5.493585765361785889e-02 5.913214385509490967e-02 6.622001528739929199e-02 7.127784192562103271e-02 7.873123884201049805e-02 9.135720133781433105e-02 9.601148962974548340e-02 1.132670640945434570e-01 1.472696512937545776e-01 1.981756389141082764e-01 9.994435906410217285e-01 9.998407959938049316e-01 0.000000000000000000e+00 9.996974468231201172e-01 9.983686804771423340e-01 1.470103561878204346e-01 1.019092053174972534e-01 5.682638287544250488e-02
8.813302218914031982e-02 8.863133192062377930e-02 7.126721143722534180e-01 6.477115750312805176e-01 5.816093683242797852e-01 3.848904967308044434e-01 2.518752217292785645e-01 6.047843396663665771e-02 4.269590973854064941e-02 3.512330353260040283e-02 3.106757998466491699e-02 2.839745581150054932e-02 2.636376023292541504e-02 2.516128122806549072e-02 2.531799674034118652e-02 2.648888528347015381e-02 2.838526666164398193e-02 3.145635128021240234e-02 3.627368807792663574e-02 4.221984744071960449e-02 4.740433394908905029e-02 5.241686105728149414e-02 5.738042294979095459e-02 6.478650867938995361e-02 6.933353841304779053e-02 7.498669624328613281e-02 8.233502507209777832e-02 8.633244037628173828e-02 1.061132848262786865e-01 1.372878104448318481e-01 1.805144846439361572e-01 9.989817142486572266e-01 9.996974468231201172e-01 0.000000000000000000e+00 9.993882179260253906e-01 9.971368908882141113e-01 1.390124261379241943e-01 9.121246635913848877e-02
9.555162489414215088e-02 7.377836108207702637e-01 7.323589920997619629e-01 6.512012481689453125e-01 3.838605284690856934e-01 3.732548654079437256e-01 5.433996021747589111e-02 4.141087830066680908e-02 3.751391172409057617e-02 3.313694894313812256e-02 2.983795106410980225e-02 2.789044380187988281e-02 2.653104066848754883e-02 2.572122216224670410e-02 2.547349035739898682e-02 2.591660618782043457e-02 2.698481082916259766e-02 2.889619767665863037e-02 3.224398195743560791e-02 3.622944653034210205e-02 4.110214114189147949e-02 4.618149995803833008e-02 5.041828751564025879e-02 5.577169358730316162e-02 6.127114593982696533e-02 6.271529197692871094e-02 6.607165932655334473e-02 6.869357824325561523e-02 6.957942247390747070e-02 8.471296727657318115e-02 1.274965256452560425e-01 1.676210463047027588e-01 9.983686804771423340e-01 9.993882179260253906e-01 0.000000000000000000e+00 9.991880655288696289e-01 9.945064783096313477e-01 1.522549241781234741e-01
7.613701820373535156e-01 8.924888372421264648e-01 8.007228374481201172e-01 6.545639038085937500e-01 6.825458407402038574e-01 4.826278984546661377e-02 3.823831677436828613e-02 3.498001396656036377e-02 3.327092528343200684e-02 3.110244870185852051e-02 3.005138039588928223e-02 2.871845662593841553e-02 2.778670191764831543e-02 2.740699052810668945e-02 2.730531990528106689e-02 2.744404971599578857e-02 2.792195975780487061e-02 2.905388176441192627e-02 3.073029220104217529e-02 3.325742483139038086e-02 3.620111942291259766e-02 4.057125747203826904e-02 4.555945098400115967e-02 4.987250268459320068e-02 5.357813835144042969e-02 5.708180367946624756e-02 5.756121873855590820e-02 5.883693695068359375e-02 5.625705420970916748e-02 5.481626093387603760e-02 7.095263898372650146e-02 1.129635423421859741e-01 1.470103561878204346e-01 9.971368908882141113e-01 9.991880655288696289e-01 0.000000000000000000e+00 9.984654784202575684e-01 9.865703582763671875e-01
8.481658697128295898e-01 8.801400661468505859e-01 8.364685773849487305e-01 8.761972784996032715e-01 4.528652131557464600e-02 3.739140927791595459e-02 3.409759700298309326e-02 3.330601751804351807e-02 3.150564432144165039e-02 3.044551610946655273e-02 2.924725413322448730e-02 2.831339836120605469e-02 2.729453146457672119e-02 2.709174156188964844e-02 2.737465500831604004e-02 2.778989076614379883e-02 2.827851474285125732e-02 2.868503332138061523e-02 2.930258214473724365e-02 3.033789992332458496e-02 3.200322389602661133e-02 3.431726992130279541e-02 3.824698925018310547e-02 4.334694147109985352e-02 4.831691086292266846e-02 5.165004730224609375e-02 5.284060537815093994e-02 5.146732926368713379e-02 4.942040145397186279e-02 4.686786234378814697e-02 4.816050827503204346e-02 5.935837328433990479e-02 1.019092053174972534e-01 1.390124261379241943e-01 9.945064783096313477e-01 9.984654784202575684e-01 0.000000000000000000e+00 9.971112012863159180e-01
8.156086206436157227e-01 8.091071844100952148e-01 7.988799810409545898e-01 4.639536142349243164e-02 4.007257521152496338e-02 3.869217634201049805e-02 3.839546442031860352e-02 3.640988469123840332e-02 3.411376476287841797e-02 3.224849700927734375e-02 3.073543310165405273e-02 2.908496558666229248e-02 2.838774025440216064e-02 2.873638272285461426e-02 2.944740653038024902e-02 3.015847504138946533e-02 3.046821057796478271e-02 3.047168254852294922e-02 3.045432269573211670e-02 3.041873872280120850e-02 3.081984817981719971e-02 3.180989623069763184e-02 3.383676707744598389e-02 3.706264495849609375e-02 4.050579667091369629e-02 4.430347681045532227e-02 4.746778309345245361e-02 4.908742010593414307e-02 4.514026641845703125e-02 4.109762609004974365e-02 4.060964286327362061e-02 4.519000649452209473e-02 5.682638287544250488e-02 9.121246635913848877e-02 1.522549241781234741e-01 9.865703582763671875e-01 9.971112012863159180e-01 0.000000000000000000e+00
