0.000000000000000000e+00 9.986943006515502930e-01 9.983223676681518555e-01 1.263072788715362549e-01 1.221279650926589966e-01 1.014260649681091309e-01 7.066749036312103271e-02 6.717053055763244629e-02 5.749534070491790771e-02 5.736005306243896484e-02 5.661582946777343750e-02 5.330555140972137451e-02 4.912222921848297119e-02 4.367466270923614502e-02 3.947973251342773438e-02 3.692442178726196289e-02 3.527300059795379639e-02 3.433510661125183105e-02 3.442202508449554443e-02 3.457248210906982422e-02 3.440934419631958008e-02 3.678502142429351807e-02 4.111109673976898193e-02 4.291887581348419189e-02 4.342620074748992920e-02 5.688700079917907715e-02 1.336112469434738159e-01 1.343068480491638184e-01 1.176652610301971436e-01 1.114799231290817261e-01 1.483254730701446533e-01 4.529742896556854248e-02 4.422569274902343750e-02 3.878454864025115967e-02 3.725732862949371338e-02 3.633300960063934326e-02 3.607939183712005615e-02 3.619571030139923096e-02 3.622090816497802734e-02 3.625427186489105225e-02 3.589777648448944092e-02 3.521229326725006104e-02 3.469499945640563965e-02 3.440205752849578857e-02 3.453321754932403564e-02 3.497815132141113281e-02 3.534412384033203125e-02 3.553637862205505371e-02 3.559365868568420410e-02 3.552182018756866455e-02 3.541493415832519531e-02 3.540346026420593262e-02 3.534694015979766846e-02 3.529670834541320801e-02 3.525514900684356689e-02 3.517940640449523926e-02 3.513459861278533936e-02 3.501200675964355469e-02 3.477084636688232422e-02 3.444199264049530029e-02 3.412990272045135498e-02 3.391517698764801025e-02 3.380206227302551270e-02 3.383497893810272217e-02 3.407377004623413086e-02 3.446750342845916748e-02 3.491793572902679443e-02 3.541004657745361328e-02 3.572043776512145996e-02 3.584730625152587891e-02 3.574767708778381348e-02 3.547757863998413086e-02 3.518557548522949219e-02 3.491260111331939697e-02 3.477743268013000488e-02 3.468011319637298584e-02 3.478810191154479980e-02 3.512465953826904297e-02 3.548112511634826660e-02 3.551006317138671875e-02 3.534358739852905273e-02 3.586913645267486572e-02 3.628234565258026123e-02 3.629843890666961670e-02 3.570157289505004883e-02 3.518421947956085205e-02 3.603951632976531982e-02 3.833183646202087402e-02 4.114882647991180420e-02 4.343250393867492676e-02 4.753077030181884766e-02 5.175359547138214111e-02 5.251878499984741211e-02 4.746045172214508057e-02 4.351168870925903320e-02 4.182499647140502930e-02 4.076947271823883057e-02 4.091933369636535645e-02
9.986943006515502930e-01 0.000000000000000000e+00 9.994757175445556641e-01 9.994258880615234375e-01 1.469587385654449463e-01 1.258481442928314209e-01 9.794671833515167236e-02 6.417451798915863037e-02 5.833400785923004150e-02 5.583488941192626953e-02 5.197972059249877930e-02 5.429457128047943115e-02 5.236202478408813477e-02 4.894326627254486084e-02 4.441535472869873047e-02 3.929153084754943848e-02 3.632825613021850586e-02 3.455205261707305908e-02 3.373162448406219482e-02 3.376878798007965088e-02 3.478311002254486084e-02 3.765510022640228271e-02 4.026541113853454590e-02 4.411047697067260742e-02 5.227045714855194092e-02 7.982720434665679932e-02 1.176290661096572876e-01 9.759122133255004883e-02 7.721795141696929932e-02 1.123834699392318726e-01 4.888051748275756836e-02 4.784783720970153809e-02 4.053391516208648682e-02 3.842440247535705566e-02 3.715105354785919189e-02 3.590834140777587891e-02 3.537303209304809570e-02 3.628478944301605225e-02 3.675749897956848145e-02 3.658674657344818115e-02 3.566387295722961426e-02 3.464528918266296387e-02 3.446900844573974609e-02 3.524196147918701172e-02 3.588584065437316895e-02 3.625836968421936035e-02 3.659987449645996094e-02 3.688567876815795898e-02 3.704176843166351318e-02 3.688305616378784180e-02 3.648222982883453369e-02 3.587412834167480469e-02 3.530037403106689453e-02 3.484328091144561768e-02 3.458949923515319824e-02 3.444747626781463623e-02 3.437413275241851807e-02 3.425063192844390869e-02 3.389537334442138672e-02 3.342433273792266846e-02 3.296846151351928711e-02 3.259271383285522461e-02 3.239993751049041748e-02 3.244432806968688965e-02 3.270873427391052246e-02 3.309755027294158936e-02 3.353673219680786133e-02 3.394523262977600098e-02 3.430949151515960693e-02 3.457713127136230469e-02 3.470367193222045898e-02 3.471454977989196777e-02 3.470836579799652100e-02 3.452761471271514893e-02 3.423678874969482422e-02 3.405503928661346436e-02 3.421850502490997314e-02 3.464955091476440430e-02 3.517338633537292480e-02 3.586153686046600342e-02 3.667999804019927979e-02 3.757525980472564697e-02 3.787310421466827393e-02 3.769607841968536377e-02 3.736957907676696777e-02 3.723770380020141602e-02 3.845274448394775391e-02 4.114326834678649902e-02 4.719677567481994629e-02 5.270670354366302490e-02 5.642791092395782471e-02 5.821603536605834961e-02 5.475622415542602539e-02 4.757095873355865479e-02 4.062992334365844727e-02 3.856320679187774658e-02 3.657846152782440186e-02 3.765709698200225830e-02
9.983223676681518555e-01 9.994757175445556641e-01 0.000000000000000000e+00 9.997410774230957031e-01 9.991350173950195312e-01 1.568727940320968628e-01 1.272742748260498047e-01 8.585603535175323486e-02 6.139613687992095947e-02 6.037589907646179199e-02 5.555720627307891846e-02 5.292497575283050537e-02 5.702519416809082031e-02 5.594126880168914795e-02 5.151563882827758789e-02 4.665520787239074707e-02 4.182527959346771240e-02 3.854322433471679688e-02 3.636541962623596191e-02 3.715467453002929688e-02 3.969906270503997803e-02 4.377616941928863525e-02 4.730911552906036377e-02 5.440601706504821777e-02 7.131692767143249512e-02 9.948681294918060303e-02 1.076452881097793579e-01 7.279807329177856445e-02 1.082163900136947632e-01 4.940459132194519043e-02 4.934167861938476562e-02 4.387760162353515625e-02 4.156813025474548340e-02 4.021912813186645508e-02 3.961633145809173584e-02 3.909149765968322754e-02 3.822569549083709717e-02 3.833034634590148926e-02 3.822191059589385986e-02 3.750859200954437256e-02 3.657236695289611816e-02 3.574150800704956055e-02 3.581075370311737061e-02 3.606535494327545166e-02 3.652049601078033447e-02 3.705176711082458496e-02 3.761839866638183594e-02 3.797625005245208740e-02 3.805999457836151123e-02 3.758172690868377686e-02 3.689196705818176270e-02 3.611767292022705078e-02 3.552146255970001221e-02 3.518179059028625488e-02 3.505872189998626709e-02 3.517444431781768799e-02 3.534142673015594482e-02 3.530164062976837158e-02 3.502897918224334717e-02 3.453077375888824463e-02 3.394347429275512695e-02 3.342404961585998535e-02 3.308129310607910156e-02 3.293491899967193604e-02 3.307096660137176514e-02 3.350591659545898438e-02 3.416253626346588135e-02 3.492653369903564453e-02 3.567002713680267334e-02 3.640076518058776855e-02 3.691688179969787598e-02 3.709548711776733398e-02 3.688506782054901123e-02 3.627598285675048828e-02 3.557531535625457764e-02 3.518438339233398438e-02 3.536000847816467285e-02 3.584934771060943604e-02 3.647898137569427490e-02 3.737546503543853760e-02 3.834256529808044434e-02 3.873890638351440430e-02 3.879781067371368408e-02 3.925788402557373047e-02 4.022410511970520020e-02 4.238431155681610107e-02 4.415939748287200928e-02 4.609993100166320801e-02 4.911634325981140137e-02 5.264259874820709229e-02 5.497246980667114258e-02 5.539195239543914795e-02 5.213691294193267822e-02 4.555906355381011963e-02 3.866571187973022461e-02 3.495550155639648438e-02 3.411357104778289795e-02 3.490614891052246094e-02
1.263072788715362549e-01 9.994258880615234375e-01 9.997410774230957031e-01 0.000000000000000000e+00 9.997753500938415527e-01 9.995967149734497070e-01 1.736392378807067871e-01 1.242703050374984741e-01 7.829786837100982666e-02 6.310039758682250977e-02 6.532639265060424805e-02 6.002891063690185547e-02 6.013919413089752197e-02 6.540951132774353027e-02 6.188572943210601807e-02 5.641749501228332520e-02 5.225934088230133057e-02 4.735346138477325439e-02 4.324673116207122803e-02 4.156996309757232666e-02 4.347486793994903564e-02 4.967975616455078125e-02 5.755041539669036865e-02 7.423591613769531250e-02 1.004690229892730713e-01 1.229187548160552979e-01 8.740210533142089844e-02 8.946345746517181396e-02 5.027425289154052734e-02 4.363663494586944580e-02 4.393163323402404785e-02 4.440082609653472900e-02 4.365330934524536133e-02 4.376441240310668945e-02 4.432220757007598877e-02 4.443478584289550781e-02 4.454508423805236816e-02 4.343274235725402832e-02 4.212836921215057373e-02 4.066491127014160156e-02 3.909654915332794189e-02 3.763137757778167725e-02 3.703694045543670654e-02 3.688547015190124512e-02 3.725431859493255615e-02 3.795784711837768555e-02 3.887589275836944580e-02 3.953617811203002930e-02 3.982877731323242188e-02 3.945657610893249512e-02 3.865069150924682617e-02 3.762549161911010742e-02 3.674472868442535400e-02 3.614069521427154541e-02 3.584183752536773682e-02 3.580814599990844727e-02 3.604146838188171387e-02 3.621964156627655029e-02 3.622680902481079102e-02 3.605978190898895264e-02 3.577062487602233887e-02 3.546495735645294189e-02 3.519934415817260742e-02 3.512023389339447021e-02 3.540048003196716309e-02 3.602045774459838867e-02 3.687891364097595215e-02 3.792463243007659912e-02 3.908449411392211914e-02 4.013438522815704346e-02 4.094095528125762939e-02 4.116353392601013184e-02 4.057095944881439209e-02 3.964234888553619385e-02 3.902336955070495605e-02 3.881172835826873779e-02 3.904578089714050293e-02 3.970725834369659424e-02 3.989841043949127197e-02 4.020395874977111816e-02 4.033786058425903320e-02 4.060232639312744141e-02 4.143615067005157471e-02 4.279260337352752686e-02 4.457694292068481445e-02 4.752230644226074219e-02 5.147852003574371338e-02 5.277851223945617676e-02 5.189312994480133057e-02 5.763062834739685059e-02 5.588319897651672363e-02 5.404642224311828613e-02 4.859654605388641357e-02 4.215370118618011475e-02 3.771466016769409180e-02 3.559134900569915771e-02 3.478394448757171631e-02 3.561769425868988037e-02
1.221279650926589966e-01 1.469587385654449463e-01 9.991350173950195312e-01 9.997753500938415527e-01 0.000000000000000000e+00 9.999111890792846680e-01 9.998251199722290039e-01 1.860782504081726074e-01 1.200840175151824951e-01 7.854585349559783936e-02 6.929790973663330078e-02 7.419085502624511719e-02 7.298150658607482910e-02 7.137842476367950439e-02 7.198123633861541748e-02 6.619404256343841553e-02 6.180280447006225586e-02 5.962643027305603027e-02 5.427365005016326904e-02 5.221925675868988037e-02 5.591146647930145264e-02 6.319299340248107910e-02 7.855884730815887451e-02 1.009889096021652222e-01 1.309627741575241089e-01 1.124385595321655273e-01 6.894242763519287109e-02 5.101484060287475586e-02 4.643113911151885986e-02 4.291726648807525635e-02 4.272940754890441895e-02 4.143835604190826416e-02 4.215793311595916748e-02 4.389406740665435791e-02 4.927048087120056152e-02 5.417080223560333252e-02 5.101384222507476807e-02 4.683883488178253174e-02 4.440616071224212646e-02 4.368688166141510010e-02 4.217715561389923096e-02 4.041692614555358887e-02 3.886577486991882324e-02 3.798882663249969482e-02 3.840819001197814941e-02 3.957730531692504883e-02 4.135401546955108643e-02 4.279118776321411133e-02 4.364080727100372314e-02 4.341259598731994629e-02 4.240259528160095215e-02 4.119585454463958740e-02 4.006190598011016846e-02 3.926445543766021729e-02 3.888800740242004395e-02 3.887213766574859619e-02 3.923855721950531006e-02 3.953345119953155518e-02 3.972710669040679932e-02 3.954307734966278076e-02 3.911417722702026367e-02 3.869153559207916260e-02 3.832805156707763672e-02 3.823158144950866699e-02 3.856927156448364258e-02 3.942759335041046143e-02 4.071083664894104004e-02 4.245136678218841553e-02 4.414570331573486328e-02 4.549364745616912842e-02 4.617625474929809570e-02 4.595917463302612305e-02 4.510600864887237549e-02 4.404895007610321045e-02 4.313147068023681641e-02 4.300156235694885254e-02 4.360394179821014404e-02 4.418371617794036865e-02 4.426731169223785400e-02 4.361949861049652100e-02 4.315073788166046143e-02 4.340192675590515137e-02 4.399755597114562988e-02 4.596975445747375488e-02 5.075924098491668701e-02 5.738554894924163818e-02 6.776766479015350342e-02 7.271721959114074707e-02 7.215817272663116455e-02 6.219367682933807373e-02 5.253966152667999268e-02 4.761987924575805664e-02 4.401698708534240723e-02 3.832605481147766113e-02 3.540860116481781006e-02 3.630425035953521729e-02 3.616915643215179443e-02 3.734374046325683594e-02
1.014260649681091309e-01 1.258481442928314209e-01 1.568727940320968628e-01 9.995967149734497070e-01 9.999111890792846680e-01 0.000000000000000000e+00 9.999694824218750000e-01 9.999153614044189453e-01 2.046603858470916748e-01 1.291911453008651733e-01 9.415610134601593018e-02 9.370063245296478271e-02 1.033322811126708984e-01 9.321263432502746582e-02 8.532503247261047363e-02 8.594645559787750244e-02 7.810333371162414551e-02 8.225399255752563477e-02 9.106431901454925537e-02 9.534776210784912109e-02 8.820821344852447510e-02 9.505411982536315918e-02 1.269714087247848511e-01 1.626470834016799927e-01 1.774868816137313843e-01 1.215844303369522095e-01 6.712666153907775879e-02 5.611492693424224854e-02 4.667122662067413330e-02 4.382258653640747070e-02 4.112261533737182617e-02 4.011832177639007568e-02 4.172272980213165283e-02 4.594717919826507568e-02 5.296942591667175293e-02 5.443257093429565430e-02 5.206879973411560059e-02 5.038024485111236572e-02 4.854087531566619873e-02 4.845017194747924805e-02 4.880985617637634277e-02 4.794181883335113525e-02 4.569044709205627441e-02 4.431679844856262207e-02 4.394090175628662109e-02 4.456402361392974854e-02 4.600417613983154297e-02 4.745647311210632324e-02 4.848673939704895020e-02 4.872064292430877686e-02 4.818846285343170166e-02 4.742807149887084961e-02 4.675239324569702148e-02 4.625993967056274414e-02 4.596011340618133545e-02 4.575213789939880371e-02 4.566729068756103516e-02 4.552884399890899658e-02 4.524840414524078369e-02 4.495470225811004639e-02 4.450534284114837646e-02 4.412992298603057861e-02 4.394209384918212891e-02 4.411241412162780762e-02 4.456976056098937988e-02 4.554678499698638916e-02 4.683619737625122070e-02 4.873733222484588623e-02 5.082744359970092773e-02 5.233716964721679688e-02 5.285009741783142090e-02 5.255684256553649902e-02 5.180247128009796143e-02 5.067697167396545410e-02 4.968498647212982178e-02 4.964666068553924561e-02 5.057556927204132080e-02 5.201663076877593994e-02 5.370576679706573486e-02 5.368140339851379395e-02 5.267353355884552002e-02 5.178505182266235352e-02 5.340448021888732910e-02 5.804674327373504639e-02 6.560856103897094727e-02 7.747188210487365723e-02 9.419833123683929443e-02 1.001532673835754395e-01 8.978444337844848633e-02 6.718422472476959229e-02 5.094651877880096436e-02 4.608832299709320068e-02 4.048015177249908447e-02 3.672768175601959229e-02 3.634302318096160889e-02 3.736816346645355225e-02 3.788284957408905029e-02 3.877463936805725098e-02
7.066749036312103271e-02 9.794671833515167236e-02 1.272742748260498047e-01 1.736392378807067871e-01 9.998251199722290039e-01 9.999694824218750000e-01 0.000000000000000000e+00 9.999865889549255371e-01 9.999464154243469238e-01 2.470701336860656738e-01 1.605875939130783081e-01 1.223993599414825439e-01 1.174602657556533813e-01 1.231175661087036133e-01 1.100020706653594971e-01 1.091718375682830811e-01 1.191536784172058105e-01 1.356052011251449585e-01 2.135599404573440552e-01 2.290328741073608398e-01 1.892920285463333130e-01 1.739242374897003174e-01 1.914327442646026611e-01 2.846235036849975586e-01 2.188100069761276245e-01 1.345322430133819580e-01 8.153787255287170410e-02 6.058941781520843506e-02 4.986208677291870117e-02 4.455704987049102783e-02 4.132823646068572998e-02 3.983083367347717285e-02 4.093189537525177002e-02 4.253669083118438721e-02 4.495507478713989258e-02 4.789970815181732178e-02 4.846690595149993896e-02 5.018341541290283203e-02 5.049157142639160156e-02 5.005866289138793945e-02 5.060189962387084961e-02 5.104345083236694336e-02 5.043636262416839600e-02 5.035169422626495361e-02 5.045652389526367188e-02 5.200529098510742188e-02 5.489493906497955322e-02 5.731590092182159424e-02 5.844059586524963379e-02 5.789333581924438477e-02 5.722129344940185547e-02 5.641479790210723877e-02 5.558277666568756104e-02 5.497352778911590576e-02 5.458754301071166992e-02 5.433377623558044434e-02 5.398890376091003418e-02 5.356049537658691406e-02 5.248333513736724854e-02 5.197405815124511719e-02 5.125665664672851562e-02 5.088108777999877930e-02 5.098704993724822998e-02 5.144093930721282959e-02 5.236831307411193848e-02 5.426397919654846191e-02 5.654948949813842773e-02 5.897600948810577393e-02 6.125822663307189941e-02 6.367456912994384766e-02 6.541688740253448486e-02 6.621904671192169189e-02 6.666761636734008789e-02 6.739543378353118896e-02 6.887495517730712891e-02 7.274052500724792480e-02 7.715184986591339111e-02 8.057218790054321289e-02 7.928813993930816650e-02 7.305487990379333496e-02 6.595781445503234863e-02 6.050841510295867920e-02 5.708006024360656738e-02 6.073565781116485596e-02 6.727460026741027832e-02 7.910144329071044922e-02 9.373700618743896484e-02 9.655167162418365479e-02 8.039899170398712158e-02 6.191763281822204590e-02 5.054107308387756348e-02 4.503153264522552490e-02 4.047749936580657959e-02 3.742748498916625977e-02 3.751674294471740723e-02 3.879870474338531494e-02 3.896951675415039062e-02 3.954282402992248535e-02
6.717053055763244629e-02 6.417451798915863037e-02 8.585603535175323486e-02 1.242703050374984741e-01 1.860782504081726074e-01 9.999153614044189453e-01 9.999865889549255371e-01 0.000000000000000000e+00 9.999918341636657715e-01 9.999448657035827637e-01 3.904235959053039551e-01 1.954640895128250122e-01 1.458329707384109497e-01 1.200885474681854248e-01 1.150758117437362671e-01 1.143443435430526733e-01 1.458261609077453613e-01 2.468263208866119385e-01 3.479101359844207764e-01 3.213270902633666992e-01 2.461556345224380493e-01 1.999828070402145386e-01 3.793768286705017090e-01 3.585885763168334961e-01 2.756841182708740234e-01 1.724527180194854736e-01 9.721782803535461426e-02 6.494146585464477539e-02 5.237820744514465332e-02 4.470765590667724609e-02 4.036612808704376221e-02 3.871630132198333740e-02 3.852303326129913330e-02 3.949783742427825928e-02 4.126384854316711426e-02 4.267154633998870850e-02 4.557706415653228760e-02 4.856623709201812744e-02 5.043593049049377441e-02 5.197891592979431152e-02 5.315847694873809814e-02 5.511978268623352051e-02 5.718716979026794434e-02 5.902218818664550781e-02 6.098307669162750244e-02 6.231467425823211670e-02 6.318610906600952148e-02 6.308990716934204102e-02 6.271928548812866211e-02 6.188116967678070068e-02 6.067797541618347168e-02 5.925138294696807861e-02 5.876423418521881104e-02 5.850479006767272949e-02 5.812563002109527588e-02 5.745621025562286377e-02 5.671443045139312744e-02 5.641533434391021729e-02 5.650648474693298340e-02 5.779980123043060303e-02 5.906504392623901367e-02 6.040509045124053955e-02 6.188300251960754395e-02 6.430841982364654541e-02 6.747783720493316650e-02 7.173167169094085693e-02 7.632113993167877197e-02 8.084635436534881592e-02 8.491000533103942871e-02 8.773164451122283936e-02 8.971945941448211670e-02 9.033173322677612305e-02 9.142433106899261475e-02 9.240525960922241211e-02 9.554097056388854980e-02 1.002072542905807495e-01 1.038797497749328613e-01 9.894335269927978516e-02 8.618444204330444336e-02 7.414352893829345703e-02 6.358496844768524170e-02 5.605487525463104248e-02 5.234426259994506836e-02 5.327031016349792480e-02 6.042423844337463379e-02 6.594853103160858154e-02 7.324412465095520020e-02 7.233810424804687500e-02 6.459043920040130615e-02 5.845306813716888428e-02 5.145931243896484375e-02 4.556448757648468018e-02 4.084151983261108398e-02 3.799018263816833496e-02 3.763334453105926514e-02 3.875756263732910156e-02 3.868636488914489746e-02 3.972564637660980225e-02
5.749534070491790771e-02 5.833400785923004150e-02 6.139613687992095947e-02 7.829786837100982666e-02 1.200840175151824951e-01 2.046603858470916748e-01 9.999464154243469238e-01 9.999918341636657715e-01 0.000000000000000000e+00 9.999925494194030762e-01 9.999353885650634766e-01 3.210980296134948730e-01 1.777577847242355347e-01 1.416372954845428467e-01 1.116567701101303101e-01 1.097977757453918457e-01 1.303191483020782471e-01 2.308433502912521362e-01 3.540169596672058105e-01 3.069035410881042480e-01 1.968558132648468018e-01 5.898710489273071289e-01 5.204331874847412109e-01 4.588600993156433105e-01 3.475523591041564941e-01 2.577306032180786133e-01 1.127725094556808472e-01 6.656385958194732666e-02 5.231222510337829590e-02 4.418969154357910156e-02 3.899267315864562988e-02 3.564706444740295410e-02 3.537082672119140625e-02 3.722178936004638672e-02 3.853529691696166992e-02 4.033148288726806641e-02 4.294623434543609619e-02 4.605609178543090820e-02 4.860265552997589111e-02 5.153532326221466064e-02 5.373050272464752197e-02 5.596774816513061523e-02 5.840079486370086670e-02 5.995798110961914062e-02 6.033985316753387451e-02 6.047582626342773438e-02 6.052415072917938232e-02 6.054879724979400635e-02 6.030994653701782227e-02 5.973999202251434326e-02 5.925387144088745117e-02 5.910106003284454346e-02 5.867910385131835938e-02 5.809250473976135254e-02 5.741354823112487793e-02 5.643619596958160400e-02 5.564028024673461914e-02 5.584658682346343994e-02 5.663818120956420898e-02 5.766440927982330322e-02 5.896835029125213623e-02 6.090652942657470703e-02 6.333757936954498291e-02 6.594029068946838379e-02 6.895415484905242920e-02 7.251600921154022217e-02 7.685036957263946533e-02 8.073727786540985107e-02 8.338138461112976074e-02 8.486060798168182373e-02 8.491110801696777344e-02 8.498995006084442139e-02 8.501560986042022705e-02 8.643531799316406250e-02 8.857354521751403809e-02 8.892518281936645508e-02 8.425836265087127686e-02 7.623067498207092285e-02 6.801134347915649414e-02 5.912460386753082275e-02 5.313068628311157227e-02 4.924410581588745117e-02 4.837428033351898193e-02 4.894064366817474365e-02 5.011583864688873291e-02 5.506069958209991455e-02 6.407132744789123535e-02 6.700627505779266357e-02 6.342782080173492432e-02 5.722095072269439697e-02 5.123993754386901855e-02 4.522085189819335938e-02 3.941291570663452148e-02 3.619302809238433838e-02 3.623466193675994873e-02 3.718683123588562012e-02 3.731139004230499268e-02 3.863471746444702148e-02
5.736005306243896484e-02 5.583488941192626953e-02 6.037589907646179199e-02 6.310039758682250977e-02 7.854585349559783936e-02 1.291911453008651733e-01 2.470701336860656738e-01 9.999448657035827637e-01 9.999925494194030762e-01 0.000000000000000000e+00 9.999923706054687500e-01 9.999340772628784180e-01 2.392460703849792480e-01 1.558107882738113403e-01 1.239906847476959229e-01 1.128158420324325562e-01 1.314428895711898804e-01 2.063004821538925171e-01 3.001414239406585693e-01 2.576813697814941406e-01 6.219658851623535156e-01 6.033066511154174805e-01 5.929796099662780762e-01 5.343438386917114258e-01 4.338614046573638916e-01 1.508720219135284424e-01 1.085935682058334351e-01 6.931881606578826904e-02 5.328123271465301514e-02 4.265062510967254639e-02 3.709721565246582031e-02 3.378529846668243408e-02 3.308531641960144043e-02 3.444170951843261719e-02 3.621432185173034668e-02 3.757068514823913574e-02 3.920249640941619873e-02 4.121197760105133057e-02 4.397487640380859375e-02 4.654152691364288330e-02 4.904511570930480957e-02 5.221989750862121582e-02 5.409376323223114014e-02 5.522136390209197998e-02 5.594287812709808350e-02 5.652752518653869629e-02 5.680605769157409668e-02 5.634087324142456055e-02 5.558997392654418945e-02 5.505397915840148926e-02 5.466167628765106201e-02 5.417418479919433594e-02 5.371955037117004395e-02 5.348424613475799561e-02 5.328722298145294189e-02 5.316962301731109619e-02 5.312764644622802734e-02 5.316036939620971680e-02 5.310221016407012939e-02 5.299787223339080811e-02 5.376383662223815918e-02 5.485743284225463867e-02 5.635714530944824219e-02 5.839924514293670654e-02 6.144300103187561035e-02 6.523154675960540771e-02 6.914068758487701416e-02 7.248330116271972656e-02 7.395224273204803467e-02 7.400850951671600342e-02 7.358272373676300049e-02 7.287491858005523682e-02 7.271260023117065430e-02 7.335960865020751953e-02 7.412932813167572021e-02 7.247443497180938721e-02 6.738324463367462158e-02 6.189529597759246826e-02 5.772250890731811523e-02 5.295874178409576416e-02 4.924426972866058350e-02 4.541361331939697266e-02 4.265359044075012207e-02 4.200030863285064697e-02 4.402256011962890625e-02 4.849064350128173828e-02 5.557315051555633545e-02 6.007798016071319580e-02 5.797815322875976562e-02 5.329081416130065918e-02 4.902151226997375488e-02 4.154059290885925293e-02 3.583803772926330566e-02 3.268292546272277832e-02 3.311911225318908691e-02 3.458203375339508057e-02 3.532464802265167236e-02 3.655414283275604248e-02
5.661582946777343750e-02 5.197972059249877930e-02 5.555720627307891846e-02 6.532639265060424805e-02 6.929790973663330078e-02 9.415610134601593018e-02 1.605875939130783081e-01 3.904235959053039551e-01 9.999353885650634766e-01 9.999923706054687500e-01 0.000000000000000000e+00 9.999924302101135254e-01 9.999350309371948242e-01 2.435734122991561890e-01 1.495007276535034180e-01 1.252567172050476074e-01 1.559200286865234375e-01 1.803275197744369507e-01 2.224791198968887329e-01 5.314501523971557617e-01 6.239926218986511230e-01 6.034813523292541504e-01 6.172776222229003906e-01 5.604232549667358398e-01 1.460450142621994019e-01 1.428372263908386230e-01 9.804980456829071045e-02 6.823113560676574707e-02 4.961036145687103271e-02 3.978031873703002930e-02 3.388430178165435791e-02 3.084966540336608887e-02 3.037910163402557373e-02 3.178457915782928467e-02 3.361266851425170898e-02 3.461271524429321289e-02 3.543694317340850830e-02 3.661789000034332275e-02 3.839156031608581543e-02 4.035082459449768066e-02 4.274909198284149170e-02 4.491087794303894043e-02 4.714190959930419922e-02 4.883879423141479492e-02 4.945598542690277100e-02 4.949147999286651611e-02 4.897750914096832275e-02 4.835833609104156494e-02 4.749524593353271484e-02 4.666659235954284668e-02 4.619456827640533447e-02 4.597859084606170654e-02 4.586079716682434082e-02 4.603156447410583496e-02 4.640340805053710938e-02 4.694467782974243164e-02 4.758657515048980713e-02 4.823210835456848145e-02 4.882851243019104004e-02 4.923340678215026855e-02 4.955403506755828857e-02 4.991646111011505127e-02 5.074852705001831055e-02 5.231551826000213623e-02 5.412635207176208496e-02 5.605271458625793457e-02 5.748596787452697754e-02 5.887034535408020020e-02 5.998565256595611572e-02 6.085103750228881836e-02 6.076200306415557861e-02 6.024540960788726807e-02 5.915428698062896729e-02 5.836588144302368164e-02 5.775932967662811279e-02 5.647552013397216797e-02 5.417343974113464355e-02 5.117914080619812012e-02 4.776549339294433594e-02 4.457026720046997070e-02 4.170377552509307861e-02 3.858862817287445068e-02 3.707753121852874756e-02 3.689177334308624268e-02 3.918217122554779053e-02 4.365238547325134277e-02 4.843461513519287109e-02 5.063427984714508057e-02 4.956357181072235107e-02 4.750841856002807617e-02 4.275162518024444580e-02 3.585556149482727051e-02 3.183820843696594238e-02 2.971310913562774658e-02 3.014224767684936523e-02 3.217059373855590820e-02 3.339356184005737305e-02 3.447297215461730957e-02
5.330555140972137451e-02 5.429457128047943115e-02 5.292497575283050537e-02 6.002891063690185547e-02 7.419085502624511719e-02 9.370063245296478271e-02 1.223993599414825439e-01 1.954640895128250122e-01 3.210980296134948730e-01 9.999340772628784180e-01 9.999924302101135254e-01 0.000000000000000000e+00 9.999933242797851562e-01 9.999413490295410156e-01 3.024044036865234375e-01 1.700211018323898315e-01 1.741087883710861206e-01 2.291853129863739014e-01 4.374000430107116699e-01 6.167573928833007812e-01 6.383310556411743164e-01 6.682647466659545898e-01 6.164181828498840332e-01 1.171780377626419067e-01 1.429894715547561646e-01 1.258849203586578369e-01 9.065623581409454346e-02 6.043723225593566895e-02 4.291385412216186523e-02 3.415808081626892090e-02 2.910870313644409180e-02 2.832670509815216064e-02 2.887615561485290527e-02 2.997770905494689941e-02 3.124409914016723633e-02 3.219041228294372559e-02 3.256614506244659424e-02 3.303463757038116455e-02 3.379148244857788086e-02 3.482101857662200928e-02 3.607207536697387695e-02 3.728534281253814697e-02 3.901772201061248779e-02 3.991630673408508301e-02 4.023273289203643799e-02 3.992050886154174805e-02 3.943872451782226562e-02 3.866799175739288330e-02 3.787152469158172607e-02 3.723178803920745850e-02 3.691458702087402344e-02 3.684873878955841064e-02 3.709055483341217041e-02 3.753732144832611084e-02 3.821791708469390869e-02 3.905393183231353760e-02 3.990924358367919922e-02 4.054948687553405762e-02 4.113304615020751953e-02 4.153352975845336914e-02 4.194596409797668457e-02 4.245626926422119141e-02 4.304811358451843262e-02 4.381611943244934082e-02 4.479891061782836914e-02 4.588931798934936523e-02 4.749181866645812988e-02 4.917809367179870605e-02 5.046457052230834961e-02 5.118763446807861328e-02 5.089929699897766113e-02 4.986785352230072021e-02 4.873639345169067383e-02 4.768252372741699219e-02 4.659949243068695068e-02 4.528164863586425781e-02 4.386283457279205322e-02 4.223024845123291016e-02 4.046663641929626465e-02 3.827175498008728027e-02 3.615003824234008789e-02 3.461536765098571777e-02 3.417417407035827637e-02 3.474965691566467285e-02 3.658433258533477783e-02 3.938516974449157715e-02 4.207660257816314697e-02 4.303435981273651123e-02 4.236635565757751465e-02 4.008923470973968506e-02 3.637257218360900879e-02 3.216862678527832031e-02 2.945403754711151123e-02 2.811843156814575195e-02 2.842520177364349365e-02 3.037127852439880371e-02 3.156861662864685059e-02 3.305335342884063721e-02
4.912222921848297119e-02 5.236202478408813477e-02 5.702519416809082031e-02 6.013919413089752197e-02 7.298150658607482910e-02 1.033322811126708984e-01 1.174602657556533813e-01 1.458329707384109497e-01 1.777577847242355347e-01 2.392460703849792480e-01 9.999350309371948242e-01 9.999933242797851562e-01 0.000000000000000000e+00 9.999954104423522949e-01 9.999555945396423340e-01 4.061052501201629639e-01 2.903934717178344727e-01 3.106489181518554688e-01 4.598383605480194092e-01 6.668529510498046875e-01 6.623723506927490234e-01 6.214218139648437500e-01 1.249402016401290894e-01 1.270775645971298218e-01 1.124396622180938721e-01 1.024897992610931396e-01 7.922741770744323730e-02 5.076152086257934570e-02 3.735795617103576660e-02 2.953046560287475586e-02 2.730521559715270996e-02 2.703122794628143311e-02 2.759581804275512695e-02 2.853801846504211426e-02 2.968256175518035889e-02 3.052979707717895508e-02 3.100050985813140869e-02 3.118281066417694092e-02 3.143061697483062744e-02 3.178653120994567871e-02 3.222200274467468262e-02 3.275541961193084717e-02 3.311775624752044678e-02 3.337208926677703857e-02 3.341649472713470459e-02 3.314530849456787109e-02 3.278928995132446289e-02 3.259091079235076904e-02 3.243309259414672852e-02 3.229035437107086182e-02 3.217254579067230225e-02 3.209903836250305176e-02 3.215783834457397461e-02 3.237499296665191650e-02 3.279487788677215576e-02 3.327183425426483154e-02 3.363385796546936035e-02 3.387446701526641846e-02 3.405067324638366699e-02 3.431683778762817383e-02 3.463621437549591064e-02 3.493382036685943604e-02 3.562521934509277344e-02 3.658334910869598389e-02 3.774103522300720215e-02 3.910024464130401611e-02 4.057696461677551270e-02 4.178430140018463135e-02 4.258206486701965332e-02 4.285244643688201904e-02 4.231947660446166992e-02 4.126270115375518799e-02 4.034368693828582764e-02 3.984160721302032471e-02 3.942520916461944580e-02 3.896370530128479004e-02 3.826308250427246094e-02 3.730544447898864746e-02 3.604649007320404053e-02 3.462283313274383545e-02 3.340008854866027832e-02 3.263613581657409668e-02 3.261838853359222412e-02 3.318791091442108154e-02 3.438107669353485107e-02 3.568384051322937012e-02 3.641173243522644043e-02 3.590936958789825439e-02 3.539504110813140869e-02 3.471896052360534668e-02 3.254611790180206299e-02 3.022211790084838867e-02 2.847771346569061279e-02 2.705365419387817383e-02 2.747158706188201904e-02 2.943220734596252441e-02 3.003042936325073242e-02 3.190392255783081055e-02
4.367466270923614502e-02 4.894326627254486084e-02 5.594126880168914795e-02 6.540951132774353027e-02 7.137842476367950439e-02 9.321263432502746582e-02 1.231175661087036133e-01 1.200885474681854248e-01 1.416372954845428467e-01 1.558107882738113403e-01 2.435734122991561890e-01 9.999413490295410156e-01 9.999954104423522949e-01 0.000000000000000000e+00 9.999971389770507812e-01 9.999690055847167969e-01 7.113349437713623047e-01 3.955715894699096680e-01 4.071551561355590820e-01 4.826389253139495850e-01 5.499793291091918945e-01 1.121621578931808472e-01 1.248657852411270142e-01 1.133569180965423584e-01 9.047254920005798340e-02 8.109398186206817627e-02 6.839413940906524658e-02 4.621554911136627197e-02 3.442007303237915039e-02 2.853700518608093262e-02 2.633494138717651367e-02 2.595110237598419189e-02 2.650167047977447510e-02 2.739259600639343262e-02 2.832205593585968018e-02 2.923017740249633789e-02 2.994138002395629883e-02 3.046995401382446289e-02 3.087404370307922363e-02 3.109094500541687012e-02 3.126820921897888184e-02 3.141495585441589355e-02 3.156235814094543457e-02 3.159950673580169678e-02 3.149692714214324951e-02 3.133565187454223633e-02 3.112865984439849854e-02 3.094133734703063965e-02 3.077188134193420410e-02 3.064857423305511475e-02 3.053711354732513428e-02 3.043124079704284668e-02 3.036458790302276611e-02 3.034937381744384766e-02 3.037470579147338867e-02 3.041708469390869141e-02 3.048479557037353516e-02 3.060182929039001465e-02 3.077088296413421631e-02 3.090351819992065430e-02 3.105060756206512451e-02 3.123830258846282959e-02 3.149493038654327393e-02 3.179311752319335938e-02 3.225150704383850098e-02 3.300529718399047852e-02 3.391550481319427490e-02 3.463484346866607666e-02 3.501032292842864990e-02 3.480121493339538574e-02 3.423689305782318115e-02 3.363536298274993896e-02 3.316321969032287598e-02 3.307178616523742676e-02 3.312736749649047852e-02 3.308326005935668945e-02 3.284502029418945312e-02 3.247648477554321289e-02 3.198733925819396973e-02 3.159263730049133301e-02 3.124426305294036865e-02 3.098693490028381348e-02 3.104214370250701904e-02 3.146353363990783691e-02 3.204175829887390137e-02 3.230279684066772461e-02 3.213337063789367676e-02 3.196503221988677979e-02 3.212878108024597168e-02 3.206953406333923340e-02 3.096967935562133789e-02 2.966734766960144043e-02 2.790459990501403809e-02 2.640929818153381348e-02 2.683867514133453369e-02 2.872757613658905029e-02 2.908621728420257568e-02 3.094667196273803711e-02
3.947973251342773438e-02 4.441535472869873047e-02 5.151563882827758789e-02 6.188572943210601807e-02 7.198123633861541748e-02 8.532503247261047363e-02 1.100020706653594971e-01 1.150758117437362671e-01 1.116567701101303101e-01 1.239906847476959229e-01 1.495007276535034180e-01 3.024044036865234375e-01 9.999555945396423340e-01 9.999971389770507812e-01 0.000000000000000000e+00 9.999982118606567383e-01 9.999754428863525391e-01 6.756569147109985352e-01 3.137013316154479980e-01 3.014905750751495361e-01 1.156170666217803955e-01 1.088025718927383423e-01 1.018988639116287231e-01 9.522780776023864746e-02 8.626765012741088867e-02 7.709722220897674561e-02 6.224645674228668213e-02 4.637779295444488525e-02 3.479482233524322510e-02 2.920286357402801514e-02 2.683955430984497070e-02 2.598677575588226318e-02 2.602963149547576904e-02 2.647623419761657715e-02 2.718004584312438965e-02 2.794831991195678711e-02 2.873523533344268799e-02 2.944907546043395996e-02 3.006643056869506836e-02 3.049035370349884033e-02 3.077965974807739258e-02 3.097355365753173828e-02 3.107877075672149658e-02 3.107030689716339111e-02 3.097607195377349854e-02 3.081977367401123047e-02 3.058582544326782227e-02 3.035129606723785400e-02 3.016622364521026611e-02 3.004340827465057373e-02 2.995589375495910645e-02 2.982091903686523438e-02 2.968031167984008789e-02 2.958783507347106934e-02 2.952073514461517334e-02 2.949446439743041992e-02 2.946171164512634277e-02 2.945849299430847168e-02 2.953295409679412842e-02 2.966363728046417236e-02 2.983653545379638672e-02 2.997478842735290527e-02 3.017441928386688232e-02 3.035627305507659912e-02 3.049106895923614502e-02 3.061205148696899414e-02 3.067113459110260010e-02 3.062650561332702637e-02 3.052745759487152100e-02 3.039285540580749512e-02 3.022700548171997070e-02 3.006680309772491455e-02 3.001998364925384521e-02 3.012965619564056396e-02 3.031302988529205322e-02 3.049090504646301270e-02 3.061909973621368408e-02 3.064475953578948975e-02 3.066790103912353516e-02 3.065441548824310303e-02 3.076733648777008057e-02 3.096793591976165771e-02 3.121466934680938721e-02 3.140667080879211426e-02 3.148950636386871338e-02 3.137598931789398193e-02 3.099881112575531006e-02 3.065681457519531250e-02 3.086504340171813965e-02 3.114634752273559570e-02 3.065302968025207520e-02 2.931961417198181152e-02 2.759708464145660400e-02 2.604557573795318604e-02 2.645738422870635986e-02 2.823466062545776367e-02 2.850489318370819092e-02 3.025691211223602295e-02
3.692442178726196289e-02 3.929153084754943848e-02 4.665520787239074707e-02 5.641749501228332520e-02 6.619404256343841553e-02 8.594645559787750244e-02 1.091718375682830811e-01 1.143443435430526733e-01 1.097977757453918457e-01 1.128158420324325562e-01 1.252567172050476074e-01 1.700211018323898315e-01 4.061052501201629639e-01 9.999690055847167969e-01 9.999982118606567383e-01 0.000000000000000000e+00 9.999985098838806152e-01 9.999737143516540527e-01 5.464251041412353516e-01 2.513872385025024414e-01 1.580961793661117554e-01 1.178213059902191162e-01 1.047964990139007568e-01 8.965401351451873779e-02 8.003276586532592773e-02 7.290172576904296875e-02 6.402087211608886719e-02 5.181333422660827637e-02 3.933453559875488281e-02 3.272348642349243164e-02 2.938154339790344238e-02 2.760112285614013672e-02 2.669341862201690674e-02 2.644561231136322021e-02 2.670109272003173828e-02 2.719117701053619385e-02 2.783176302909851074e-02 2.854427695274353027e-02 2.928915619850158691e-02 2.998262643814086914e-02 3.046979010105133057e-02 3.077280521392822266e-02 3.092399239540100098e-02 3.093276917934417725e-02 3.085172176361083984e-02 3.073494136333465576e-02 3.055803477764129639e-02 3.033277392387390137e-02 3.010891377925872803e-02 2.996613085269927979e-02 2.987058460712432861e-02 2.982719242572784424e-02 2.967518568038940430e-02 2.950511872768402100e-02 2.934238314628601074e-02 2.921317517757415771e-02 2.912564575672149658e-02 2.901487052440643311e-02 2.893736958503723145e-02 2.893212437629699707e-02 2.898749709129333496e-02 2.909164130687713623e-02 2.924214303493499756e-02 2.939626574516296387e-02 2.950668334960937500e-02 2.954967319965362549e-02 2.956044673919677734e-02 2.949316799640655518e-02 2.939172089099884033e-02 2.926479279994964600e-02 2.915827929973602295e-02 2.910792827606201172e-02 2.910974621772766113e-02 2.915440499782562256e-02 2.919718623161315918e-02 2.934017777442932129e-02 2.963410317897796631e-02 3.011374175548553467e-02 3.045381605625152588e-02 3.077711164951324463e-02 3.116142749786376953e-02 3.150674700736999512e-02 3.167121112346649170e-02 3.157949447631835938e-02 3.120818734169006348e-02 3.071175515651702881e-02 3.047233819961547852e-02 3.036499023437500000e-02 3.062912821769714355e-02 3.089813888072967529e-02 3.039225935935974121e-02 2.916488051414489746e-02 2.739837765693664551e-02 2.585381269454956055e-02 2.626898884773254395e-02 2.795162796974182129e-02 2.810169756412506104e-02 2.985309064388275146e-02
