0.000000000000000000e+00 9.994076490402221680e-01 9.991486668586730957e-01 1.339524090290069580e-01 1.221231222152709961e-01 1.033145487308502197e-01 7.500390708446502686e-02 7.590734958648681641e-02 6.790226697921752930e-02 7.404349744319915771e-02 7.339090108871459961e-02 6.552466750144958496e-02 5.873340368270874023e-02 5.073143541812896729e-02 4.252667725086212158e-02 3.791917860507965088e-02 3.456665575504302979e-02 3.286312520503997803e-02 3.226059675216674805e-02 3.244075179100036621e-02 3.306685388088226318e-02 3.391925990581512451e-02 3.451956808567047119e-02 3.471046686172485352e-02 3.495109081268310547e-02 3.571465611457824707e-02 3.691262006759643555e-02 3.839227557182312012e-02 3.938727080821990967e-02 3.977730870246887207e-02 4.006874561309814453e-02 4.011045396327972412e-02 3.852672874927520752e-02 3.908476233482360840e-02 3.842449188232421875e-02 3.799416124820709229e-02 3.830896317958831787e-02 3.833825886249542236e-02 3.742067515850067139e-02 3.848275542259216309e-02
9.994076490402221680e-01 0.000000000000000000e+00 9.997816085815429688e-01 9.997276663780212402e-01 1.513546556234359741e-01 1.299005597829818726e-01 1.038814336061477661e-01 7.290516793727874756e-02 7.298170030117034912e-02 7.304482161998748779e-02 6.799358129501342773e-02 6.717553734779357910e-02 6.073418259620666504e-02 5.441093444824218750e-02 4.766602814197540283e-02 4.158860445022583008e-02 3.682875633239746094e-02 3.378137946128845215e-02 3.235523402690887451e-02 3.214368224143981934e-02 3.273983299732208252e-02 3.359219431877136230e-02 3.451615571975708008e-02 3.513108193874359131e-02 3.547187149524688721e-02 3.608605265617370605e-02 3.709113597869873047e-02 3.780752420425415039e-02 3.814832866191864014e-02 3.873616456985473633e-02 4.051101207733154297e-02 4.250483214855194092e-02 4.225483536720275879e-02 4.072111845016479492e-02 3.847843408584594727e-02 3.667040169239044189e-02 3.543877601623535156e-02 3.559803962707519531e-02 3.590656816959381104e-02 3.689213097095489502e-02
9.991486668586730957e-01 9.997816085815429688e-01 0.000000000000000000e+00 9.998950958251953125e-01 9.995266199111938477e-01 1.663229912519454956e-01 1.313503235578536987e-01 9.570990502834320068e-02 7.994858920574188232e-02 8.122423291206359863e-02 7.374024391174316406e-02 6.652808189392089844e-02 6.503750383853912354e-02 5.922572314739227295e-02 5.417400598526000977e-02 4.965290427207946777e-02 4.410523176193237305e-02 4.001244902610778809e-02 3.578144311904907227e-02 3.346133232116699219e-02 3.290034830570220947e-02 3.329157829284667969e-02 3.428375720977783203e-02 3.523658215999603271e-02 3.618107736110687256e-02 3.697273135185241699e-02 3.775978088378906250e-02 3.781364858150482178e-02 3.742693364620208740e-02 3.889115154743194580e-02 4.210050404071807861e-02 4.565823078155517578e-02 4.674409329891204834e-02 4.586410522460937500e-02 4.206153750419616699e-02 3.873784840106964111e-02 3.700490295886993408e-02 3.567767143249511719e-02 3.585727512836456299e-02 3.758515417575836182e-02
1.339524090290069580e-01 9.997276663780212402e-01 9.998950958251953125e-01 0.000000000000000000e+00 9.998973608016967773e-01 9.997548460960388184e-01 1.862752437591552734e-01 1.332103013992309570e-01 9.430801868438720703e-02 8.245359361171722412e-02 8.851194381713867188e-02 7.678781449794769287e-02 7.120087742805480957e-02 7.111066579818725586e-02 6.534589827060699463e-02 6.139998137950897217e-02 5.681556463241577148e-02 4.978148639202117920e-02 4.382851719856262207e-02 3.837464749813079834e-02 3.559447824954986572e-02 3.512692451477050781e-02 3.595048189163208008e-02 3.769399225711822510e-02 3.997325897216796875e-02 4.146966338157653809e-02 4.148134589195251465e-02 4.021942615509033203e-02 4.016062617301940918e-02 4.298371076583862305e-02 4.973258078098297119e-02 5.429795384407043457e-02 5.528338253498077393e-02 5.101157724857330322e-02 4.702380299568176270e-02 4.264980554580688477e-02 3.890876471996307373e-02 3.741027414798736572e-02 3.721165657043457031e-02 3.920575976371765137e-02
1.221231222152709961e-01 1.513546556234359741e-01 9.995266199111938477e-01 9.998973608016967773e-01 0.000000000000000000e+00 9.999555945396423340e-01 9.998875260353088379e-01 2.011764645576477051e-01 1.336502730846405029e-01 9.501215815544128418e-02 8.468000590801239014e-02 9.420283138751983643e-02 8.629447221755981445e-02 8.211661875247955322e-02 8.707553148269653320e-02 8.091275393962860107e-02 7.605090737342834473e-02 6.536252796649932861e-02 5.900873243808746338e-02 4.994718730449676514e-02 4.341149330139160156e-02 4.132878780364990234e-02 4.133245348930358887e-02 4.247939586639404297e-02 4.391227662563323975e-02 4.499639570713043213e-02 4.438449442386627197e-02 4.331357777118682861e-02 4.344946146011352539e-02 4.605248570442199707e-02 5.127175152301788330e-02 5.412000417709350586e-02 5.442981421947479248e-02 5.476129055023193359e-02 5.316904187202453613e-02 4.959894716739654541e-02 4.427024722099304199e-02 4.025167226791381836e-02 3.935751318931579590e-02 4.363577067852020264e-02
1.033145487308502197e-01 1.299005597829818726e-01 1.663229912519454956e-01 9.997548460960388184e-01 9.999555945396423340e-01 0.000000000000000000e+00 9.999846220016479492e-01 9.999446868896484375e-01 2.314107567071914673e-01 1.463284343481063843e-01 1.069012582302093506e-01 1.064238101243972778e-01 1.181939542293548584e-01 1.120468080043792725e-01 1.139480471611022949e-01 1.160961091518402100e-01 9.700776636600494385e-02 8.620598912239074707e-02 7.759054005146026611e-02 7.003530859947204590e-02 6.162129342555999756e-02 5.411694943904876709e-02 4.987928271293640137e-02 4.958947002887725830e-02 4.999998211860656738e-02 4.949989914894104004e-02 4.848092794418334961e-02 4.860089719295501709e-02 5.078479647636413574e-02 5.531510710716247559e-02 5.691882967948913574e-02 5.308319628238677979e-02 5.335471034049987793e-02 6.269444525241851807e-02 7.481217384338378906e-02 8.379901945590972900e-02 6.277447938919067383e-02 4.524278640747070312e-02 4.404994845390319824e-02 5.144885182380676270e-02
7.500390708446502686e-02 1.038814336061477661e-01 1.313503235578536987e-01 1.862752437591552734e-01 9.998875260353088379e-01 9.999846220016479492e-01 0.000000000000000000e+00 9.999936223030090332e-01 9.999672174453735352e-01 2.654931843280792236e-01 1.781638115644454956e-01 1.286336928606033325e-01 1.254070699214935303e-01 1.559834778308868408e-01 1.367083191871643066e-01 1.343195140361785889e-01 1.297619491815567017e-01 1.099049001932144165e-01 1.067862212657928467e-01 1.087881326675415039e-01 9.947216510772705078e-02 8.343245089054107666e-02 6.807538866996765137e-02 6.160111725330352783e-02 5.881339311599731445e-02 5.602429807186126709e-02 5.562366545200347900e-02 5.662947893142700195e-02 5.829520523548126221e-02 5.822870135307312012e-02 5.442844331264495850e-02 5.229751765727996826e-02 5.860796570777893066e-02 7.669058442115783691e-02 1.303466111421585083e-01 1.091674864292144775e-01 7.807555794715881348e-02 5.809579789638519287e-02 6.775201857089996338e-02 6.188884377479553223e-02
7.590734958648681641e-02 7.290516793727874756e-02 9.570990502834320068e-02 1.332103013992309570e-01 2.011764645576477051e-01 9.999446868896484375e-01 9.999936223030090332e-01 0.000000000000000000e+00 9.999966025352478027e-01 9.999717473983764648e-01 3.304247856140136719e-01 2.044394314289093018e-01 1.528748124837875366e-01 1.343072801828384399e-01 1.575336903333663940e-01 1.373886018991470337e-01 1.407282054424285889e-01 1.443837285041809082e-01 1.449621468782424927e-01 1.595220118761062622e-01 1.587530821561813354e-01 1.336437016725540161e-01 1.014906913042068481e-01 8.193366229534149170e-02 7.320433855056762695e-02 6.830781698226928711e-02 6.577707827091217041e-02 6.371565163135528564e-02 6.080895662307739258e-02 5.643936991691589355e-02 5.508434772491455078e-02 5.589497089385986328e-02 7.307524979114532471e-02 1.162897795438766479e-01 1.147533059120178223e-01 8.484932780265808105e-02 7.893653213977813721e-02 1.146631240844726562e-01 9.903280436992645264e-02 8.267378807067871094e-02
6.790226697921752930e-02 7.298170030117034912e-02 7.994858920574188232e-02 9.430801868438720703e-02 1.336502730846405029e-01 2.314107567071914673e-01 9.999672174453735352e-01 9.999966025352478027e-01 0.000000000000000000e+00 9.999971985816955566e-01 9.999747872352600098e-01 3.863234817981719971e-01 2.181487828493118286e-01 1.545676290988922119e-01 1.312021017074584961e-01 1.374974697828292847e-01 1.388204693794250488e-01 1.634836792945861816e-01 1.840200275182723999e-01 2.012467235326766968e-01 2.059307843446731567e-01 1.843121051788330078e-01 1.490119844675064087e-01 1.167885512113571167e-01 9.683617949485778809e-02 8.346801996231079102e-02 7.494041323661804199e-02 6.746339797973632812e-02 6.329303979873657227e-02 6.529116630554199219e-02 6.400743126869201660e-02 7.078994810581207275e-02 8.647763729095458984e-02 8.205153048038482666e-02 6.879074871540069580e-02 8.314701914787292480e-02 1.478844732046127319e-01 1.421728432178497314e-01 1.115914136171340942e-01 7.901920378208160400e-02
7.404349744319915771e-02 7.304482161998748779e-02 8.122423291206359863e-02 8.245359361171722412e-02 9.501215815544128418e-02 1.463284343481063843e-01 2.654931843280792236e-01 9.999717473983764648e-01 9.999971985816955566e-01 0.000000000000000000e+00 9.999974370002746582e-01 9.999794960021972656e-01 3.869651556015014648e-01 2.173509597778320312e-01 1.537116765975952148e-01 1.307238042354583740e-01 1.415297091007232666e-01 1.524774730205535889e-01 1.841706186532974243e-01 2.107470333576202393e-01 2.139070034027099609e-01 2.041822224855422974e-01 1.820868551731109619e-01 1.569867283105850220e-01 1.257387399673461914e-01 1.009611934423446655e-01 8.011904358863830566e-02 6.815989315509796143e-02 6.378288567066192627e-02 6.276792287826538086e-02 7.365715503692626953e-02 7.907205820083618164e-02 6.588333845138549805e-02 6.018649041652679443e-02 6.772746145725250244e-02 1.236917525529861450e-01 1.256590336561203003e-01 1.055466085672378540e-01 1.006779670715332031e-01 8.156135678291320801e-02
7.339090108871459961e-02 6.799358129501342773e-02 7.374024391174316406e-02 8.851194381713867188e-02 8.468000590801239014e-02 1.069012582302093506e-01 1.781638115644454956e-01 3.304247856140136719e-01 9.999747872352600098e-01 9.999974370002746582e-01 0.000000000000000000e+00 9.999979734420776367e-01 9.999840259552001953e-01 3.892473578453063965e-01 2.182783931493759155e-01 1.540816724300384521e-01 1.335786730051040649e-01 1.428499668836593628e-01 1.527003198862075806e-01 1.805671453475952148e-01 2.064044177532196045e-01 2.013843208551406860e-01 1.962990462779998779e-01 1.789664030075073242e-01 1.497017443180084229e-01 1.144486367702484131e-01 8.512254059314727783e-02 7.021287083625793457e-02 6.350137293338775635e-02 7.268220186233520508e-02 8.357435464859008789e-02 6.555879116058349609e-02 5.340597033500671387e-02 5.888076126575469971e-02 1.018230170011520386e-01 8.551900088787078857e-02 7.155093550682067871e-02 7.538849115371704102e-02 8.759744465351104736e-02 4.673317074775695801e-02
6.552466750144958496e-02 6.717553734779357910e-02 6.652808189392089844e-02 7.678781449794769287e-02 9.420283138751983643e-02 1.064238101243972778e-01 1.286336928606033325e-01 2.044394314289093018e-01 3.863234817981719971e-01 9.999794960021972656e-01 9.999979734420776367e-01 0.000000000000000000e+00 9.999985694885253906e-01 9.999878406524658203e-01 3.949763178825378418e-01 2.168574333190917969e-01 1.483845263719558716e-01 1.319105476140975952e-01 1.394176930189132690e-01 1.452740728855133057e-01 1.666933298110961914e-01 1.950020343065261841e-01 1.980142593383789062e-01 1.980427801609039307e-01 1.720240265130996704e-01 1.340513080358505249e-01 9.605248272418975830e-02 7.697844505310058594e-02 7.079106569290161133e-02 8.326950669288635254e-02 7.266306877136230469e-02 5.677172541618347168e-02 6.038884818553924561e-02 1.150938272476196289e-01 7.675957679748535156e-02 5.923245847225189209e-02 5.741153657436370850e-02 8.650992810726165771e-02 4.155045747756958008e-02 4.016450047492980957e-02
5.873340368270874023e-02 6.073418259620666504e-02 6.503750383853912354e-02 7.120087742805480957e-02 8.629447221755981445e-02 1.181939542293548584e-01 1.254070699214935303e-01 1.528748124837875366e-01 2.181487828493118286e-01 3.869651556015014648e-01 9.999840259552001953e-01 9.999985694885253906e-01 0.000000000000000000e+00 9.999990463256835938e-01 9.999903440475463867e-01 3.926609754562377930e-01 2.104901224374771118e-01 1.411872506141662598e-01 1.268494725227355957e-01 1.373521834611892700e-01 1.435380578041076660e-01 1.761945039033889771e-01 2.078852057456970215e-01 2.082867175340652466e-01 1.996052414178848267e-01 1.626830548048019409e-01 1.207739561796188354e-01 1.007937788963317871e-01 9.290339052677154541e-02 8.110521733760833740e-02 7.178685069084167480e-02 6.901198625564575195e-02 1.512024998664855957e-01 9.174372255802154541e-02 6.020863354206085205e-02 5.862174928188323975e-02 8.595661818981170654e-02 3.854766488075256348e-02 3.403359651565551758e-02 3.846314549446105957e-02
5.073143541812896729e-02 5.441093444824218750e-02 5.922572314739227295e-02 7.111066579818725586e-02 8.211661875247955322e-02 1.120468080043792725e-01 1.559834778308868408e-01 1.343072801828384399e-01 1.545676290988922119e-01 2.173509597778320312e-01 3.892473578453063965e-01 9.999878406524658203e-01 9.999990463256835938e-01 0.000000000000000000e+00 9.999991655349731445e-01 9.999917745590209961e-01 3.883169889450073242e-01 2.045847773551940918e-01 1.357777118682861328e-01 1.250662952661514282e-01 1.449698805809020996e-01 1.657396703958511353e-01 2.064076215028762817e-01 2.303709834814071655e-01 2.066930234432220459e-01 1.813953071832656860e-01 1.539450883865356445e-01 1.361618191003799438e-01 1.156789958477020264e-01 9.734304249286651611e-02 9.340836107730865479e-02 1.862985640764236450e-01 1.241070181131362915e-01 7.349927723407745361e-02 6.919832527637481689e-02 9.003630280494689941e-02 4.058700799942016602e-02 3.340597450733184814e-02 3.297421336174011230e-02 3.584934771060943604e-02
4.252667725086212158e-02 4.766602814197540283e-02 5.417400598526000977e-02 6.534589827060699463e-02 8.707553148269653320e-02 1.139480471611022949e-01 1.367083191871643066e-01 1.575336903333663940e-01 1.312021017074584961e-01 1.537116765975952148e-01 2.182783931493759155e-01 3.949763178825378418e-01 9.999903440475463867e-01 9.999991655349731445e-01 0.000000000000000000e+00 9.999992847442626953e-01 9.999923706054687500e-01 3.907461762428283691e-01 2.018051296472549438e-01 1.366834491491317749e-01 1.320437490940093994e-01 1.661220043897628784e-01 1.922333687543869019e-01 2.210142761468887329e-01 2.195737361907958984e-01 1.894171535968780518e-01 1.819193363189697266e-01 1.766805648803710938e-01 1.672707200050354004e-01 1.735534518957138062e-01 2.390877902507781982e-01 1.798529028892517090e-01 9.681728482246398926e-02 9.809808433055877686e-02 1.078419238328933716e-01 4.651366174221038818e-02 3.361862897872924805e-02 3.238976001739501953e-02 3.274112939834594727e-02 3.438116610050201416e-02
3.791917860507965088e-02 4.158860445022583008e-02 4.965290427207946777e-02 6.139998137950897217e-02 8.091275393962860107e-02 1.160961091518402100e-01 1.343195140361785889e-01 1.373886018991470337e-01 1.374974697828292847e-01 1.307238042354583740e-01 1.540816724300384521e-01 2.168574333190917969e-01 3.926609754562377930e-01 9.999917745590209961e-01 9.999992847442626953e-01 0.000000000000000000e+00 9.999993443489074707e-01 9.999924302101135254e-01 3.893043398857116699e-01 2.028600722551345825e-01 1.476235687732696533e-01 1.476275771856307983e-01 1.886836290359497070e-01 1.965416818857192993e-01 2.073358893394470215e-01 2.073225378990173340e-01 2.006227821111679077e-01 2.276694178581237793e-01 2.867481708526611328e-01 3.251699805259704590e-01 2.762599289417266846e-01 1.837449818849563599e-01 1.489337235689163208e-01 1.257833838462829590e-01 5.169042944908142090e-02 3.668095171451568604e-02 3.254929184913635254e-02 3.188012540340423584e-02 3.098365664482116699e-02 3.274676203727722168e-02
3.456665575504302979e-02 3.682875633239746094e-02 4.410523176193237305e-02 5.681556463241577148e-02 7.605090737342834473e-02 9.700776636600494385e-02 1.297619491815567017e-01 1.407282054424285889e-01 1.388204693794250488e-01 1.415297091007232666e-01 1.335786730051040649e-01 1.483845263719558716e-01 2.104901224374771118e-01 3.883169889450073242e-01 9.999923706054687500e-01 9.999993443489074707e-01 0.000000000000000000e+00 9.999993443489074707e-01 9.999920725822448730e-01 3.888323903083801270e-01 2.076303511857986450e-01 1.615833491086959839e-01 1.595237851142883301e-01 1.958229541778564453e-01 1.869904100894927979e-01 2.111860811710357666e-01 2.288607209920883179e-01 2.889764308929443359e-01 3.766068220138549805e-01 3.720921874046325684e-01 3.195348381996154785e-01 2.478180825710296631e-01 1.928882300853729248e-01 6.386078894138336182e-02 4.196347296237945557e-02 3.562228381633758545e-02 3.199982643127441406e-02 2.973859012126922607e-02 2.978749573230743408e-02 3.081844747066497803e-02
3.286312520503997803e-02 3.378137946128845215e-02 4.001244902610778809e-02 4.978148639202117920e-02 6.536252796649932861e-02 8.620598912239074707e-02 1.099049001932144165e-01 1.443837285041809082e-01 1.634836792945861816e-01 1.524774730205535889e-01 1.428499668836593628e-01 1.319105476140975952e-01 1.411872506141662598e-01 2.045847773551940918e-01 3.907461762428283691e-01 9.999924302101135254e-01 9.999993443489074707e-01 0.000000000000000000e+00 9.999994039535522461e-01 9.999916553497314453e-01 4.021780490875244141e-01 2.099622637033462524e-01 1.666069030761718750e-01 1.582681536674499512e-01 1.702640056610107422e-01 1.837190389633178711e-01 2.550660371780395508e-01 3.301200270652770996e-01 3.488620519638061523e-01 3.722800612449645996e-01 3.637056350708007812e-01 3.230133652687072754e-01 8.957968652248382568e-02 5.457039177417755127e-02 4.218077659606933594e-02 3.542532026767730713e-02 2.993009984493255615e-02 2.896524965763092041e-02 2.795290946960449219e-02 2.920655906200408936e-02
3.226059675216674805e-02 3.235523402690887451e-02 3.578144311904907227e-02 4.382851719856262207e-02 5.900873243808746338e-02 7.759054005146026611e-02 1.067862212657928467e-01 1.449621468782424927e-01 1.840200275182723999e-01 1.841706186532974243e-01 1.527003198862075806e-01 1.394176930189132690e-01 1.268494725227355957e-01 1.357777118682861328e-01 2.018051296472549438e-01 3.893043398857116699e-01 9.999920725822448730e-01 9.999994039535522461e-01 0.000000000000000000e+00 9.999994039535522461e-01 9.999915361404418945e-01 4.043967127799987793e-01 2.070943862199783325e-01 1.585534662008285522e-01 1.555845141410827637e-01 1.928668767213821411e-01 2.525633573532104492e-01 3.237255811691284180e-01 3.382192254066467285e-01 3.327620625495910645e-01 3.374885916709899902e-01 1.696721017360687256e-01 9.222349524497985840e-02 6.066697835922241211e-02 4.402060806751251221e-02 3.443469107151031494e-02 2.984206378459930420e-02 2.773244678974151611e-02 2.646496891975402832e-02 2.760064601898193359e-02
3.244075179100036621e-02 3.214368224143981934e-02 3.346133232116699219e-02 3.837464749813079834e-02 4.994718730449676514e-02 7.003530859947204590e-02 1.087881326675415039e-01 1.595220118761062622e-01 2.012467235326766968e-01 2.107470333576202393e-01 1.805671453475952148e-01 1.452740728855133057e-01 1.373521834611892700e-01 1.250662952661514282e-01 1.366834491491317749e-01 2.028600722551345825e-01 3.888323903083801270e-01 9.999916553497314453e-01 9.999994039535522461e-01 0.000000000000000000e+00 9.999994039535522461e-01 9.999913573265075684e-01 4.006379246711730957e-01 2.243575751781463623e-01 1.676615178585052490e-01 1.804783791303634644e-01 2.470673471689224243e-01 2.608082592487335205e-01 2.849161624908447266e-01 2.995357215404510498e-01 2.141128480434417725e-01 1.591039448976516724e-01 1.087638884782791138e-01 7.287539541721343994e-02 4.718889296054840088e-02 3.534613549709320068e-02 2.972446382045745850e-02 2.702900767326354980e-02 2.512091398239135742e-02 2.686160802841186523e-02
3.306685388088226318e-02 3.273983299732208252e-02 3.290034830570220947e-02 3.559447824954986572e-02 4.341149330139160156e-02 6.162129342555999756e-02 9.947216510772705078e-02 1.587530821561813354e-01 2.059307843446731567e-01 2.139070034027099609e-01 2.064044177532196045e-01 1.666933298110961914e-01 1.435380578041076660e-01 1.449698805809020996e-01 1.320437490940093994e-01 1.476235687732696533e-01 2.076303511857986450e-01 4.021780490875244141e-01 9.999915361404418945e-01 9.999994039535522461e-01 0.000000000000000000e+00 9.999993443489074707e-01 9.999907016754150391e-01 4.454804658889770508e-01 2.550784945487976074e-01 1.919496655464172363e-01 1.853964328765869141e-01 1.782272160053253174e-01 1.826249361038208008e-01 1.951390057802200317e-01 1.892486363649368286e-01 1.606555879116058350e-01 1.315448284149169922e-01 8.553089201450347900e-02 5.375921726226806641e-02 3.745153546333312988e-02 3.068123757839202881e-02 2.714540064334869385e-02 2.524587512016296387e-02 2.734701335430145264e-02
3.391925990581512451e-02 3.359219431877136230e-02 3.329157829284667969e-02 3.512692451477050781e-02 4.132878780364990234e-02 5.411694943904876709e-02 8.343245089054107666e-02 1.336437016725540161e-01 1.843121051788330078e-01 2.041822224855422974e-01 2.013843208551406860e-01 1.950020343065261841e-01 1.761945039033889771e-01 1.657396703958511353e-01 1.661220043897628784e-01 1.476275771856307983e-01 1.615833491086959839e-01 2.099622637033462524e-01 4.043967127799987793e-01 9.999913573265075684e-01 9.999993443489074707e-01 0.000000000000000000e+00 9.999992847442626953e-01 9.999903440475463867e-01 4.872489869594573975e-01 2.515400052070617676e-01 1.773644685745239258e-01 1.571862250566482544e-01 1.498198956251144409e-01 1.631885766983032227e-01 1.801107674837112427e-01 1.742812842130661011e-01 1.480408608913421631e-01 9.932333230972290039e-02 5.979892611503601074e-02 4.228274524211883545e-02 3.306622803211212158e-02 2.907471358776092529e-02 2.664119005203247070e-02 2.815295755863189697e-02
3.451956808567047119e-02 3.451615571975708008e-02 3.428375720977783203e-02 3.595048189163208008e-02 4.133245348930358887e-02 4.987928271293640137e-02 6.807538866996765137e-02 1.014906913042068481e-01 1.490119844675064087e-01 1.820868551731109619e-01 1.962990462779998779e-01 1.980142593383789062e-01 2.078852057456970215e-01 2.064076215028762817e-01 1.922333687543869019e-01 1.886836290359497070e-01 1.595237851142883301e-01 1.666069030761718750e-01 2.070943862199783325e-01 4.006379246711730957e-01 9.999907016754150391e-01 9.999992847442626953e-01 0.000000000000000000e+00 9.999990463256835938e-01 9.999886155128479004e-01 4.643653035163879395e-01 2.346605509519577026e-01 1.672188788652420044e-01 1.555239856243133545e-01 1.680483371019363403e-01 1.736335158348083496e-01 1.751169264316558838e-01 1.578448861837387085e-01 1.085446029901504517e-01 6.579190492630004883e-02 5.026359856128692627e-02 3.807848691940307617e-02 3.239564597606658936e-02 2.938404679298400879e-02 2.924513816833496094e-02
3.471046686172485352e-02 3.513108193874359131e-02 3.523658215999603271e-02 3.769399225711822510e-02 4.247939586639404297e-02 4.958947002887725830e-02 6.160111725330352783e-02 8.193366229534149170e-02 1.167885512113571167e-01 1.569867283105850220e-01 1.789664030075073242e-01 1.980427801609039307e-01 2.082867175340652466e-01 2.303709834814071655e-01 2.210142761468887329e-01 1.965416818857192993e-01 1.958229541778564453e-01 1.582681536674499512e-01 1.585534662008285522e-01 2.243575751781463623e-01 4.454804658889770508e-01 9.999903440475463867e-01 9.999990463256835938e-01 0.000000000000000000e+00 9.999988079071044922e-01 9.999843835830688477e-01 4.696273207664489746e-01 2.413627952337265015e-01 1.719378978013992310e-01 1.620085388422012329e-01 1.802533417940139771e-01 1.729235202074050903e-01 1.511729061603546143e-01 1.121652424335479736e-01 7.097627222537994385e-02 5.472896993160247803e-02 4.512394964694976807e-02 3.701668977737426758e-02 3.212919831275939941e-02 3.054238855838775635e-02
3.495109081268310547e-02 3.547187149524688721e-02 3.618107736110687256e-02 3.997325897216796875e-02 4.391227662563323975e-02 4.999998211860656738e-02 5.881339311599731445e-02 7.320433855056762695e-02 9.683617949485778809e-02 1.257387399673461914e-01 1.497017443180084229e-01 1.720240265130996704e-01 1.996052414178848267e-01 2.066930234432220459e-01 2.195737361907958984e-01 2.073358893394470215e-01 1.869904100894927979e-01 1.702640056610107422e-01 1.555845141410827637e-01 1.676615178585052490e-01 2.550784945487976074e-01 4.872489869594573975e-01 9.999886155128479004e-01 9.999988079071044922e-01 0.000000000000000000e+00 9.999982714653015137e-01 9.999800324440002441e-01 4.944831132888793945e-01 2.621933221817016602e-01 1.799799948930740356e-01 1.639497131109237671e-01 1.767443865537643433e-01 1.459084004163742065e-01 1.103434264659881592e-01 7.585000991821289062e-02 5.855745077133178711e-02 4.835507273674011230e-02 4.217013716697692871e-02 3.452754020690917969e-02 3.179274499416351318e-02
3.571465611457824707e-02 3.608605265617370605e-02 3.697273135185241699e-02 4.146966338157653809e-02 4.499639570713043213e-02 4.949989914894104004e-02 5.602429807186126709e-02 6.830781698226928711e-02 8.346801996231079102e-02 1.009611934423446655e-01 1.144486367702484131e-01 1.340513080358505249e-01 1.626830548048019409e-01 1.813953071832656860e-01 1.894171535968780518e-01 2.073225378990173340e-01 2.111860811710357666e-01 1.837190389633178711e-01 1.928668767213821411e-01 1.804783791303634644e-01 1.919496655464172363e-01 2.515400052070617676e-01 4.643653035163879395e-01 9.999843835830688477e-01 9.999982714653015137e-01 0.000000000000000000e+00 9.999975562095642090e-01 9.999741315841674805e-01 4.994176626205444336e-01 2.654498219490051270e-01 1.794212907552719116e-01 1.507863998413085938e-01 1.488524675369262695e-01 1.081627309322357178e-01 7.832208275794982910e-02 6.227897107601165771e-02 5.150812864303588867e-02 4.493905603885650635e-02 3.868857026100158691e-02 3.425133228302001953e-02
3.691262006759643555e-02 3.709113597869873047e-02 3.775978088378906250e-02 4.148134589195251465e-02 4.438449442386627197e-02 4.848092794418334961e-02 5.562366545200347900e-02 6.577707827091217041e-02 7.494041323661804199e-02 8.011904358863830566e-02 8.512254059314727783e-02 9.605248272418975830e-02 1.207739561796188354e-01 1.539450883865356445e-01 1.819193363189697266e-01 2.006227821111679077e-01 2.288607209920883179e-01 2.550660371780395508e-01 2.525633573532104492e-01 2.470673471689224243e-01 1.853964328765869141e-01 1.773644685745239258e-01 2.346605509519577026e-01 4.696273207664489746e-01 9.999800324440002441e-01 9.999975562095642090e-01 0.000000000000000000e+00 9.999961256980895996e-01 9.999623298645019531e-01 4.703646898269653320e-01 2.454580962657928467e-01 1.620222628116607666e-01 1.288452595472335815e-01 1.156646609306335449e-01 8.303570747375488281e-02 6.613531708717346191e-02 5.451381206512451172e-02 4.795126616954803467e-02 4.205642640590667725e-02 3.718540072441101074e-02
3.839227557182312012e-02 3.780752420425415039e-02 3.781364858150482178e-02 4.021942615509033203e-02 4.331357777118682861e-02 4.860089719295501709e-02 5.662947893142700195e-02 6.371565163135528564e-02 6.746339797973632812e-02 6.815989315509796143e-02 7.021287083625793457e-02 7.697844505310058594e-02 1.007937788963317871e-01 1.361618191003799438e-01 1.766805648803710938e-01 2.276694178581237793e-01 2.889764308929443359e-01 3.301200270652770996e-01 3.237255811691284180e-01 2.608082592487335205e-01 1.782272160053253174e-01 1.571862250566482544e-01 1.672188788652420044e-01 2.413627952337265015e-01 4.944831132888793945e-01 9.999741315841674805e-01 9.999961256980895996e-01 0.000000000000000000e+00 9.999936819076538086e-01 9.999434947967529297e-01 4.043913483619689941e-01 2.138244211673736572e-01 1.385570466518402100e-01 1.073913574218750000e-01 8.891397714614868164e-02 7.131111621856689453e-02 5.602058768272399902e-02 4.887039959430694580e-02 4.495394229888916016e-02 3.955952823162078857e-02
3.938727080821990967e-02 3.814832866191864014e-02 3.742693364620208740e-02 4.016062617301940918e-02 4.344946146011352539e-02 5.078479647636413574e-02 5.829520523548126221e-02 6.080895662307739258e-02 6.329303979873657227e-02 6.378288567066192627e-02 6.350137293338775635e-02 7.079106569290161133e-02 9.290339052677154541e-02 1.156789958477020264e-01 1.672707200050354004e-01 2.867481708526611328e-01 3.766068220138549805e-01 3.488620519638061523e-01 3.382192254066467285e-01 2.849161624908447266e-01 1.826249361038208008e-01 1.498198956251144409e-01 1.555239856243133545e-01 1.719378978013992310e-01 2.621933221817016602e-01 4.994176626205444336e-01 9.999623298645019531e-01 9.999936819076538086e-01 0.000000000000000000e+00 9.999901652336120605e-01 9.999194145202636719e-01 3.262468576431274414e-01 1.827764660120010376e-01 1.191612035036087036e-01 8.836142718791961670e-02 7.149724662303924561e-02 5.867019295692443848e-02 4.915979504585266113e-02 4.630266129970550537e-02 4.126690328121185303e-02
3.977730870246887207e-02 3.873616456985473633e-02 3.889115154743194580e-02 4.298371076583862305e-02 4.605248570442199707e-02 5.531510710716247559e-02 5.822870135307312012e-02 5.643936991691589355e-02 6.529116630554199219e-02 6.276792287826538086e-02 7.268220186233520508e-02 8.326950669288635254e-02 8.110521733760833740e-02 9.734304249286651611e-02 1.735534518957138062e-01 3.251699805259704590e-01 3.720921874046325684e-01 3.722800612449645996e-01 3.327620625495910645e-01 2.995357215404510498e-01 1.951390057802200317e-01 1.631885766983032227e-01 1.680483371019363403e-01 1.620085388422012329e-01 1.799799948930740356e-01 2.654498219490051270e-01 4.703646898269653320e-01 9.999434947967529297e-01 9.999901652336120605e-01 0.000000000000000000e+00 9.999861717224121094e-01 9.998934864997863770e-01 2.679291367530822754e-01 1.566838026046752930e-01 1.055940389633178711e-01 7.280574738979339600e-02 5.729556083679199219e-02 5.012840032577514648e-02 4.486134648323059082e-02 4.199111461639404297e-02
4.006874561309814453e-02 4.051101207733154297e-02 4.210050404071807861e-02 4.973258078098297119e-02 5.127175152301788330e-02 5.691882967948913574e-02 5.442844331264495850e-02 5.508434772491455078e-02 6.400743126869201660e-02 7.365715503692626953e-02 8.357435464859008789e-02 7.266306877136230469e-02 7.178685069084167480e-02 9.340836107730865479e-02 2.390877902507781982e-01 2.762599289417266846e-01 3.195348381996154785e-01 3.637056350708007812e-01 3.374885916709899902e-01 2.141128480434417725e-01 1.892486363649368286e-01 1.801107674837112427e-01 1.736335158348083496e-01 1.802533417940139771e-01 1.639497131109237671e-01 1.794212907552719116e-01 2.454580962657928467e-01 4.043913483619689941e-01 9.999194145202636719e-01 9.999861717224121094e-01 0.000000000000000000e+00 9.999823570251464844e-01 9.998519420623779297e-01 2.242768406867980957e-01 1.397799998521804810e-01 9.270749986171722412e-02 5.899760127067565918e-02 4.856905341148376465e-02 4.318593442440032959e-02 3.940166532993316650e-02
4.011045396327972412e-02 4.250483214855194092e-02 4.565823078155517578e-02 5.429795384407043457e-02 5.412000417709350586e-02 5.308319628238677979e-02 5.229751765727996826e-02 5.589497089385986328e-02 7.078994810581207275e-02 7.907205820083618164e-02 6.555879116058349609e-02 5.677172541618347168e-02 6.901198625564575195e-02 1.862985640764236450e-01 1.798529028892517090e-01 1.837449818849563599e-01 2.478180825710296631e-01 3.230133652687072754e-01 1.696721017360687256e-01 1.591039448976516724e-01 1.606555879116058350e-01 1.742812842130661011e-01 1.751169264316558838e-01 1.729235202074050903e-01 1.767443865537643433e-01 1.507863998413085938e-01 1.620222628116607666e-01 2.138244211673736572e-01 3.262468576431274414e-01 9.998934864997863770e-01 9.999823570251464844e-01 0.000000000000000000e+00 9.999725222587585449e-01 9.997340440750122070e-01 1.931385099887847900e-01 1.299706548452377319e-01 7.569429278373718262e-02 4.879407584667205811e-02 4.183040559291839600e-02 3.719945251941680908e-02
3.852672874927520752e-02 4.225483536720275879e-02 4.674409329891204834e-02 5.528338253498077393e-02 5.442981421947479248e-02 5.335471034049987793e-02 5.860796570777893066e-02 7.307524979114532471e-02 8.647763729095458984e-02 6.588333845138549805e-02 5.340597033500671387e-02 6.038884818553924561e-02 1.512024998664855957e-01 1.241070181131362915e-01 9.681728482246398926e-02 1.489337235689163208e-01 1.928882300853729248e-01 8.957968652248382568e-02 9.222349524497985840e-02 1.087638884782791138e-01 1.315448284149169922e-01 1.480408608913421631e-01 1.578448861837387085e-01 1.511729061603546143e-01 1.459084004163742065e-01 1.488524675369262695e-01 1.288452595472335815e-01 1.385570466518402100e-01 1.827764660120010376e-01 2.679291367530822754e-01 9.998519420623779297e-01 9.999725222587585449e-01 0.000000000000000000e+00 9.999364018440246582e-01 9.994397759437561035e-01 1.778625994920730591e-01 1.211767792701721191e-01 6.425303220748901367e-02 4.442982375621795654e-02 3.687486052513122559e-02
3.908476233482360840e-02 4.072111845016479492e-02 4.586410522460937500e-02 5.101157724857330322e-02 5.476129055023193359e-02 6.269444525241851807e-02 7.669058442115783691e-02 1.162897795438766479e-01 8.205153048038482666e-02 6.018649041652679443e-02 5.888076126575469971e-02 1.150938272476196289e-01 9.174372255802154541e-02 7.349927723407745361e-02 9.809808433055877686e-02 1.257833838462829590e-01 6.386078894138336182e-02 5.457039177417755127e-02 6.066697835922241211e-02 7.287539541721343994e-02 8.553089201450347900e-02 9.932333230972290039e-02 1.085446029901504517e-01 1.121652424335479736e-01 1.103434264659881592e-01 1.081627309322357178e-01 1.156646609306335449e-01 1.073913574218750000e-01 1.191612035036087036e-01 1.566838026046752930e-01 2.242768406867980957e-01 9.997340440750122070e-01 9.999364018440246582e-01 0.000000000000000000e+00 9.998556375503540039e-01 9.990123510360717773e-01 1.607946604490280151e-01 1.082893908023834229e-01 5.574592947959899902e-02 4.279287159442901611e-02
3.842449188232421875e-02 3.847843408584594727e-02 4.206153750419616699e-02 4.702380299568176270e-02 5.316904187202453613e-02 7.481217384338378906e-02 1.303466111421585083e-01 1.147533059120178223e-01 6.879074871540069580e-02 6.772746145725250244e-02 1.018230170011520386e-01 7.675957679748535156e-02 6.020863354206085205e-02 6.919832527637481689e-02 1.078419238328933716e-01 5.169042944908142090e-02 4.196347296237945557e-02 4.218077659606933594e-02 4.402060806751251221e-02 4.718889296054840088e-02 5.375921726226806641e-02 5.979892611503601074e-02 6.579190492630004883e-02 7.097627222537994385e-02 7.585000991821289062e-02 7.832208275794982910e-02 8.303570747375488281e-02 8.891397714614868164e-02 8.836142718791961670e-02 1.055940389633178711e-01 1.397799998521804810e-01 1.931385099887847900e-01 9.994397759437561035e-01 9.998556375503540039e-01 0.000000000000000000e+00 9.997258186340332031e-01 9.984285831451416016e-01 1.435941755771636963e-01 1.009640842676162720e-01 5.750387907028198242e-02
3.799416124820709229e-02 3.667040169239044189e-02 3.873784840106964111e-02 4.264980554580688477e-02 4.959894716739654541e-02 8.379901945590972900e-02 1.091674864292144775e-01 8.484932780265808105e-02 8.314701914787292480e-02 1.236917525529861450e-01 8.551900088787078857e-02 5.923245847225189209e-02 5.862174928188323975e-02 9.003630280494689941e-02 4.651366174221038818e-02 3.668095171451568604e-02 3.562228381633758545e-02 3.542532026767730713e-02 3.443469107151031494e-02 3.534613549709320068e-02 3.745153546333312988e-02 4.228274524211883545e-02 5.026359856128692627e-02 5.472896993160247803e-02 5.855745077133178711e-02 6.227897107601165771e-02 6.613531708717346191e-02 7.131111621856689453e-02 7.149724662303924561e-02 7.280574738979339600e-02 9.270749986171722412e-02 1.299706548452377319e-01 1.778625994920730591e-01 9.990123510360717773e-01 9.997258186340332031e-01 0.000000000000000000e+00 9.994416236877441406e-01 9.972307085990905762e-01 1.442110389471054077e-01 9.150275588035583496e-02
3.830896317958831787e-02 3.543877601623535156e-02 3.700490295886993408e-02 3.890876471996307373e-02 4.427024722099304199e-02 6.277447938919067383e-02 7.807555794715881348e-02 7.893653213977813721e-02 1.478844732046127319e-01 1.256590336561203003e-01 7.155093550682067871e-02 5.741153657436370850e-02 8.595661818981170654e-02 4.058700799942016602e-02 3.361862897872924805e-02 3.254929184913635254e-02 3.199982643127441406e-02 2.993009984493255615e-02 2.984206378459930420e-02 2.972446382045745850e-02 3.068123757839202881e-02 3.306622803211212158e-02 3.807848691940307617e-02 4.512394964694976807e-02 4.835507273674011230e-02 5.150812864303588867e-02 5.451381206512451172e-02 5.602058768272399902e-02 5.867019295692443848e-02 5.729556083679199219e-02 5.899760127067565918e-02 7.569429278373718262e-02 1.211767792701721191e-01 1.607946604490280151e-01 9.984285831451416016e-01 9.994416236877441406e-01 0.000000000000000000e+00 9.992499351501464844e-01 9.947674870491027832e-01 1.490262150764465332e-01
3.833825886249542236e-02 3.559803962707519531e-02 3.567767143249511719e-02 3.741027414798736572e-02 4.025167226791381836e-02 4.524278640747070312e-02 5.809579789638519287e-02 1.146631240844726562e-01 1.421728432178497314e-01 1.055466085672378540e-01 7.538849115371704102e-02 8.650992810726165771e-02 3.854766488075256348e-02 3.340597450733184814e-02 3.238976001739501953e-02 3.188012540340423584e-02 2.973859012126922607e-02 2.896524965763092041e-02 2.773244678974151611e-02 2.702900767326354980e-02 2.714540064334869385e-02 2.907471358776092529e-02 3.239564597606658936e-02 3.701668977737426758e-02 4.217013716697692871e-02 4.493905603885650635e-02 4.795126616954803467e-02 4.887039959430694580e-02 4.915979504585266113e-02 5.012840032577514648e-02 4.856905341148376465e-02 4.879407584667205811e-02 6.425303220748901367e-02 1.082893908023834229e-01 1.435941755771636963e-01 9.972307085990905762e-01 9.992499351501464844e-01 0.000000000000000000e+00 9.984697699546813965e-01 9.859150648117065430e-01
3.742067515850067139e-02 3.590656816959381104e-02 3.585727512836456299e-02 3.721165657043457031e-02 3.935751318931579590e-02 4.404994845390319824e-02 6.775201857089996338e-02 9.903280436992645264e-02 1.115914136171340942e-01 1.006779670715332031e-01 8.759744465351104736e-02 4.155045747756958008e-02 3.403359651565551758e-02 3.297421336174011230e-02 3.274112939834594727e-02 3.098365664482116699e-02 2.978749573230743408e-02 2.795290946960449219e-02 2.646496891975402832e-02 2.512091398239135742e-02 2.524587512016296387e-02 2.664119005203247070e-02 2.938404679298400879e-02 3.212919831275939941e-02 3.452754020690917969e-02 3.868857026100158691e-02 4.205642640590667725e-02 4.495394229888916016e-02 4.630266129970550537e-02 4.486134648323059082e-02 4.318593442440032959e-02 4.183040559291839600e-02 4.442982375621795654e-02 5.574592947959899902e-02 1.009640842676162720e-01 1.442110389471054077e-01 9.947674870491027832e-01 9.984697699546813965e-01 0.000000000000000000e+00 9.970067143440246582e-01
3.848275542259216309e-02 3.689213097095489502e-02 3.758515417575836182e-02 3.920575976371765137e-02 4.363577067852020264e-02 5.144885182380676270e-02 6.188884377479553223e-02 8.267378807067871094e-02 7.901920378208160400e-02 8.156135678291320801e-02 4.673317074775695801e-02 4.016450047492980957e-02 3.846314549446105957e-02 3.584934771060943604e-02 3.438116610050201416e-02 3.274676203727722168e-02 3.081844747066497803e-02 2.920655906200408936e-02 2.760064601898193359e-02 2.686160802841186523e-02 2.734701335430145264e-02 2.815295755863189697e-02 2.924513816833496094e-02 3.054238855838775635e-02 3.179274499416351318e-02 3.425133228302001953e-02 3.718540072441101074e-02 3.955952823162078857e-02 4.126690328121185303e-02 4.199111461639404297e-02 3.940166532993316650e-02 3.719945251941680908e-02 3.687486052513122559e-02 4.279287159442901611e-02 5.750387907028198242e-02 9.150275588035583496e-02 1.490262150764465332e-01 9.859150648117065430e-01 9.970067143440246582e-01 0.000000000000000000e+00
