0.000000000000000000e+00 9.993789196014404297e-01 9.991120696067810059e-01 1.334352493286132812e-01 1.240074783563613892e-01 1.080847680568695068e-01 7.952739298343658447e-02 8.158369362354278564e-02 7.375723123550415039e-02 8.016569912433624268e-02 7.601860165596008301e-02 6.657098233699798584e-02 5.859795212745666504e-02 4.989103972911834717e-02 4.154580831527709961e-02 3.641414642333984375e-02 3.346864879131317139e-02 3.189015388488769531e-02 3.177510201930999756e-02 3.243818879127502441e-02 3.317117691040039062e-02 3.364601731300354004e-02 3.354394435882568359e-02 3.398768603801727295e-02 3.467555344104766846e-02 3.549684584140777588e-02 3.636272251605987549e-02 3.717692196369171143e-02 3.784509003162384033e-02 3.867198526859283447e-02 3.975155949592590332e-02 4.091539978981018066e-02 4.148362576961517334e-02 4.177241027355194092e-02 4.196032881736755371e-02 4.193300008773803711e-02 3.878343105316162109e-02 3.618022799491882324e-02 3.639201819896697998e-02 3.969022631645202637e-02 6.397496163845062256e-02 2.034831941127777100e-01 4.178684949874877930e-01 3.506519496440887451e-01 8.983384072780609131e-02 1.285346001386642456e-01 9.213521480560302734e-01 9.530225992202758789e-01 9.186621308326721191e-01
9.993789196014404297e-01 0.000000000000000000e+00 9.997630715370178223e-01 9.997082352638244629e-01 1.529998481273651123e-01 1.361566185951232910e-01 1.097423583269119263e-01 7.874029874801635742e-02 7.868348062038421631e-02 7.777890563011169434e-02 7.125848531723022461e-02 6.788598001003265381e-02 6.000076234340667725e-02 5.219636857509613037e-02 4.511383175849914551e-02 3.874790668487548828e-02 3.440295159816741943e-02 3.192506730556488037e-02 3.139281272888183594e-02 3.172494471073150635e-02 3.240714967250823975e-02 3.299051523208618164e-02 3.357619047164916992e-02 3.381645679473876953e-02 3.415384888648986816e-02 3.469720482826232910e-02 3.522422909736633301e-02 3.583762049674987793e-02 3.720034658908843994e-02 3.816071152687072754e-02 3.904411196708679199e-02 4.029965400695800781e-02 4.134139418601989746e-02 4.313470423221588135e-02 4.405105113983154297e-02 4.353523254394531250e-02 4.292419552803039551e-02 3.785015642642974854e-02 3.549310564994812012e-02 5.004934966564178467e-02 1.477189064025878906e-01 3.446412086486816406e-01 3.073974847793579102e-01 7.762664556503295898e-02 1.066667288541793823e-01 9.327973127365112305e-01 9.749978780746459961e-01 9.729673862457275391e-01 9.373078346252441406e-01
9.991120696067810059e-01 9.997630715370178223e-01 0.000000000000000000e+00 9.998815059661865234e-01 9.994825124740600586e-01 1.682826727628707886e-01 1.367577165365219116e-01 1.014021188020706177e-01 8.396846055984497070e-02 8.466929197311401367e-02 7.574896514415740967e-02 6.607641279697418213e-02 6.363287568092346191e-02 5.599954724311828613e-02 5.003914237022399902e-02 4.460452497005462646e-02 4.015737771987915039e-02 3.638978302478790283e-02 3.398574888706207275e-02 3.260388970375061035e-02 3.233024477958679199e-02 3.289744257926940918e-02 3.373041749000549316e-02 3.490963578224182129e-02 3.612381219863891602e-02 3.684958815574645996e-02 3.720113635063171387e-02 3.754925727844238281e-02 3.766746819019317627e-02 3.869280219078063965e-02 4.084581136703491211e-02 4.319347441196441650e-02 4.483191668987274170e-02 4.700197279453277588e-02 4.948751628398895264e-02 5.163806676864624023e-02 4.874590039253234863e-02 4.775989055633544922e-02 5.505627393722534180e-02 1.112876236438751221e-01 2.855607271194458008e-01 2.391523569822311401e-01 7.016220688819885254e-02 9.326475858688354492e-02 9.137983322143554688e-01 9.565055370330810547e-01 9.773823022842407227e-01 9.756163358688354492e-01 9.286600947380065918e-01
1.334352493286132812e-01 9.997082352638244629e-01 9.998815059661865234e-01 0.000000000000000000e+00 9.998803138732910156e-01 9.997276663780212402e-01 1.908248662948608398e-01 1.384138315916061401e-01 9.634172916412353516e-02 8.498764038085937500e-02 8.776800334453582764e-02 7.428613305091857910e-02 6.692360341548919678e-02 6.430380046367645264e-02 5.836440622806549072e-02 5.395993590354919434e-02 5.027763545513153076e-02 4.510767757892608643e-02 4.089595377445220947e-02 3.670400381088256836e-02 3.503678739070892334e-02 3.534667193889617920e-02 3.685773909091949463e-02 3.910888731479644775e-02 4.114243388175964355e-02 4.205000400543212891e-02 4.142764210700988770e-02 4.030017554759979248e-02 4.011911153793334961e-02 4.091435670852661133e-02 4.376125335693359375e-02 4.658149182796478271e-02 4.777869582176208496e-02 4.842665791511535645e-02 5.195760726928710938e-02 5.650877952575683594e-02 6.506994366645812988e-02 1.129806041717529297e-01 2.361751943826675415e-01 3.419835567474365234e-01 2.376416623592376709e-01 6.639254093170166016e-02 9.191799163818359375e-02 8.953237533569335938e-01 9.383684396743774414e-01 9.616657495498657227e-01 9.793972969055175781e-01 9.798986315727233887e-01 5.247522890567779541e-02
1.240074783563613892e-01 1.529998481273651123e-01 9.994825124740600586e-01 9.998803138732910156e-01 0.000000000000000000e+00 9.999477267265319824e-01 9.998754262924194336e-01 2.069781422615051270e-01 1.377782970666885376e-01 9.579290449619293213e-02 8.378708362579345703e-02 8.846770226955413818e-02 7.849384844303131104e-02 7.165162265300750732e-02 7.151930034160614014e-02 6.534790992736816406e-02 6.260737776756286621e-02 5.798977613449096680e-02 5.484731495380401611e-02 4.906776547431945801e-02 4.370538890361785889e-02 4.192842543125152588e-02 4.260039329528808594e-02 4.359868168830871582e-02 4.440015554428100586e-02 4.465618729591369629e-02 4.367102682590484619e-02 4.243861138820648193e-02 4.195939004421234131e-02 4.226070642471313477e-02 4.489354789257049561e-02 5.006805062294006348e-02 4.876099526882171631e-02 4.956567287445068359e-02 5.394186079502105713e-02 6.227743625640869141e-02 1.444756388664245605e-01 3.348068594932556152e-01 4.783124327659606934e-01 3.974743485450744629e-01 6.802818179130554199e-02 9.084038436412811279e-02 8.646128177642822266e-01 9.250476360321044922e-01 9.366261959075927734e-01 9.677249193191528320e-01 9.749283790588378906e-01 4.235729575157165527e-02 3.407680988311767578e-02
1.080847680568695068e-01 1.361566185951232910e-01 1.682826727628707886e-01 9.997276663780212402e-01 9.999477267265319824e-01 0.000000000000000000e+00 9.999818801879882812e-01 9.999390840530395508e-01 2.386567294597625732e-01 1.509933173656463623e-01 1.046241074800491333e-01 9.857422113418579102e-02 1.031599193811416626e-01 9.144107997417449951e-02 8.312150835990905762e-02 8.266934752464294434e-02 7.714237272739410400e-02 7.421526312828063965e-02 7.141596078872680664e-02 6.427828967571258545e-02 5.592325329780578613e-02 5.200785398483276367e-02 4.924236238002777100e-02 4.792360961437225342e-02 4.740069806575775146e-02 4.697465896606445312e-02 4.541169106960296631e-02 4.461736977100372314e-02 4.411782324314117432e-02 4.523305594921112061e-02 5.205819010734558105e-02 5.672161281108856201e-02 5.174116790294647217e-02 4.951165616512298584e-02 5.553188920021057129e-02 8.303394913673400879e-02 2.830880880355834961e-01 5.063835382461547852e-01 5.077310204505920410e-01 9.833276271820068359e-02 1.034020781517028809e-01 8.938986063003540039e-01 9.362838268280029297e-01 9.472432136535644531e-01 9.675298929214477539e-01 9.698110818862915039e-01 4.169857501983642578e-02 2.901524305343627930e-02 3.228522837162017822e-02
7.952739298343658447e-02 1.097423583269119263e-01 1.367577165365219116e-01 1.908248662948608398e-01 9.998754262924194336e-01 9.999818801879882812e-01 0.000000000000000000e+00 9.999923706054687500e-01 9.999632239341735840e-01 2.721260786056518555e-01 1.751980185508728027e-01 1.172564625740051270e-01 1.117981374263763428e-01 1.240727752447128296e-01 1.032309383153915405e-01 9.514607489109039307e-02 9.660483896732330322e-02 8.783319592475891113e-02 8.801358938217163086e-02 9.032042324542999268e-02 7.802477478981018066e-02 6.581817567348480225e-02 5.933611094951629639e-02 5.461290478706359863e-02 5.210109055042266846e-02 5.016189813613891602e-02 4.851803183555603027e-02 4.785762727260589600e-02 4.873602092266082764e-02 5.139973759651184082e-02 5.871300399303436279e-02 6.469625234603881836e-02 6.012746691703796387e-02 5.703786015510559082e-02 6.849090754985809326e-02 1.115957945585250854e-01 3.046364784240722656e-01 4.438940286636352539e-01 2.595967054367065430e-01 1.193789988756179810e-01 9.045228958129882812e-01 9.391396641731262207e-01 9.452757835388183594e-01 9.674013257026672363e-01 9.638834595680236816e-01 4.246512055397033691e-02 2.749164402484893799e-02 2.863091230392456055e-02 3.430013358592987061e-02
8.158369362354278564e-02 7.874029874801635742e-02 1.014021188020706177e-01 1.384138315916061401e-01 2.069781422615051270e-01 9.999390840530395508e-01 9.999923706054687500e-01 0.000000000000000000e+00 9.999957680702209473e-01 9.999681711196899414e-01 3.217661082744598389e-01 1.993176639080047607e-01 1.311663836240768433e-01 1.153026372194290161e-01 1.173828542232513428e-01 1.030585318803787231e-01 1.047101318836212158e-01 1.111215054988861084e-01 1.051468551158905029e-01 1.060763895511627197e-01 1.035234183073043823e-01 9.123849868774414062e-02 7.586236298084259033e-02 6.465767323970794678e-02 5.829077959060668945e-02 5.515393614768981934e-02 5.436556041240692139e-02 5.535081028938293457e-02 5.775026977062225342e-02 6.224377453327178955e-02 7.831175625324249268e-02 8.402302861213684082e-02 7.680946588516235352e-02 8.221426606178283691e-02 1.026178002357482910e-01 1.587373018264770508e-01 2.560933232307434082e-01 2.405419051647186279e-01 2.711141109466552734e-01 8.627209067344665527e-01 9.271105527877807617e-01 9.295504689216613770e-01 9.544776678085327148e-01 9.551630020141601562e-01 4.479880630970001221e-02 3.080566227436065674e-02 2.753114700317382812e-02 3.106509149074554443e-02 3.502163290977478027e-02
7.375723123550415039e-02 7.868348062038421631e-02 8.396846055984497070e-02 9.634172916412353516e-02 1.377782970666885376e-01 2.386567294597625732e-01 9.999632239341735840e-01 9.999957680702209473e-01 0.000000000000000000e+00 9.999964237213134766e-01 9.999720454216003418e-01 3.522344827651977539e-01 2.043584287166595459e-01 1.323515325784683228e-01 1.127200424671173096e-01 1.102197170257568359e-01 1.093620359897613525e-01 1.256953179836273193e-01 1.374474912881851196e-01 1.373392641544342041e-01 1.365157961845397949e-01 1.291350573301315308e-01 1.070671081542968750e-01 8.440561592578887939e-02 7.028040289878845215e-02 6.494696438312530518e-02 6.580346822738647461e-02 7.077941298484802246e-02 7.971520721912384033e-02 9.760661423206329346e-02 1.135322004556655884e-01 1.113033741712570190e-01 1.206022650003433228e-01 1.507077366113662720e-01 1.626554429531097412e-01 1.803887933492660522e-01 2.498268485069274902e-01 2.706098258495330811e-01 6.350795030593872070e-01 8.530393242835998535e-01 8.816077709197998047e-01 9.155776500701904297e-01 9.174263477325439453e-01 4.974859952926635742e-02 3.793564438819885254e-02 2.940879762172698975e-02 2.996873855590820312e-02 2.882763743400573730e-02 3.460322320461273193e-02
8.016569912433624268e-02 7.777890563011169434e-02 8.466929197311401367e-02 8.498764038085937500e-02 9.579290449619293213e-02 1.509933173656463623e-01 2.721260786056518555e-01 9.999681711196899414e-01 9.999964237213134766e-01 0.000000000000000000e+00 9.999968409538269043e-01 9.999780654907226562e-01 3.468406796455383301e-01 2.002097964286804199e-01 1.293928176164627075e-01 1.129064261913299561e-01 1.154370754957199097e-01 1.258346289396286011e-01 1.469548195600509644e-01 1.632545590400695801e-01 1.639503240585327148e-01 1.679659187793731689e-01 1.490776836872100830e-01 1.166059374809265137e-01 9.216192364692687988e-02 8.140881359577178955e-02 8.434024453163146973e-02 9.316352009773254395e-02 1.092460900545120239e-01 1.296383291482925415e-01 1.410932540893554688e-01 1.549720615148544312e-01 1.957483589649200439e-01 2.140970975160598755e-01 2.201599776744842529e-01 2.564120292663574219e-01 3.568187057971954346e-01 4.705200791358947754e-01 6.820833683013916016e-01 8.108522891998291016e-01 8.522498607635498047e-01 8.336220979690551758e-01 5.805709958076477051e-02 4.548782110214233398e-02 3.559646010398864746e-02 3.167279064655303955e-02 2.715247869491577148e-02 2.849622070789337158e-02 3.130023181438446045e-02
7.601860165596008301e-02 7.125848531723022461e-02 7.574896514415740967e-02 8.776800334453582764e-02 8.378708362579345703e-02 1.046241074800491333e-01 1.751980185508728027e-01 3.217661082744598389e-01 9.999720454216003418e-01 9.999968409538269043e-01 0.000000000000000000e+00 9.999976754188537598e-01 9.999843239784240723e-01 3.402431309223175049e-01 1.986989378929138184e-01 1.309425234794616699e-01 1.187558919191360474e-01 1.272592842578887939e-01 1.413233429193496704e-01 1.695481240749359131e-01 1.938439011573791504e-01 1.960206031799316406e-01 1.786149889230728149e-01 1.464720070362091064e-01 1.240703314542770386e-01 1.100717931985855103e-01 1.136923134326934814e-01 1.276448518037796021e-01 1.354450583457946777e-01 1.580059528350830078e-01 1.662512570619583130e-01 2.246635705232620239e-01 2.891374826431274414e-01 2.857617139816284180e-01 2.667299509048461914e-01 3.450740575790405273e-01 4.017571210861206055e-01 3.924767374992370605e-01 6.028733253479003906e-01 7.039501667022705078e-01 6.972649693489074707e-01 8.751371502876281738e-02 5.887059867382049561e-02 4.231895506381988525e-02 3.803271055221557617e-02 2.909022569656372070e-02 2.674065530300140381e-02 2.603539824485778809e-02 2.969008684158325195e-02
6.657098233699798584e-02 6.788598001003265381e-02 6.607641279697418213e-02 7.428613305091857910e-02 8.846770226955413818e-02 9.857422113418579102e-02 1.172564625740051270e-01 1.993176639080047607e-01 3.522344827651977539e-01 9.999780654907226562e-01 9.999976754188537598e-01 0.000000000000000000e+00 9.999985694885253906e-01 9.999896883964538574e-01 3.395076394081115723e-01 2.008932828903198242e-01 1.351392269134521484e-01 1.262660473585128784e-01 1.448625624179840088e-01 1.590357422828674316e-01 1.935099214315414429e-01 2.179754972457885742e-01 2.091448456048965454e-01 1.916707754135131836e-01 1.673519909381866455e-01 1.578124314546585083e-01 1.773666590452194214e-01 1.827958971261978149e-01 1.849471479654312134e-01 2.034224122762680054e-01 2.562359571456909180e-01 3.564933538436889648e-01 3.754236102104187012e-01 3.390039801597595215e-01 3.045392632484436035e-01 3.129506111145019531e-01 3.076878488063812256e-01 3.043597936630249023e-01 3.432818651199340820e-01 4.723475575447082520e-01 1.414054781198501587e-01 8.377943933010101318e-02 5.832357704639434814e-02 4.398816823959350586e-02 3.421871364116668701e-02 2.837091684341430664e-02 2.649974822998046875e-02 2.572275698184967041e-02 2.728195488452911377e-02
5.859795212745666504e-02 6.000076234340667725e-02 6.363287568092346191e-02 6.692360341548919678e-02 7.849384844303131104e-02 1.031599193811416626e-01 1.117981374263763428e-01 1.311663836240768433e-01 2.043584287166595459e-01 3.468406796455383301e-01 9.999843239784240723e-01 9.999985694885253906e-01 0.000000000000000000e+00 9.999990463256835938e-01 9.999923706054687500e-01 3.447985351085662842e-01 2.023126035928726196e-01 1.403328031301498413e-01 1.339740902185440063e-01 1.542292982339859009e-01 1.715258955955505371e-01 2.059712558984756470e-01 2.255814373493194580e-01 2.204927653074264526e-01 2.075659036636352539e-01 2.392987310886383057e-01 2.785691022872924805e-01 2.583679258823394775e-01 2.470354586839675903e-01 2.935057282447814941e-01 4.209808111190795898e-01 4.318687915802001953e-01 4.121149480342864990e-01 3.405163586139678955e-01 2.727360427379608154e-01 2.221200764179229736e-01 2.209925502538681030e-01 2.199992239475250244e-01 2.489524334669113159e-01 2.145972698926925659e-01 1.247839331626892090e-01 8.475033938884735107e-02 5.448268353939056396e-02 4.008398950099945068e-02 3.235256671905517578e-02 2.749203145503997803e-02 2.626106142997741699e-02 2.393910288810729980e-02 2.506469190120697021e-02
4.989103972911834717e-02 5.219636857509613037e-02 5.599954724311828613e-02 6.430380046367645264e-02 7.165162265300750732e-02 9.144107997417449951e-02 1.240727752447128296e-01 1.153026372194290161e-01 1.323515325784683228e-01 2.002097964286804199e-01 3.402431309223175049e-01 9.999896883964538574e-01 9.999990463256835938e-01 0.000000000000000000e+00 9.999992847442626953e-01 9.999924898147583008e-01 3.436106145381927490e-01 1.996673345565795898e-01 1.456572115421295166e-01 1.389950662851333618e-01 1.576412767171859741e-01 1.819622218608856201e-01 1.970158964395523071e-01 2.186779081821441650e-01 2.383360564708709717e-01 3.042183816432952881e-01 3.404000699520111084e-01 3.322677016258239746e-01 3.417722880840301514e-01 4.728550314903259277e-01 4.556277096271514893e-01 4.219359755516052246e-01 3.620758354663848877e-01 2.997487783432006836e-01 1.680811941623687744e-01 1.742955148220062256e-01 1.687957197427749634e-01 1.442011147737503052e-01 1.422108113765716553e-01 1.283553391695022583e-01 9.664009511470794678e-02 7.464550435543060303e-02 4.694752395153045654e-02 3.840179741382598877e-02 3.070762753486633301e-02 2.641257643699645996e-02 2.498719096183776855e-02 2.285300195217132568e-02 2.382792532444000244e-02
4.154580831527709961e-02 4.511383175849914551e-02 5.003914237022399902e-02 5.836440622806549072e-02 7.151930034160614014e-02 8.312150835990905762e-02 1.032309383153915405e-01 1.173828542232513428e-01 1.127200424671173096e-01 1.293928176164627075e-01 1.986989378929138184e-01 3.395076394081115723e-01 9.999923706054687500e-01 9.999992847442626953e-01 0.000000000000000000e+00 9.999992847442626953e-01 9.999917149543762207e-01 3.350434303283691406e-01 1.893139034509658813e-01 1.467635035514831543e-01 1.387928724288940430e-01 1.497616320848464966e-01 1.607311964035034180e-01 1.896089911460876465e-01 2.454286366701126099e-01 3.043796420097351074e-01 3.661371767520904541e-01 4.694594144821166992e-01 5.478947162628173828e-01 5.174771547317504883e-01 4.613522291183471680e-01 3.787594437599182129e-01 3.089211285114288330e-01 1.401901841163635254e-01 1.320182383060455322e-01 1.325094550848007202e-01 1.126708686351776123e-01 9.546682238578796387e-02 8.280865848064422607e-02 7.712946832180023193e-02 6.968106329441070557e-02 5.547356605529785156e-02 4.236361384391784668e-02 3.581571578979492188e-02 2.847480773925781250e-02 2.480392158031463623e-02 2.423028647899627686e-02 2.261120080947875977e-02 2.461951971054077148e-02
3.641414642333984375e-02 3.874790668487548828e-02 4.460452497005462646e-02 5.395993590354919434e-02 6.534790992736816406e-02 8.266934752464294434e-02 9.514607489109039307e-02 1.030585318803787231e-01 1.102197170257568359e-01 1.129064261913299561e-01 1.309425234794616699e-01 2.008932828903198242e-01 3.447985351085662842e-01 9.999924898147583008e-01 9.999992847442626953e-01 0.000000000000000000e+00 9.999993443489074707e-01 9.999907612800598145e-01 3.208167850971221924e-01 1.776757985353469849e-01 1.425677686929702759e-01 1.331849992275238037e-01 1.413577944040298462e-01 1.558116078376770020e-01 2.382216751575469971e-01 3.447043895721435547e-01 5.127286911010742188e-01 6.016753911972045898e-01 5.930647850036621094e-01 5.796755552291870117e-01 4.880573451519012451e-01 3.783366680145263672e-01 1.470144242048263550e-01 1.246971786022186279e-01 1.109648942947387695e-01 9.053331613540649414e-02 7.324840128421783447e-02 6.055487692356109619e-02 5.518241226673126221e-02 5.514384806156158447e-02 5.299611389636993408e-02 4.588294029235839844e-02 3.749869763851165771e-02 3.177155554294586182e-02 2.678921818733215332e-02 2.415460348129272461e-02 2.423344552516937256e-02 2.345977723598480225e-02 2.633565664291381836e-02
3.346864879131317139e-02 3.440295159816741943e-02 4.015737771987915039e-02 5.027763545513153076e-02 6.260737776756286621e-02 7.714237272739410400e-02 9.660483896732330322e-02 1.047101318836212158e-01 1.093620359897613525e-01 1.154370754957199097e-01 1.187558919191360474e-01 1.351392269134521484e-01 2.023126035928726196e-01 3.436106145381927490e-01 9.999917149543762207e-01 9.999993443489074707e-01 0.000000000000000000e+00 9.999994039535522461e-01 9.999897480010986328e-01 3.299269974231719971e-01 1.682372242212295532e-01 1.328454911708831787e-01 1.385188549757003784e-01 1.544409394264221191e-01 2.064203172922134399e-01 5.003238916397094727e-01 6.251770257949829102e-01 6.469600200653076172e-01 6.556683778762817383e-01 6.134234666824340820e-01 5.001770257949829102e-01 1.841608583927154541e-01 1.492953896522521973e-01 1.068041473627090454e-01 7.802130281925201416e-02 5.772744119167327881e-02 5.047057569026947021e-02 4.361335933208465576e-02 4.208262264728546143e-02 4.307410120964050293e-02 4.379443824291229248e-02 3.894837200641632080e-02 3.300373256206512451e-02 2.868102490901947021e-02 2.546629309654235840e-02 2.410207688808441162e-02 2.480094134807586670e-02 2.458661794662475586e-02 2.819226682186126709e-02
3.189015388488769531e-02 3.192506730556488037e-02 3.638978302478790283e-02 4.510767757892608643e-02 5.798977613449096680e-02 7.421526312828063965e-02 8.783319592475891113e-02 1.111215054988861084e-01 1.256953179836273193e-01 1.258346289396286011e-01 1.272592842578887939e-01 1.262660473585128784e-01 1.403328031301498413e-01 1.996673345565795898e-01 3.350434303283691406e-01 9.999907612800598145e-01 9.999994039535522461e-01 0.000000000000000000e+00 9.999993443489074707e-01 9.999898672103881836e-01 3.632668852806091309e-01 1.726292073726654053e-01 1.451817005872726440e-01 1.726720184087753296e-01 4.487050175666809082e-01 6.170855760574340820e-01 6.691403985023498535e-01 6.905329227447509766e-01 6.432611942291259766e-01 4.580405652523040771e-01 2.530619204044342041e-01 1.838845163583755493e-01 1.366402059793472290e-01 9.303762018680572510e-02 6.157319247722625732e-02 4.842571914196014404e-02 4.090423882007598877e-02 3.732402622699737549e-02 3.626953065395355225e-02 3.778232634067535400e-02 3.906957805156707764e-02 3.487963974475860596e-02 3.056523203849792480e-02 2.735422551631927490e-02 2.488942444324493408e-02 2.430859208106994629e-02 2.537982165813446045e-02 2.584166824817657471e-02 2.900266647338867188e-02
3.177510201930999756e-02 3.139281272888183594e-02 3.398574888706207275e-02 4.089595377445220947e-02 5.484731495380401611e-02 7.141596078872680664e-02 8.801358938217163086e-02 1.051468551158905029e-01 1.374474912881851196e-01 1.469548195600509644e-01 1.413233429193496704e-01 1.448625624179840088e-01 1.339740902185440063e-01 1.456572115421295166e-01 1.893139034509658813e-01 3.208167850971221924e-01 9.999897480010986328e-01 9.999993443489074707e-01 0.000000000000000000e+00 9.999995231628417969e-01 9.999908804893493652e-01 4.208767414093017578e-01 2.235225141048431396e-01 2.449541687965393066e-01 4.348781704902648926e-01 6.172678470611572266e-01 6.492991447448730469e-01 6.017354726791381836e-01 2.686078548431396484e-01 2.239787578582763672e-01 1.899664103984832764e-01 1.711797714233398438e-01 1.389332115650177002e-01 9.060041606426239014e-02 5.610732734203338623e-02 4.345928132534027100e-02 3.688314557075500488e-02 3.361558914184570312e-02 3.370372951030731201e-02 3.544053435325622559e-02 3.581085801124572754e-02 3.269334137439727783e-02 2.942231297492980957e-02 2.687828242778778076e-02 2.481310069561004639e-02 2.480421960353851318e-02 2.602019906044006348e-02 2.661465108394622803e-02 2.922919392585754395e-02
3.243818879127502441e-02 3.172494471073150635e-02 3.260388970375061035e-02 3.670400381088256836e-02 4.906776547431945801e-02 6.427828967571258545e-02 9.032042324542999268e-02 1.060763895511627197e-01 1.373392641544342041e-01 1.632545590400695801e-01 1.695481240749359131e-01 1.590357422828674316e-01 1.542292982339859009e-01 1.389950662851333618e-01 1.467635035514831543e-01 1.776757985353469849e-01 3.299269974231719971e-01 9.999898672103881836e-01 9.999995231628417969e-01 0.000000000000000000e+00 9.999997019767761230e-01 9.999924898147583008e-01 6.485664844512939453e-01 3.959994018077850342e-01 4.059134721755981445e-01 4.515240788459777832e-01 2.948476970195770264e-01 1.412109732627868652e-01 2.030709534883499146e-01 1.862699985504150391e-01 1.665952056646347046e-01 1.650901585817337036e-01 1.417123824357986450e-01 9.973347187042236328e-02 5.742090940475463867e-02 4.266653954982757568e-02 3.486903011798858643e-02 3.193524479866027832e-02 3.234598040580749512e-02 3.347107768058776855e-02 3.367014229297637939e-02 3.115639090538024902e-02 2.849578857421875000e-02 2.672722935676574707e-02 2.490639686584472656e-02 2.525953948497772217e-02 2.662372589111328125e-02 2.710698544979095459e-02 2.916935086250305176e-02
3.317117691040039062e-02 3.240714967250823975e-02 3.233024477958679199e-02 3.503678739070892334e-02 4.370538890361785889e-02 5.592325329780578613e-02 7.802477478981018066e-02 1.035234183073043823e-01 1.365157961845397949e-01 1.639503240585327148e-01 1.938439011573791504e-01 1.935099214315414429e-01 1.715258955955505371e-01 1.576412767171859741e-01 1.387928724288940430e-01 1.425677686929702759e-01 1.682372242212295532e-01 3.632668852806091309e-01 9.999908804893493652e-01 9.999997019767761230e-01 0.000000000000000000e+00 9.999997019767761230e-01 9.999945163726806641e-01 7.453919649124145508e-01 3.773438930511474609e-01 2.848095595836639404e-01 1.235830336809158325e-01 1.259030103683471680e-01 1.353660970926284790e-01 1.530073434114456177e-01 1.673015803098678589e-01 1.545505225658416748e-01 1.366367042064666748e-01 1.039653867483139038e-01 6.601731479167938232e-02 4.592524468898773193e-02 3.637981414794921875e-02 3.272691369056701660e-02 3.227251768112182617e-02 3.247490525245666504e-02 3.188328444957733154e-02 2.955652773380279541e-02 2.768267691135406494e-02 2.628825604915618896e-02 2.488403022289276123e-02 2.537190914154052734e-02 2.688363194465637207e-02 2.727723121643066406e-02 2.905686199665069580e-02
3.364601731300354004e-02 3.299051523208618164e-02 3.289744257926940918e-02 3.534667193889617920e-02 4.192842543125152588e-02 5.200785398483276367e-02 6.581817567348480225e-02 9.123849868774414062e-02 1.291350573301315308e-01 1.679659187793731689e-01 1.960206031799316406e-01 2.179754972457885742e-01 2.059712558984756470e-01 1.819622218608856201e-01 1.497616320848464966e-01 1.331849992275238037e-01 1.328454911708831787e-01 1.726292073726654053e-01 4.208767414093017578e-01 9.999924898147583008e-01 9.999997019767761230e-01 0.000000000000000000e+00 9.999998211860656738e-01 9.999945759773254395e-01 6.058946251869201660e-01 2.143406122922897339e-01 1.545097827911376953e-01 1.259296834468841553e-01 1.306703537702560425e-01 1.302690058946609497e-01 1.398832648992538452e-01 1.444620937108993530e-01 1.293487101793289185e-01 1.072752475738525391e-01 8.054654300212860107e-02 5.565291643142700195e-02 4.287691414356231689e-02 3.643564879894256592e-02 3.369107842445373535e-02 3.203019499778747559e-02 3.053309023380279541e-02 2.816452085971832275e-02 2.701275050640106201e-02 2.572256326675415039e-02 2.465158700942993164e-02 2.533434331417083740e-02 2.695789933204650879e-02 2.739812433719635010e-02 2.901785075664520264e-02
3.354394435882568359e-02 3.357619047164916992e-02 3.373041749000549316e-02 3.685773909091949463e-02 4.260039329528808594e-02 4.924236238002777100e-02 5.933611094951629639e-02 7.586236298084259033e-02 1.070671081542968750e-01 1.490776836872100830e-01 1.786149889230728149e-01 2.091448456048965454e-01 2.255814373493194580e-01 1.970158964395523071e-01 1.607311964035034180e-01 1.413577944040298462e-01 1.385188549757003784e-01 1.451817005872726440e-01 2.235225141048431396e-01 6.485664844512939453e-01 9.999945163726806641e-01 9.999998211860656738e-01 0.000000000000000000e+00 9.999997615814208984e-01 9.999918341636657715e-01 5.453468561172485352e-01 2.325952500104904175e-01 1.435087025165557861e-01 1.218135207891464233e-01 1.263268142938613892e-01 1.142873167991638184e-01 1.214676350355148315e-01 1.252135336399078369e-01 1.071292161941528320e-01 9.157159924507141113e-02 7.257649302482604980e-02 5.486191809177398682e-02 4.365190863609313965e-02 3.713220357894897461e-02 3.293216228485107422e-02 3.013095259666442871e-02 2.783955633640289307e-02 2.656383812427520752e-02 2.514316141605377197e-02 2.432632446289062500e-02 2.518707513809204102e-02 2.691465616226196289e-02 2.752739191055297852e-02 2.914762496948242188e-02
3.398768603801727295e-02 3.381645679473876953e-02 3.490963578224182129e-02 3.910888731479644775e-02 4.359868168830871582e-02 4.792360961437225342e-02 5.461290478706359863e-02 6.465767323970794678e-02 8.440561592578887939e-02 1.166059374809265137e-01 1.464720070362091064e-01 1.916707754135131836e-01 2.204927653074264526e-01 2.186779081821441650e-01 1.896089911460876465e-01 1.558116078376770020e-01 1.544409394264221191e-01 1.726720184087753296e-01 2.449541687965393066e-01 3.959994018077850342e-01 7.453919649124145508e-01 9.999945759773254395e-01 9.999997615814208984e-01 0.000000000000000000e+00 9.999996423721313477e-01 9.999922513961791992e-01 5.859017372131347656e-01 2.434372454881668091e-01 1.322412043809890747e-01 1.121534854173660278e-01 1.146889775991439819e-01 1.057182401418685913e-01 1.085030287504196167e-01 1.054471731185913086e-01 9.450937807559967041e-02 8.358670771121978760e-02 6.916666030883789062e-02 5.400474369525909424e-02 4.318651556968688965e-02 3.587850928306579590e-02 3.103776276111602783e-02 2.842904627323150635e-02 2.657921612262725830e-02 2.476152777671813965e-02 2.390627562999725342e-02 2.481761574745178223e-02 2.679526805877685547e-02 2.761320769786834717e-02 2.937164902687072754e-02
3.467555344104766846e-02 3.415384888648986816e-02 3.612381219863891602e-02 4.114243388175964355e-02 4.440015554428100586e-02 4.740069806575775146e-02 5.210109055042266846e-02 5.829077959060668945e-02 7.028040289878845215e-02 9.216192364692687988e-02 1.240703314542770386e-01 1.673519909381866455e-01 2.075659036636352539e-01 2.383360564708709717e-01 2.454286366701126099e-01 2.382216751575469971e-01 2.064203172922134399e-01 4.487050175666809082e-01 4.348781704902648926e-01 4.059134721755981445e-01 3.773438930511474609e-01 6.058946251869201660e-01 9.999918341636657715e-01 9.999996423721313477e-01 0.000000000000000000e+00 9.999996423721313477e-01 9.999920725822448730e-01 5.467976331710815430e-01 2.274241298437118530e-01 1.273668110370635986e-01 1.080782860517501831e-01 1.112468838691711426e-01 1.039050668478012085e-01 1.030984520912170410e-01 9.860555827617645264e-02 8.889088034629821777e-02 7.860803604125976562e-02 6.739284098148345947e-02 5.306468904018402100e-02 4.207766056060791016e-02 3.470481932163238525e-02 2.999220788478851318e-02 2.721466124057769775e-02 2.483586966991424561e-02 2.361038327217102051e-02 2.443100512027740479e-02 2.663663029670715332e-02 2.765655517578125000e-02 2.964384853839874268e-02
3.549684584140777588e-02 3.469720482826232910e-02 3.684958815574645996e-02 4.205000400543212891e-02 4.465618729591369629e-02 4.697465896606445312e-02 5.016189813613891602e-02 5.515393614768981934e-02 6.494696438312530518e-02 8.140881359577178955e-02 1.100717931985855103e-01 1.578124314546585083e-01 2.392987310886383057e-01 3.042183816432952881e-01 3.043796420097351074e-01 3.447043895721435547e-01 5.003238916397094727e-01 6.170855760574340820e-01 6.172678470611572266e-01 4.515240788459777832e-01 2.848095595836639404e-01 2.143406122922897339e-01 5.453468561172485352e-01 9.999922513961791992e-01 9.999996423721313477e-01 0.000000000000000000e+00 9.999996423721313477e-01 9.999915361404418945e-01 4.699162244796752930e-01 2.095552533864974976e-01 1.238948255777359009e-01 1.096405982971191406e-01 1.146599054336547852e-01 1.071415096521377563e-01 1.043716222047805786e-01 9.750437736511230469e-02 8.640971779823303223e-02 7.589794695377349854e-02 6.480793654918670654e-02 5.084972083568572998e-02 3.993324935436248779e-02 3.316706418991088867e-02 2.869261801242828369e-02 2.550102770328521729e-02 2.381235361099243164e-02 2.425256371498107910e-02 2.648793160915374756e-02 2.769912779331207275e-02 2.988521754741668701e-02
3.636272251605987549e-02 3.522422909736633301e-02 3.720113635063171387e-02 4.142764210700988770e-02 4.367102682590484619e-02 4.541169106960296631e-02 4.851803183555603027e-02 5.436556041240692139e-02 6.580346822738647461e-02 8.434024453163146973e-02 1.136923134326934814e-01 1.773666590452194214e-01 2.785691022872924805e-01 3.404000699520111084e-01 3.661371767520904541e-01 5.127286911010742188e-01 6.251770257949829102e-01 6.691403985023498535e-01 6.492991447448730469e-01 2.948476970195770264e-01 1.235830336809158325e-01 1.545097827911376953e-01 2.325952500104904175e-01 5.859017372131347656e-01 9.999920725822448730e-01 9.999996423721313477e-01 0.000000000000000000e+00 9.999995231628417969e-01 9.999900460243225098e-01 4.250067174434661865e-01 1.985214799642562866e-01 1.233851611614227295e-01 1.115413904190063477e-01 1.166173070669174194e-01 1.066948920488357544e-01 1.029253304004669189e-01 9.544162452220916748e-02 8.366478979587554932e-02 7.256329059600830078e-02 6.154233217239379883e-02 4.886204004287719727e-02 3.760315477848052979e-02 3.171427547931671143e-02 2.709153294563293457e-02 2.463655173778533936e-02 2.459976077079772949e-02 2.650116384029388428e-02 2.769307792186737061e-02 3.002008795738220215e-02
3.717692196369171143e-02 3.583762049674987793e-02 3.754925727844238281e-02 4.030017554759979248e-02 4.243861138820648193e-02 4.461736977100372314e-02 4.785762727260589600e-02 5.535081028938293457e-02 7.077941298484802246e-02 9.316352009773254395e-02 1.276448518037796021e-01 1.827958971261978149e-01 2.583679258823394775e-01 3.322677016258239746e-01 4.694594144821166992e-01 6.016753911972045898e-01 6.469600200653076172e-01 6.905329227447509766e-01 6.017354726791381836e-01 1.412109732627868652e-01 1.259030103683471680e-01 1.259296834468841553e-01 1.435087025165557861e-01 2.434372454881668091e-01 5.467976331710815430e-01 9.999915361404418945e-01 9.999995231628417969e-01 0.000000000000000000e+00 9.999994039535522461e-01 9.999890327453613281e-01 4.133103787899017334e-01 1.918000131845474243e-01 1.227731108665466309e-01 1.104109287261962891e-01 1.133225858211517334e-01 1.040046215057373047e-01 1.013731658458709717e-01 9.504732489585876465e-02 8.309060335159301758e-02 7.045517861843109131e-02 5.806562304496765137e-02 4.530251026153564453e-02 3.613501787185668945e-02 3.031679987907409668e-02 2.632986009120941162e-02 2.561146020889282227e-02 2.701041102409362793e-02 2.787791192531585693e-02 3.006373345851898193e-02
3.784509003162384033e-02 3.720034658908843994e-02 3.766746819019317627e-02 4.011911153793334961e-02 4.195939004421234131e-02 4.411782324314117432e-02 4.873602092266082764e-02 5.775026977062225342e-02 7.971520721912384033e-02 1.092460900545120239e-01 1.354450583457946777e-01 1.849471479654312134e-01 2.470354586839675903e-01 3.417722880840301514e-01 5.478947162628173828e-01 5.930647850036621094e-01 6.556683778762817383e-01 6.432611942291259766e-01 2.686078548431396484e-01 2.030709534883499146e-01 1.353660970926284790e-01 1.306703537702560425e-01 1.218135207891464233e-01 1.322412043809890747e-01 2.274241298437118530e-01 4.699162244796752930e-01 9.999900460243225098e-01 9.999994039535522461e-01 0.000000000000000000e+00 9.999994039535522461e-01 9.999880790710449219e-01 4.094424843788146973e-01 1.891757845878601074e-01 1.224866211414337158e-01 1.095399111509323120e-01 1.121010482311248779e-01 1.042545139789581299e-01 1.018107682466506958e-01 9.625180065631866455e-02 8.288049697875976562e-02 6.746318936347961426e-02 5.337253212928771973e-02 4.361794888973236084e-02 3.530299663543701172e-02 2.998377382755279541e-02 2.798867225646972656e-02 2.824932336807250977e-02 2.818731963634490967e-02 3.009009361267089844e-02
3.867198526859283447e-02 3.816071152687072754e-02 3.869280219078063965e-02 4.091435670852661133e-02 4.226070642471313477e-02 4.523305594921112061e-02 5.139973759651184082e-02 6.224377453327178955e-02 9.760661423206329346e-02 1.296383291482925415e-01 1.580059528350830078e-01 2.034224122762680054e-01 2.935057282447814941e-01 4.728550314903259277e-01 5.174771547317504883e-01 5.796755552291870117e-01 6.134234666824340820e-01 4.580405652523040771e-01 2.239787578582763672e-01 1.862699985504150391e-01 1.530073434114456177e-01 1.302690058946609497e-01 1.263268142938613892e-01 1.121534854173660278e-01 1.273668110370635986e-01 2.095552533864974976e-01 4.250067174434661865e-01 9.999890327453613281e-01 9.999994039535522461e-01 0.000000000000000000e+00 9.999992847442626953e-01 9.999866485595703125e-01 4.084627926349639893e-01 1.903246045112609863e-01 1.239174604415893555e-01 1.111550778150558472e-01 1.157025545835494995e-01 1.066611707210540771e-01 1.032205522060394287e-01 9.511829912662506104e-02 7.990264892578125000e-02 6.220716238021850586e-02 4.998314380645751953e-02 4.256784915924072266e-02 3.536044061183929443e-02 3.174541890621185303e-02 3.011281788349151611e-02 2.895219624042510986e-02 3.015832602977752686e-02
3.975155949592590332e-02 3.904411196708679199e-02 4.084581136703491211e-02 4.376125335693359375e-02 4.489354789257049561e-02 5.205819010734558105e-02 5.871300399303436279e-02 7.831175625324249268e-02 1.135322004556655884e-01 1.410932540893554688e-01 1.662512570619583130e-01 2.562359571456909180e-01 4.209808111190795898e-01 4.556277096271514893e-01 4.613522291183471680e-01 4.880573451519012451e-01 5.001770257949829102e-01 2.530619204044342041e-01 1.899664103984832764e-01 1.665952056646347046e-01 1.673015803098678589e-01 1.398832648992538452e-01 1.142873167991638184e-01 1.146889775991439819e-01 1.080782860517501831e-01 1.238948255777359009e-01 1.985214799642562866e-01 4.133103787899017334e-01 9.999880790710449219e-01 9.999992847442626953e-01 0.000000000000000000e+00 9.999991655349731445e-01 9.999847412109375000e-01 4.191248118877410889e-01 1.966758221387863159e-01 1.281989067792892456e-01 1.143940389156341553e-01 1.195359826087951660e-01 1.077752709388732910e-01 1.028555780649185181e-01 8.938290178775787354e-02 7.188512384891510010e-02 5.620838701725006104e-02 4.875479638576507568e-02 4.253876209259033203e-02 3.668044507503509521e-02 3.337937593460083008e-02 3.029051423072814941e-02 3.037166595458984375e-02
4.091539978981018066e-02 4.029965400695800781e-02 4.319347441196441650e-02 4.658149182796478271e-02 5.006805062294006348e-02 5.672161281108856201e-02 6.469625234603881836e-02 8.402302861213684082e-02 1.113033741712570190e-01 1.549720615148544312e-01 2.246635705232620239e-01 3.564933538436889648e-01 4.318687915802001953e-01 4.219359755516052246e-01 3.787594437599182129e-01 3.783366680145263672e-01 1.841608583927154541e-01 1.838845163583755493e-01 1.711797714233398438e-01 1.650901585817337036e-01 1.545505225658416748e-01 1.444620937108993530e-01 1.214676350355148315e-01 1.057182401418685913e-01 1.112468838691711426e-01 1.096405982971191406e-01 1.233851611614227295e-01 1.918000131845474243e-01 4.094424843788146973e-01 9.999866485595703125e-01 9.999991655349731445e-01 0.000000000000000000e+00 9.999989271163940430e-01 9.999824762344360352e-01 4.304040968418121338e-01 2.040505409240722656e-01 1.322938799858093262e-01 1.166890412569046021e-01 1.212942898273468018e-01 1.052415966987609863e-01 9.765683114528656006e-02 8.004835247993469238e-02 6.452056765556335449e-02 5.494084954261779785e-02 4.828904569149017334e-02 4.257965087890625000e-02 3.727063536643981934e-02 3.246411681175231934e-02 3.115227818489074707e-02
