0.000000000000000000e+00 9.992993474006652832e-01 9.990282058715820312e-01 1.326112449169158936e-01 1.208602339029312134e-01 9.928977489471435547e-02 7.023830711841583252e-02 6.864334642887115479e-02 6.006158888339996338e-02 6.315913796424865723e-02 6.417676806449890137e-02 5.901058018207550049e-02 5.517986416816711426e-02 4.873824119567871094e-02 4.192471504211425781e-02 3.869034349918365479e-02 3.655879199504852295e-02 3.528891503810882568e-02 3.475487232208251953e-02 3.469927608966827393e-02 3.519940376281738281e-02 3.572236001491546631e-02 3.598284721374511719e-02 3.584925830364227295e-02 3.547319769859313965e-02 3.494022786617279053e-02 3.436486423015594482e-02 3.398837149143218994e-02 3.396460413932800293e-02 3.409071266651153564e-02 3.431446850299835205e-02 3.457264602184295654e-02 3.499206900596618652e-02 3.534626960754394531e-02 3.555572032928466797e-02 3.564178943634033203e-02 3.564874827861785889e-02 3.563232719898223877e-02 3.556077182292938232e-02 3.546497225761413574e-02 3.530338406562805176e-02 3.520375490188598633e-02 3.536988794803619385e-02 3.552269935607910156e-02 3.556773066520690918e-02 3.550356626510620117e-02 3.544355928897857666e-02 3.541876375675201416e-02 3.542494773864746094e-02 3.552448749542236328e-02 3.563903272151947021e-02 3.572449088096618652e-02 3.591106832027435303e-02 3.623025119304656982e-02 3.657203912734985352e-02 3.690886497497558594e-02 3.713522851467132568e-02 3.718003630638122559e-02 3.704507648944854736e-02 3.663204610347747803e-02 3.608311712741851807e-02 3.551462292671203613e-02 3.504107892513275146e-02 3.451912105083465576e-02 3.397655487060546875e-02 3.344556689262390137e-02 3.307682275772094727e-02 3.287188708782196045e-02 3.286741673946380615e-02 3.319610655307769775e-02 3.370621800422668457e-02 3.416800498962402344e-02 3.465671837329864502e-02 3.524784743785858154e-02 3.615765273571014404e-02 3.723542392253875732e-02 3.772737085819244385e-02 3.697356581687927246e-02 3.697070479393005371e-02 3.959082067012786865e-02 4.118660092353820801e-02 4.170422255992889404e-02 4.520672559738159180e-02 4.914291203022003174e-02 6.649555265903472900e-02 1.386283189058303833e-01 2.792026102542877197e-01 3.728680014610290527e-01 2.556867599487304688e-01 8.520236611366271973e-02 2.059963941574096680e-01 4.637510776519775391e-01
9.992993474006652832e-01 0.000000000000000000e+00 9.997382164001464844e-01 9.996862411499023438e-01 1.491657197475433350e-01 1.240331381559371948e-01 9.710389375686645508e-02 6.517703831195831299e-02 6.247635185718536377e-02 6.207679212093353271e-02 5.905966460704803467e-02 6.176239252090454102e-02 5.844631791114807129e-02 5.377289652824401855e-02 4.840259253978729248e-02 4.231491684913635254e-02 3.761968016624450684e-02 3.476305305957794189e-02 3.283886611461639404e-02 3.239126503467559814e-02 3.293667733669281006e-02 3.418330848217010498e-02 3.493177890777587891e-02 3.475877642631530762e-02 3.417433798313140869e-02 3.375203907489776611e-02 3.363190591335296631e-02 3.399220108985900879e-02 3.443969786167144775e-02 3.484307229518890381e-02 3.510981798171997070e-02 3.527206182479858398e-02 3.533937036991119385e-02 3.532801568508148193e-02 3.524063527584075928e-02 3.520148992538452148e-02 3.528933227062225342e-02 3.547656536102294922e-02 3.574123978614807129e-02 3.603692352771759033e-02 3.634665906429290771e-02 3.662513196468353271e-02 3.686030209064483643e-02 3.703697025775909424e-02 3.712470829486846924e-02 3.708694875240325928e-02 3.698101639747619629e-02 3.672350943088531494e-02 3.635890781879425049e-02 3.591781854629516602e-02 3.564424812793731689e-02 3.568814694881439209e-02 3.592458367347717285e-02 3.625650703907012939e-02 3.671939671039581299e-02 3.709670901298522949e-02 3.738717734813690186e-02 3.752250969409942627e-02 3.774759173393249512e-02 3.801128268241882324e-02 3.815962374210357666e-02 3.797844052314758301e-02 3.732819855213165283e-02 3.644658625125885010e-02 3.534106910228729248e-02 3.419333696365356445e-02 3.310291469097137451e-02 3.251127898693084717e-02 3.248406946659088135e-02 3.278648853302001953e-02 3.331106901168823242e-02 3.378187119960784912e-02 3.405313193798065186e-02 3.462724387645721436e-02 3.543090820312500000e-02 3.617893159389495850e-02 3.616009652614593506e-02 3.571112453937530518e-02 3.736759722232818604e-02 3.943859040737152100e-02 4.008698463439941406e-02 3.979475796222686768e-02 3.970316052436828613e-02 4.259744286537170410e-02 6.200522184371948242e-02 1.905333548784255981e-01 3.491983413696289062e-01 3.004420399665832520e-01 1.195136010646820068e-01 1.287577003240585327e-01 7.151321768760681152e-01 6.962281465530395508e-01
9.990282058715820312e-01 9.997382164001464844e-01 0.000000000000000000e+00 9.998742341995239258e-01 9.994574785232543945e-01 1.620730012655258179e-01 1.246307045221328735e-01 8.547362685203552246e-02 6.577205657958984375e-02 6.747224926948547363e-02 6.230756640434265137e-02 5.939084291458129883e-02 6.243667006492614746e-02 5.844539403915405273e-02 5.424891412258148193e-02 5.163611471652984619e-02 4.710726439952850342e-02 4.248818755149841309e-02 3.825272619724273682e-02 3.488115966320037842e-02 3.359235823154449463e-02 3.365166485309600830e-02 3.448478877544403076e-02 3.509397804737091064e-02 3.553321957588195801e-02 3.587777912616729736e-02 3.599774837493896484e-02 3.618285059928894043e-02 3.655512630939483643e-02 3.686743974685668945e-02 3.699032962322235107e-02 3.692927956581115723e-02 3.682126104831695557e-02 3.659540414810180664e-02 3.649687767028808594e-02 3.661519289016723633e-02 3.682594001293182373e-02 3.711053729057312012e-02 3.739371895790100098e-02 3.756894171237945557e-02 3.765982389450073242e-02 3.763361275196075439e-02 3.764629364013671875e-02 3.772774338722229004e-02 3.774513304233551025e-02 3.771685063838958740e-02 3.751045465469360352e-02 3.693462908267974854e-02 3.625036776065826416e-02 3.578676283359527588e-02 3.574562072753906250e-02 3.604955971240997314e-02 3.644162416458129883e-02 3.707925975322723389e-02 3.807118535041809082e-02 3.913775086402893066e-02 4.008452594280242920e-02 4.073517024517059326e-02 4.086580872535705566e-02 4.047027230262756348e-02 3.980845212936401367e-02 3.876601159572601318e-02 3.738713264465332031e-02 3.589141368865966797e-02 3.471335768699645996e-02 3.382509946823120117e-02 3.323331475257873535e-02 3.279583156108856201e-02 3.276328742504119873e-02 3.353761136531829834e-02 3.445899486541748047e-02 3.510598838329315186e-02 3.576877713203430176e-02 3.643426299095153809e-02 3.678154945373535156e-02 3.609094023704528809e-02 3.597304224967956543e-02 3.759965300559997559e-02 4.111406207084655762e-02 4.392747581005096436e-02 4.472303390502929688e-02 4.427464306354522705e-02 4.512590169906616211e-02 5.002218484878540039e-02 1.106428354978561401e-01 2.192864418029785156e-01 2.186724096536636353e-01 8.719481527805328369e-02 1.075743436813354492e-01 7.649527788162231445e-01 8.292124867439270020e-01 8.015208244323730469e-01
1.326112449169158936e-01 9.996862411499023438e-01 9.998742341995239258e-01 0.000000000000000000e+00 9.998784065246582031e-01 9.997208714485168457e-01 1.784920692443847656e-01 1.237592548131942749e-01 8.673964440822601318e-02 7.025669515132904053e-02 7.437083125114440918e-02 6.734175980091094971e-02 6.531912088394165039e-02 6.889832019805908203e-02 6.468971073627471924e-02 6.033425033092498779e-02 5.768351256847381592e-02 5.222173035144805908e-02 4.478783905506134033e-02 3.986056149005889893e-02 3.642342984676361084e-02 3.510268032550811768e-02 3.523606061935424805e-02 3.573216497898101807e-02 3.639103472232818604e-02 3.711028397083282471e-02 3.814144432544708252e-02 3.916989266872406006e-02 4.000037908554077148e-02 4.046387970447540283e-02 4.051274061203002930e-02 4.016856849193572998e-02 3.981712460517883301e-02 3.965477645397186279e-02 3.980843722820281982e-02 4.014393687248229980e-02 4.066212475299835205e-02 4.112967848777770996e-02 4.143112897872924805e-02 4.153226315975189209e-02 4.151387512683868408e-02 4.111032187938690186e-02 4.066354036331176758e-02 4.023259878158569336e-02 4.004871845245361328e-02 4.003369808197021484e-02 3.979417681694030762e-02 3.922753036022186279e-02 3.845369815826416016e-02 3.779859840869903564e-02 3.775143623352050781e-02 3.844211995601654053e-02 3.947868943214416504e-02 4.073974490165710449e-02 4.207752645015716553e-02 4.339180886745452881e-02 4.465229809284210205e-02 4.524058103561401367e-02 4.489879310131072998e-02 4.367806017398834229e-02 4.215110838413238525e-02 4.040795564651489258e-02 3.905554115772247314e-02 3.806307911872863770e-02 3.709097206592559814e-02 3.630702197551727295e-02 3.576111793518066406e-02 3.548161685466766357e-02 3.593875467777252197e-02 3.733086585998535156e-02 3.917986154556274414e-02 4.036703705787658691e-02 4.077515006065368652e-02 4.068394005298614502e-02 3.973342478275299072e-02 3.814195096492767334e-02 3.924681246280670166e-02 4.265315830707550049e-02 4.644957184791564941e-02 4.933065176010131836e-02 5.237650871276855469e-02 5.464494228363037109e-02 5.634367465972900391e-02 1.076638400554656982e-01 1.683821231126785278e-01 1.548703461885452271e-01 6.543901562690734863e-02 8.292211592197418213e-02 7.402009963989257812e-01 7.849231958389282227e-01 7.982791662216186523e-01 6.853538751602172852e-01
1.208602339029312134e-01 1.491657197475433350e-01 9.994574785232543945e-01 9.998784065246582031e-01 0.000000000000000000e+00 9.999452829360961914e-01 9.998679161071777344e-01 1.897205263376235962e-01 1.242177635431289673e-01 8.981817960739135742e-02 7.792672514915466309e-02 8.445124328136444092e-02 7.924869656562805176e-02 8.127902448177337646e-02 9.110946953296661377e-02 7.887174189090728760e-02 7.230679690837860107e-02 6.650172173976898193e-02 6.107017397880554199e-02 5.272912979125976562e-02 4.675137996673583984e-02 4.286925494670867920e-02 4.150202870368957520e-02 4.118601977825164795e-02 4.148362576961517334e-02 4.217384755611419678e-02 4.306538403034210205e-02 4.426974058151245117e-02 4.530154168605804443e-02 4.581247270107269287e-02 4.590800404548645020e-02 4.561176896095275879e-02 4.522700607776641846e-02 4.494604468345642090e-02 4.481068253517150879e-02 4.472342133522033691e-02 4.456454515457153320e-02 4.425112903118133545e-02 4.373508691787719727e-02 4.308199882507324219e-02 4.240623116493225098e-02 4.171738028526306152e-02 4.155066609382629395e-02 4.162494838237762451e-02 4.183971881866455078e-02 4.207502305507659912e-02 4.178465902805328369e-02 4.126048088073730469e-02 4.104734957218170166e-02 4.124365746974945068e-02 4.188901185989379883e-02 4.311600327491760254e-02 4.433892667293548584e-02 4.585789144039154053e-02 4.751652479171752930e-02 4.864692687988281250e-02 4.937772452831268311e-02 4.842622578144073486e-02 4.680739343166351318e-02 4.444624483585357666e-02 4.249517619609832764e-02 4.100710153579711914e-02 3.977255523204803467e-02 3.943936526775360107e-02 3.938704729080200195e-02 3.960232436656951904e-02 3.966273367404937744e-02 3.949503600597381592e-02 4.025243222713470459e-02 4.161837697029113770e-02 4.333320260047912598e-02 4.442152380943298340e-02 4.413163661956787109e-02 4.265165328979492188e-02 4.105161130428314209e-02 4.061169922351837158e-02 4.251220822334289551e-02 4.544302821159362793e-02 4.741333425045013428e-02 5.250562727451324463e-02 5.943085253238677979e-02 7.257856428623199463e-02 1.490849703550338745e-01 2.214881181716918945e-01 1.581893116235733032e-01 6.140232086181640625e-02 7.786568999290466309e-02 6.408704519271850586e-01 6.515250205993652344e-01 6.631402969360351562e-01 7.084317207336425781e-01 6.277196407318115234e-01
9.928977489471435547e-02 1.240331381559371948e-01 1.620730012655258179e-01 9.997208714485168457e-01 9.999452829360961914e-01 0.000000000000000000e+00 9.999800920486450195e-01 9.999321699142456055e-01 2.124477177858352661e-01 1.349821388721466064e-01 1.035073250532150269e-01 1.020811945199966431e-01 1.312116086483001709e-01 1.330228596925735474e-01 1.341961324214935303e-01 1.325928866863250732e-01 9.911230206489562988e-02 9.054677188396453857e-02 9.410174190998077393e-02 8.357259631156921387e-02 6.833380460739135742e-02 5.893029272556304932e-02 5.374066531658172607e-02 5.128188431262969971e-02 5.018508434295654297e-02 4.979437589645385742e-02 5.009222030639648438e-02 5.112402141094207764e-02 5.242930352687835693e-02 5.379329621791839600e-02 5.473263561725616455e-02 5.514536798000335693e-02 5.532610416412353516e-02 5.549372732639312744e-02 5.549813807010650635e-02 5.493247509002685547e-02 5.388377606868743896e-02 5.257704854011535645e-02 5.110202729701995850e-02 4.970513284206390381e-02 4.890853166580200195e-02 4.832120239734649658e-02 4.784379899501800537e-02 4.754103720188140869e-02 4.746256768703460693e-02 4.737895727157592773e-02 4.734568297863006592e-02 4.763014614582061768e-02 4.838424921035766602e-02 4.964280128479003906e-02 5.138191580772399902e-02 5.398051440715789795e-02 5.581627786159515381e-02 5.723243951797485352e-02 5.870687961578369141e-02 5.968597531318664551e-02 5.877336859703063965e-02 5.643798410892486572e-02 5.313393473625183105e-02 4.956725239753723145e-02 4.698193073272705078e-02 4.559938609600067139e-02 4.436194896697998047e-02 4.340185225009918213e-02 4.320584237575531006e-02 4.334847629070281982e-02 4.367274045944213867e-02 4.429097473621368408e-02 4.577058553695678711e-02 4.705438017845153809e-02 4.776155948638916016e-02 4.762656986713409424e-02 4.680170118808746338e-02 4.509408771991729736e-02 4.384560883045196533e-02 4.363004863262176514e-02 4.462291300296783447e-02 4.580938816070556641e-02 4.934501647949218750e-02 5.730088055133819580e-02 7.881258428096771240e-02 1.984916627407073975e-01 3.257761597633361816e-01 2.294135242700576782e-01 7.254286110401153564e-02 7.996535301208496094e-02 6.355273723602294922e-01 6.472291946411132812e-01 6.319545507431030273e-01 6.175585985183715820e-01 7.772132158279418945e-01 4.500040411949157715e-02
7.023830711841583252e-02 9.710389375686645508e-02 1.246307045221328735e-01 1.784920692443847656e-01 9.998679161071777344e-01 9.999800920486450195e-01 0.000000000000000000e+00 9.999909400939941406e-01 9.999573230743408203e-01 2.498787790536880493e-01 1.687678843736648560e-01 1.376513242721557617e-01 1.506120264530181885e-01 1.953984498977661133e-01 1.683984547853469849e-01 1.579070091247558594e-01 1.500260680913925171e-01 1.413876861333847046e-01 1.638207435607910156e-01 1.803056746721267700e-01 1.618877798318862915e-01 1.195914298295974731e-01 8.591565489768981934e-02 7.372194528579711914e-02 6.886155903339385986e-02 6.693086028099060059e-02 6.668433547019958496e-02 6.775720417499542236e-02 7.148392498493194580e-02 7.600121200084686279e-02 8.192479610443115234e-02 8.771008253097534180e-02 9.098984301090240479e-02 9.190255403518676758e-02 9.156352281570434570e-02 9.016598761081695557e-02 8.717422187328338623e-02 8.228626847267150879e-02 7.594016194343566895e-02 6.900160014629364014e-02 6.263278424739837646e-02 5.988948047161102295e-02 5.822551250457763672e-02 5.607268214225769043e-02 5.409544706344604492e-02 5.369420349597930908e-02 5.472958087921142578e-02 5.620273947715759277e-02 5.792345106601715088e-02 6.025168299674987793e-02 6.309451162815093994e-02 6.532031297683715820e-02 6.727860867977142334e-02 6.787860393524169922e-02 6.693850457668304443e-02 6.458564102649688721e-02 6.153842806816101074e-02 5.844403803348541260e-02 5.550244450569152832e-02 5.256311595439910889e-02 5.109579861164093018e-02 5.000910162925720215e-02 4.939901828765869141e-02 4.868914186954498291e-02 4.754023253917694092e-02 4.723347723484039307e-02 4.817463457584381104e-02 4.960452020168304443e-02 5.139712989330291748e-02 5.175498127937316895e-02 5.115158855915069580e-02 5.031090974807739258e-02 4.887311160564422607e-02 4.749707877635955811e-02 4.602041840553283691e-02 4.497595131397247314e-02 4.463356733322143555e-02 4.587730765342712402e-02 5.348788201808929443e-02 7.474143803119659424e-02 1.553105711936950684e-01 2.957040071487426758e-01 3.080070018768310547e-01 1.088935881853103638e-01 9.592190384864807129e-02 6.146779060363769531e-01 6.385184526443481445e-01 6.433847546577453613e-01 5.155233740806579590e-01 7.313413619995117188e-01 4.382136464118957520e-02 3.649745881557464600e-02
6.864334642887115479e-02 6.517703831195831299e-02 8.547362685203552246e-02 1.237592548131942749e-01 1.897205263376235962e-01 9.999321699142456055e-01 9.999909400939941406e-01 0.000000000000000000e+00 9.999946355819702148e-01 9.999574422836303711e-01 3.167499899864196777e-01 2.035817056894302368e-01 1.798889935016632080e-01 1.671494543552398682e-01 1.873572915792465210e-01 1.617818027734756470e-01 1.788760274648666382e-01 2.116119563579559326e-01 2.585141062736511230e-01 3.287716209888458252e-01 3.435574173927307129e-01 3.080879449844360352e-01 2.332119792699813843e-01 1.768280118703842163e-01 1.406441330909729004e-01 1.204038709402084351e-01 1.093484312295913696e-01 1.040683388710021973e-01 1.045223474502563477e-01 1.103120297193527222e-01 1.160885691642761230e-01 1.190873980522155762e-01 1.188579946756362915e-01 1.153690069913864136e-01 1.110805273056030273e-01 1.052541136741638184e-01 9.829647839069366455e-02 8.971816301345825195e-02 8.105599880218505859e-02 7.399372756481170654e-02 6.881472468376159668e-02 6.531712412834167480e-02 6.298215687274932861e-02 6.122843921184539795e-02 6.062099337577819824e-02 6.044812500476837158e-02 6.048542261123657227e-02 6.206807494163513184e-02 6.362694501876831055e-02 6.488144397735595703e-02 6.604216992855072021e-02 6.660020351409912109e-02 6.693100929260253906e-02 6.711952388286590576e-02 6.551238894462585449e-02 6.377023458480834961e-02 6.207779049873352051e-02 6.038287281990051270e-02 5.887551605701446533e-02 5.911545455455780029e-02 5.916173756122589111e-02 5.797584354877471924e-02 5.507788062095642090e-02 5.228292942047119141e-02 5.156733095645904541e-02 5.302384495735168457e-02 5.416916310787200928e-02 5.426432192325592041e-02 5.479635298252105713e-02 5.456459522247314453e-02 5.368226766586303711e-02 5.381239950656890869e-02 5.258426070213317871e-02 4.971025884151458740e-02 4.641394317150115967e-02 4.420287907123565674e-02 4.438395798206329346e-02 5.081818997859954834e-02 6.447102129459381104e-02 1.155592501163482666e-01 1.973484307527542114e-01 2.685744762420654297e-01 1.710600703954696655e-01 1.403431892395019531e-01 5.886545181274414062e-01 5.561864376068115234e-01 5.808385014533996582e-01 5.182232260704040527e-01 5.779069662094116211e-01 4.504062235355377197e-02 3.406023979187011719e-02 3.465773165225982666e-02
6.006158888339996338e-02 6.247635185718536377e-02 6.577205657958984375e-02 8.673964440822601318e-02 1.242177635431289673e-01 2.124477177858352661e-01 9.999573230743408203e-01 9.999946355819702148e-01 0.000000000000000000e+00 9.999943971633911133e-01 9.999538660049438477e-01 3.673334717750549316e-01 2.177955508232116699e-01 1.778015047311782837e-01 1.512715369462966919e-01 1.635584086179733276e-01 1.728848069906234741e-01 2.331553399562835693e-01 2.901312112808227539e-01 3.551800847053527832e-01 4.084355235099792480e-01 4.006654322147369385e-01 3.527410030364990234e-01 2.885211408138275146e-01 2.268547862768173218e-01 1.777906566858291626e-01 1.425405144691467285e-01 1.256806105375289917e-01 1.202697455883026123e-01 1.189540773630142212e-01 1.194440275430679321e-01 1.170704513788223267e-01 1.112129539251327515e-01 1.031057387590408325e-01 9.643821418285369873e-02 9.197382628917694092e-02 8.761465549468994141e-02 8.306945860385894775e-02 7.782101631164550781e-02 7.330477237701416016e-02 7.064273953437805176e-02 6.844718754291534424e-02 6.591901183128356934e-02 6.407919526100158691e-02 6.370003521442413330e-02 6.517684459686279297e-02 6.717009842395782471e-02 6.812137365341186523e-02 6.799215078353881836e-02 6.702585518360137939e-02 6.633190810680389404e-02 6.512406468391418457e-02 6.402046978473663330e-02 6.326471269130706787e-02 6.187544763088226318e-02 5.940990149974822998e-02 5.743761360645294189e-02 5.697768926620483398e-02 5.605620145797729492e-02 5.536720156669616699e-02 5.400101840496063232e-02 5.243857204914093018e-02 5.201095342636108398e-02 5.261106789112091064e-02 5.325953662395477295e-02 5.460581183433532715e-02 5.537694692611694336e-02 5.553728342056274414e-02 5.495494604110717773e-02 5.611042678356170654e-02 5.718763172626495361e-02 5.650626122951507568e-02 5.425216257572174072e-02 5.059081315994262695e-02 4.695723950862884521e-02 4.595567286014556885e-02 5.095566809177398682e-02 6.233493983745574951e-02 9.373258054256439209e-02 1.523839533329010010e-01 2.201002240180969238e-01 2.321869134902954102e-01 2.159932553768157959e-01 5.380868911743164062e-01 5.327005386352539062e-01 5.096515417098999023e-01 4.639075696468353271e-01 5.239827036857604980e-01 5.195899307727813721e-02 3.391928970813751221e-02 3.171938657760620117e-02 3.507317602634429932e-02
6.315913796424865723e-02 6.207679212093353271e-02 6.747224926948547363e-02 7.025669515132904053e-02 8.981817960739135742e-02 1.349821388721466064e-01 2.498787790536880493e-01 9.999574422836303711e-01 9.999943971633911133e-01 0.000000000000000000e+00 9.999934434890747070e-01 9.999499320983886719e-01 3.677266836166381836e-01 2.138532102108001709e-01 1.710069924592971802e-01 1.531172692775726318e-01 1.675119847059249878e-01 2.079948186874389648e-01 2.654452025890350342e-01 3.231019377708435059e-01 3.529913127422332764e-01 3.868908584117889404e-01 3.840090632438659668e-01 3.425539433956146240e-01 2.723472118377685547e-01 2.087772190570831299e-01 1.625368744134902954e-01 1.324158012866973877e-01 1.163681000471115112e-01 1.055328100919723511e-01 9.791821241378784180e-02 9.187643229961395264e-02 8.538979291915893555e-02 8.037982881069183350e-02 7.633998990058898926e-02 7.385033369064331055e-02 7.161796092987060547e-02 6.888352334499359131e-02 6.603723764419555664e-02 6.332379579544067383e-02 6.115999817848205566e-02 5.958260595798492432e-02 5.924193561077117920e-02 6.028290092945098877e-02 6.163838505744934082e-02 6.337623298168182373e-02 6.631249189376831055e-02 6.916195154190063477e-02 6.979578733444213867e-02 6.648480892181396484e-02 6.192596256732940674e-02 5.890847742557525635e-02 5.709704756736755371e-02 5.592769384384155273e-02 5.452466011047363281e-02 5.274714529514312744e-02 5.117161571979522705e-02 4.989750683307647705e-02 4.909627139568328857e-02 4.883176088333129883e-02 4.875805974006652832e-02 4.841470718383789062e-02 4.847121238708496094e-02 4.899296164512634277e-02 4.970037937164306641e-02 5.020980536937713623e-02 5.043084919452667236e-02 5.096742510795593262e-02 5.320632457733154297e-02 5.506499111652374268e-02 5.604644119739532471e-02 5.571267008781433105e-02 5.468113720417022705e-02 5.124494433403015137e-02 4.938761889934539795e-02 5.336892604827880859e-02 6.339946389198303223e-02 8.504994213581085205e-02 1.378833353519439697e-01 2.150633037090301514e-01 2.381852716207504272e-01 3.125688433647155762e-01 4.523289203643798828e-01 4.931064248085021973e-01 4.687070548534393311e-01 4.054872691631317139e-01 4.569513201713562012e-01 6.470006704330444336e-02 3.722146153450012207e-02 3.159675002098083496e-02 3.141193091869354248e-02 3.337916731834411621e-02
6.417676806449890137e-02 5.905966460704803467e-02 6.230756640434265137e-02 7.437083125114440918e-02 7.792672514915466309e-02 1.035073250532150269e-01 1.687678843736648560e-01 3.167499899864196777e-01 9.999538660049438477e-01 9.999934434890747070e-01 0.000000000000000000e+00 9.999930858612060547e-01 9.999475479125976562e-01 3.635137975215911865e-01 2.104475647211074829e-01 1.732258796691894531e-01 1.618963629007339478e-01 1.730260699987411499e-01 2.223605662584304810e-01 2.848325967788696289e-01 3.387144207954406738e-01 3.501872420310974121e-01 3.774724006652832031e-01 3.558788001537322998e-01 2.914119362831115723e-01 2.143085151910781860e-01 1.547981202602386475e-01 1.135550290346145630e-01 8.917415142059326172e-02 7.699444890022277832e-02 6.926783919334411621e-02 6.424243748188018799e-02 6.122791767120361328e-02 5.893878638744354248e-02 5.704143643379211426e-02 5.558623373508453369e-02 5.485433340072631836e-02 5.443404614925384521e-02 5.375444889068603516e-02 5.288702249526977539e-02 5.204302072525024414e-02 5.104263126850128174e-02 5.075705051422119141e-02 5.112369358539581299e-02 5.233180522918701172e-02 5.417768657207489014e-02 5.633777379989624023e-02 5.752253532409667969e-02 5.658747255802154541e-02 5.437403917312622070e-02 5.209872126579284668e-02 5.063337087631225586e-02 4.913462698459625244e-02 4.751047492027282715e-02 4.601113498210906982e-02 4.463261365890502930e-02 4.312291741371154785e-02 4.196345806121826172e-02 4.148082435131072998e-02 4.132360219955444336e-02 4.132477939128875732e-02 4.115690290927886963e-02 4.109372198581695557e-02 4.168349504470825195e-02 4.211075603961944580e-02 4.257440567016601562e-02 4.370957612991333008e-02 4.671244323253631592e-02 5.009412765502929688e-02 5.276574194431304932e-02 5.463396012783050537e-02 5.655525624752044678e-02 5.562923848628997803e-02 5.341255664825439453e-02 5.621626973152160645e-02 6.600069999694824219e-02 8.347031474113464355e-02 1.267922669649124146e-01 2.094718217849731445e-01 2.646708786487579346e-01 3.168902993202209473e-01 3.566188216209411621e-01 3.829233050346374512e-01 4.014891386032104492e-01 3.568059802055358887e-01 3.692238330841064453e-01 7.575264573097229004e-02 4.384982585906982422e-02 3.468804061412811279e-02 3.163096308708190918e-02 2.995915710926055908e-02 3.159482777118682861e-02
5.901058018207550049e-02 6.176239252090454102e-02 5.939084291458129883e-02 6.734175980091094971e-02 8.445124328136444092e-02 1.020811945199966431e-01 1.376513242721557617e-01 2.035817056894302368e-01 3.673334717750549316e-01 9.999499320983886719e-01 9.999930858612060547e-01 0.000000000000000000e+00 9.999936819076538086e-01 9.999519586563110352e-01 3.767043948173522949e-01 2.125930488109588623e-01 1.785343140363693237e-01 1.691182404756546021e-01 1.836197525262832642e-01 2.366795539855957031e-01 3.073556423187255859e-01 3.405231833457946777e-01 3.436703979969024658e-01 3.412187695503234863e-01 2.988346219062805176e-01 2.258291691541671753e-01 1.506538689136505127e-01 1.058708727359771729e-01 7.822528481483459473e-02 6.257610023021697998e-02 5.589149892330169678e-02 5.168549716472625732e-02 4.839438199996948242e-02 4.626955091953277588e-02 4.478439688682556152e-02 4.383009672164916992e-02 4.332037270069122314e-02 4.299505054950714111e-02 4.263262450695037842e-02 4.234459996223449707e-02 4.143154621124267578e-02 4.032540321350097656e-02 3.952933847904205322e-02 3.947851061820983887e-02 4.059679806232452393e-02 4.256434738636016846e-02 4.491233825683593750e-02 4.713188111782073975e-02 4.804795980453491211e-02 4.726552963256835938e-02 4.659247398376464844e-02 4.582946002483367920e-02 4.476450383663177490e-02 4.287330806255340576e-02 4.059052467346191406e-02 3.815765678882598877e-02 3.599701821804046631e-02 3.469370305538177490e-02 3.426061570644378662e-02 3.410294651985168457e-02 3.393085300922393799e-02 3.373688459396362305e-02 3.375241160392761230e-02 3.442524373531341553e-02 3.535695374011993408e-02 3.742478787899017334e-02 4.043236374855041504e-02 4.399782419204711914e-02 4.745008051395416260e-02 5.135239660739898682e-02 5.560334026813507080e-02 5.890628695487976074e-02 5.936607718467712402e-02 5.965881049633026123e-02 6.590513885021209717e-02 7.922331988811492920e-02 1.198305487632751465e-01 2.102954536676406860e-01 3.027794361114501953e-01 3.289946317672729492e-01 3.323217928409576416e-01 2.917245924472808838e-01 2.991257309913635254e-01 2.798433899879455566e-01 2.885330915451049805e-01 8.872427046298980713e-02 5.222874879837036133e-02 4.092374444007873535e-02 3.490635752677917480e-02 2.968823909759521484e-02 2.881611883640289307e-02 2.953454852104187012e-02
5.517986416816711426e-02 5.844631791114807129e-02 6.243667006492614746e-02 6.531912088394165039e-02 7.924869656562805176e-02 1.312116086483001709e-01 1.506120264530181885e-01 1.798889935016632080e-01 2.177955508232116699e-01 3.677266836166381836e-01 9.999475479125976562e-01 9.999936819076538086e-01 0.000000000000000000e+00 9.999946951866149902e-01 9.999564886093139648e-01 4.068495035171508789e-01 2.202162593603134155e-01 1.849031448364257812e-01 1.819060444831848145e-01 2.013821452856063843e-01 2.461099326610565186e-01 2.932641804218292236e-01 3.105387389659881592e-01 2.919005155563354492e-01 2.730452716350555420e-01 2.244059145450592041e-01 1.539759337902069092e-01 9.982372820377349854e-02 6.940716505050659180e-02 5.614449083805084229e-02 4.868853092193603516e-02 4.399935901165008545e-02 4.066397249698638916e-02 3.876736760139465332e-02 3.732265532016754150e-02 3.640981018543243408e-02 3.579682111740112305e-02 3.543183207511901855e-02 3.486107289791107178e-02 3.428012132644653320e-02 3.366363048553466797e-02 3.311744332313537598e-02 3.290373086929321289e-02 3.307668864727020264e-02 3.384456038475036621e-02 3.537306189537048340e-02 3.795608878135681152e-02 4.092250764369964600e-02 4.254999756813049316e-02 4.277826845645904541e-02 4.286193847656250000e-02 4.254402220249176025e-02 4.114948213100433350e-02 3.907728195190429688e-02 3.655807673931121826e-02 3.409861028194427490e-02 3.204913437366485596e-02 3.095623850822448730e-02 3.028663992881774902e-02 2.991136908531188965e-02 2.979207038879394531e-02 2.999570965766906738e-02 3.049704432487487793e-02 3.123323619365692139e-02 3.270511329174041748e-02 3.589937090873718262e-02 3.910663723945617676e-02 4.263155162334442139e-02 4.697762429714202881e-02 5.281299352645874023e-02 6.006185710430145264e-02 6.424124538898468018e-02 6.898352503776550293e-02 7.148167490959167480e-02 7.670906186103820801e-02 9.904138743877410889e-02 1.788893640041351318e-01 2.929576635360717773e-01 3.178614974021911621e-01 3.107767105102539062e-01 2.358797341585159302e-01 2.096657305955886841e-01 1.902310103178024292e-01 2.030069679021835327e-01 1.018517166376113892e-01 6.259179115295410156e-02 4.427488148212432861e-02 3.795191645622253418e-02 3.132906556129455566e-02 2.880752086639404297e-02 2.712428569793701172e-02 2.828505635261535645e-02
4.873824119567871094e-02 5.377289652824401855e-02 5.844539403915405273e-02 6.889832019805908203e-02 8.127902448177337646e-02 1.330228596925735474e-01 1.953984498977661133e-01 1.671494543552398682e-01 1.778015047311782837e-01 2.138532102108001709e-01 3.635137975215911865e-01 9.999519586563110352e-01 9.999946951866149902e-01 0.000000000000000000e+00 9.999952912330627441e-01 9.999583959579467773e-01 4.482474923133850098e-01 2.329517304897308350e-01 1.959577649831771851e-01 1.957076936960220337e-01 2.064044028520584106e-01 2.164616584777832031e-01 2.415563315153121948e-01 2.485731095075607300e-01 2.246787697076797485e-01 1.921698004007339478e-01 1.405575424432754517e-01 9.421078860759735107e-02 6.485693156719207764e-02 5.130429565906524658e-02 4.284851253032684326e-02 3.790748119354248047e-02 3.494119644165039062e-02 3.310039639472961426e-02 3.194887936115264893e-02 3.120355308055877686e-02 3.087776899337768555e-02 3.070716559886932373e-02 3.055465221405029297e-02 3.034403920173645020e-02 3.005361557006835938e-02 2.979728579521179199e-02 2.981841564178466797e-02 2.985402941703796387e-02 3.088533878326416016e-02 3.294359147548675537e-02 3.591042757034301758e-02 3.910067677497863770e-02 4.091440141201019287e-02 4.192410409450531006e-02 4.202914237976074219e-02 4.090113937854766846e-02 3.942149877548217773e-02 3.721398115158081055e-02 3.461059927940368652e-02 3.251892328262329102e-02 3.094552457332611084e-02 2.994529902935028076e-02 2.915067970752716064e-02 2.876538038253784180e-02 2.868422865867614746e-02 2.888104319572448730e-02 2.930988371372222900e-02 3.027324378490447998e-02 3.233353793621063232e-02 3.550426661968231201e-02 3.834840655326843262e-02 4.213781654834747314e-02 4.808162152767181396e-02 5.698919296264648438e-02 6.425355374813079834e-02 7.821002602577209473e-02 9.494711458683013916e-02 8.659353852272033691e-02 8.497795462608337402e-02 1.085313558578491211e-01 2.614960670471191406e-01 2.975913882255554199e-01 2.723890244960784912e-01 2.031675875186920166e-01 1.629077047109603882e-01 1.266737431287765503e-01 1.288888007402420044e-01 8.947014808654785156e-02 6.590971350669860840e-02 4.697594046592712402e-02 3.920082747936248779e-02 3.371818363666534424e-02 2.976226806640625000e-02 2.763527631759643555e-02 2.567681670188903809e-02 2.598446607589721680e-02
4.192471504211425781e-02 4.840259253978729248e-02 5.424891412258148193e-02 6.468971073627471924e-02 9.110946953296661377e-02 1.341961324214935303e-01 1.683984547853469849e-01 1.873572915792465210e-01 1.512715369462966919e-01 1.710069924592971802e-01 2.104475647211074829e-01 3.767043948173522949e-01 9.999564886093139648e-01 9.999952912330627441e-01 0.000000000000000000e+00 9.999953508377075195e-01 9.999585151672363281e-01 4.814126491546630859e-01 2.436501681804656982e-01 2.015723288059234619e-01 1.829914748668670654e-01 1.847019940614700317e-01 1.771067380905151367e-01 1.888464838266372681e-01 1.860237270593643188e-01 1.583637446165084839e-01 1.244506984949111938e-01 9.003205597400665283e-02 6.479696929454803467e-02 4.971325397491455078e-02 4.025052487850189209e-02 3.461684286594390869e-02 3.177659213542938232e-02 3.032134473323822021e-02 2.959091961383819580e-02 2.921985089778900146e-02 2.893675863742828369e-02 2.869544923305511475e-02 2.851635217666625977e-02 2.834986150264739990e-02 2.820922434329986572e-02 2.842119336128234863e-02 2.877190709114074707e-02 2.920682728290557861e-02 3.043542802333831787e-02 3.270174562931060791e-02 3.563970327377319336e-02 3.894145786762237549e-02 4.135628044605255127e-02 4.315605759620666504e-02 4.390978813171386719e-02 4.380437731742858887e-02 4.212577641010284424e-02 3.856538236141204834e-02 3.535710275173187256e-02 3.288866579532623291e-02 3.130739927291870117e-02 3.021994233131408691e-02 2.926576137542724609e-02 2.867558598518371582e-02 2.852088212966918945e-02 2.851334214210510254e-02 2.895973622798919678e-02 3.012593090534210205e-02 3.250095248222351074e-02 3.506977856159210205e-02 3.835497796535491943e-02 4.312613606452941895e-02 5.177071690559387207e-02 6.168422102928161621e-02 8.193774521350860596e-02 1.173811703920364380e-01 1.005820333957672119e-01 7.308910787105560303e-02 8.455687761306762695e-02 2.856442928314208984e-01 2.756308317184448242e-01 2.648409605026245117e-01 2.015345245599746704e-01 1.444257795810699463e-01 1.060120016336441040e-01 8.393833041191101074e-02 7.221502065658569336e-02 6.100918352603912354e-02 5.062146484851837158e-02 4.052866995334625244e-02 3.489910066127777100e-02 3.054653108119964600e-02 2.765598893165588379e-02 2.624496817588806152e-02 2.397356927394866943e-02 2.475820481777191162e-02
3.869034349918365479e-02 4.231491684913635254e-02 5.163611471652984619e-02 6.033425033092498779e-02 7.887174189090728760e-02 1.325928866863250732e-01 1.579070091247558594e-01 1.617818027734756470e-01 1.635584086179733276e-01 1.531172692775726318e-01 1.732258796691894531e-01 2.125930488109588623e-01 4.068495035171508789e-01 9.999583959579467773e-01 9.999953508377075195e-01 0.000000000000000000e+00 9.999951124191284180e-01 9.999558925628662109e-01 4.967913627624511719e-01 2.435248792171478271e-01 1.899648457765579224e-01 1.640859693288803101e-01 1.708047837018966675e-01 1.470892429351806641e-01 1.572331637144088745e-01 1.400715261697769165e-01 1.145177632570266724e-01 8.829888701438903809e-02 6.936641037464141846e-02 5.231112241744995117e-02 4.122616350650787354e-02 3.442694246768951416e-02 3.133404254913330078e-02 2.989977598190307617e-02 2.919830381870269775e-02 2.891947329044342041e-02 2.885060012340545654e-02 2.883906662464141846e-02 2.874262630939483643e-02 2.864247560501098633e-02 2.851483225822448730e-02 2.862641215324401855e-02 2.883286774158477783e-02 2.945265173912048340e-02 3.103803098201751709e-02 3.319759666919708252e-02 3.605654835700988770e-02 4.030303657054901123e-02 4.384575784206390381e-02 4.754227399826049805e-02 5.118884146213531494e-02 5.261948704719543457e-02 4.661838710308074951e-02 4.098640382289886475e-02 3.731258213520050049e-02 3.470654785633087158e-02 3.287990391254425049e-02 3.155751526355743408e-02 3.025393187999725342e-02 2.932123839855194092e-02 2.881000936031341553e-02 2.872999012470245361e-02 2.921803295612335205e-02 3.040586411952972412e-02 3.258213400840759277e-02 3.548252582550048828e-02 3.913503885269165039e-02 4.572476446628570557e-02 5.340211093425750732e-02 7.111530005931854248e-02 1.149838417768478394e-01 9.807686507701873779e-02 6.407198309898376465e-02 7.312877476215362549e-02 2.917324006557464600e-01 2.384769618511199951e-01 2.066917419433593750e-01 1.834264844655990601e-01 1.506449133157730103e-01 9.461335837841033936e-02 7.574450969696044922e-02 6.562091410160064697e-02 5.518446862697601318e-02 4.933701455593109131e-02 4.120357334613800049e-02 3.520156443119049072e-02 3.175385296344757080e-02 2.769351005554199219e-02 2.568198740482330322e-02 2.485018968582153320e-02 2.338339388370513916e-02 2.509927749633789062e-02
3.655879199504852295e-02 3.761968016624450684e-02 4.710726439952850342e-02 5.768351256847381592e-02 7.230679690837860107e-02 9.911230206489562988e-02 1.500260680913925171e-01 1.788760274648666382e-01 1.728848069906234741e-01 1.675119847059249878e-01 1.618963629007339478e-01 1.785343140363693237e-01 2.202162593603134155e-01 4.482474923133850098e-01 9.999585151672363281e-01 9.999951124191284180e-01 0.000000000000000000e+00 9.999942779541015625e-01 9.999501109123229980e-01 4.946309924125671387e-01 2.433833628892898560e-01 1.807384639978408813e-01 1.531747430562973022e-01 1.545729637145996094e-01 1.288232356309890747e-01 1.332531124353408813e-01 1.129419207572937012e-01 9.149914979934692383e-02 7.571698725223541260e-02 6.174735724925994873e-02 4.580324888229370117e-02 3.785954415798187256e-02 3.320056200027465820e-02 3.078968822956085205e-02 2.983398735523223877e-02 2.973325550556182861e-02 3.008829057216644287e-02 3.025534749031066895e-02 3.009274601936340332e-02 2.974790334701538086e-02 2.959609031677246094e-02 2.970997989177703857e-02 2.972806990146636963e-02 3.039614856243133545e-02 3.164529800415039062e-02 3.369395434856414795e-02 3.842791914939880371e-02 4.498246312141418457e-02 5.082829296588897705e-02 5.739703774452209473e-02 6.583316624164581299e-02 6.268091499805450439e-02 4.792101681232452393e-02 4.170192778110504150e-02 3.920729458332061768e-02 3.676936030387878418e-02 3.484840691089630127e-02 3.307722508907318115e-02 3.155562281608581543e-02 3.026853501796722412e-02 2.950198948383331299e-02 2.931243181228637695e-02 2.967235445976257324e-02 3.087116777896881104e-02 3.301693499088287354e-02 3.608982264995574951e-02 3.974343836307525635e-02 4.540736973285675049e-02 5.838030576705932617e-02 9.248697757720947266e-02 8.237481117248535156e-02 5.839538574218750000e-02 6.635592877864837646e-02 2.388997822999954224e-01 1.944978833198547363e-01 1.720379143953323364e-01 1.685910671949386597e-01 1.720716357231140137e-01 8.301140367984771729e-02 6.411391496658325195e-02 6.016010046005249023e-02 5.120243132114410400e-02 4.542836546897888184e-02 3.988900780677795410e-02 3.465569019317626953e-02 3.168004751205444336e-02 2.860347926616668701e-02 2.553734183311462402e-02 2.436776459217071533e-02 2.456031739711761475e-02 2.371959388256072998e-02 2.616375684738159180e-02
