0.000000000000000000e+00 9.993015527725219727e-01 9.990242719650268555e-01 1.339897662401199341e-01 1.221662610769271851e-01 1.011032611131668091e-01 7.051473855972290039e-02 6.823499500751495361e-02 5.929526686668395996e-02 6.189782917499542236e-02 6.307104229927062988e-02 5.844461917877197266e-02 5.470140278339385986e-02 4.840835928916931152e-02 4.276476800441741943e-02 3.943185508251190186e-02 3.701213002204895020e-02 3.529629111289978027e-02 3.453107178211212158e-02 3.432534635066986084e-02 3.485891222953796387e-02 3.566057980060577393e-02 3.613217175006866455e-02 3.619480133056640625e-02 3.591932356357574463e-02 3.539830446243286133e-02 3.477387130260467529e-02 3.431610763072967529e-02 3.418412804603576660e-02 3.425429761409759521e-02 3.447008132934570312e-02 3.486625850200653076e-02 3.531821072101593018e-02 3.583616018295288086e-02 3.661055862903594971e-02 3.756947815418243408e-02 3.849141299724578857e-02 3.918564319610595703e-02 3.949625790119171143e-02 3.921172022819519043e-02 3.828671574592590332e-02 3.690719604492187500e-02 3.523713350296020508e-02 3.409390151500701904e-02 3.330086171627044678e-02 3.367115557193756104e-02 3.454926609992980957e-02 3.573176264762878418e-02 3.671677410602569580e-02 3.722636401653289795e-02 3.703799843788146973e-02 3.615280985832214355e-02 3.563453257083892822e-02 3.565813601016998291e-02 3.602087497711181641e-02 3.697660565376281738e-02 3.759434819221496582e-02 3.708298504352569580e-02 3.651846945285797119e-02 3.744460642337799072e-02 3.774322569370269775e-02 3.945462405681610107e-02 4.019075632095336914e-02 4.125387966632843018e-02 5.947376787662506104e-02 1.631229966878890991e-01 3.185901045799255371e-01 2.324566543102264404e-01 7.548238337039947510e-02 9.427061676979064941e-02 7.733719348907470703e-01 8.518399596214294434e-01 7.846890687942504883e-01 7.013670802116394043e-01 4.141744971275329590e-01 5.869251489639282227e-02 4.759237170219421387e-02
9.993015527725219727e-01 0.000000000000000000e+00 9.997423887252807617e-01 9.996843338012695312e-01 1.498599797487258911e-01 1.239871084690093994e-01 9.658101201057434082e-02 6.415781378746032715e-02 6.110845506191253662e-02 6.063003838062286377e-02 5.775325000286102295e-02 6.076484918594360352e-02 5.791807174682617188e-02 5.392161011695861816e-02 4.915973544120788574e-02 4.297298192977905273e-02 3.790424764156341553e-02 3.487445414066314697e-02 3.303565084934234619e-02 3.200511634349822998e-02 3.226606547832489014e-02 3.359064459800720215e-02 3.482970595359802246e-02 3.508022427558898926e-02 3.462587296962738037e-02 3.412890434265136719e-02 3.383129835128784180e-02 3.406788408756256104e-02 3.444136679172515869e-02 3.476263582706451416e-02 3.495250642299652100e-02 3.494332730770111084e-02 3.482580184936523438e-02 3.503993153572082520e-02 3.576889634132385254e-02 3.702127933502197266e-02 3.877469897270202637e-02 4.084563255310058594e-02 4.238162934780120850e-02 4.282082617282867432e-02 4.196725785732269287e-02 3.994067013263702393e-02 3.779359161853790283e-02 3.507672250270843506e-02 3.231120109558105469e-02 3.183364868164062500e-02 3.321869671344757080e-02 3.471678495407104492e-02 3.623610734939575195e-02 3.686493635177612305e-02 3.616434335708618164e-02 3.556084632873535156e-02 3.417265415191650391e-02 3.349271416664123535e-02 3.398288786411285400e-02 3.462807834148406982e-02 3.524734079837799072e-02 3.536102175712585449e-02 3.567780554294586182e-02 3.645315766334533691e-02 3.783407807350158691e-02 3.881226480007171631e-02 3.855876624584197998e-02 5.293636023998260498e-02 1.597828567028045654e-01 3.249345719814300537e-01 2.519380748271942139e-01 6.999829411506652832e-02 8.293907344341278076e-02 7.539715766906738281e-01 8.129720091819763184e-01 7.734316587448120117e-01 7.442421913146972656e-01 6.183229684829711914e-01 7.381576299667358398e-02 5.203334987163543701e-02 4.425550997257232666e-02
9.990242719650268555e-01 9.997423887252807617e-01 0.000000000000000000e+00 9.998760223388671875e-01 9.994614124298095703e-01 1.611582189798355103e-01 1.227222383022308350e-01 8.405244350433349609e-02 6.392465531826019287e-02 6.566691398620605469e-02 6.062731146812438965e-02 5.825220048427581787e-02 6.207458674907684326e-02 5.854398012161254883e-02 5.485193431377410889e-02 5.195321142673492432e-02 4.725031554698944092e-02 4.250837862491607666e-02 3.867545723915100098e-02 3.528705239295959473e-02 3.390528261661529541e-02 3.390944004058837891e-02 3.465250134468078613e-02 3.533722460269927979e-02 3.581224381923675537e-02 3.612403571605682373e-02 3.610354661941528320e-02 3.611046075820922852e-02 3.639446198940277100e-02 3.667804598808288574e-02 3.679268062114715576e-02 3.665608167648315430e-02 3.642435371875762939e-02 3.634211421012878418e-02 3.667391836643218994e-02 3.771010041236877441e-02 3.946970403194427490e-02 4.148724675178527832e-02 4.443657398223876953e-02 4.648831486701965332e-02 4.606834053993225098e-02 4.365384578704833984e-02 4.027023911476135254e-02 3.671096265316009521e-02 3.369504213333129883e-02 3.298264741897583008e-02 3.398454189300537109e-02 3.529523313045501709e-02 3.695073723793029785e-02 3.787304461002349854e-02 3.712949156761169434e-02 3.601698577404022217e-02 3.492239117622375488e-02 3.467708826065063477e-02 3.467842936515808105e-02 3.446269035339355469e-02 3.417561948299407959e-02 3.509935736656188965e-02 3.725615143775939941e-02 3.948874771595001221e-02 4.150226712226867676e-02 4.276275634765625000e-02 5.642706155776977539e-02 1.509707570075988770e-01 3.032366037368774414e-01 2.623094320297241211e-01 7.371503114700317383e-02 8.329848945140838623e-02 7.743386030197143555e-01 7.549422979354858398e-01 7.369388341903686523e-01 7.475062608718872070e-01 7.423007488250732422e-01 8.060844242572784424e-02 6.103706359863281250e-02 5.198384821414947510e-02 4.569175839424133301e-02
1.339897662401199341e-01 9.996843338012695312e-01 9.998760223388671875e-01 0.000000000000000000e+00 9.998800754547119141e-01 9.997220039367675781e-01 1.762848347425460815e-01 1.212010979652404785e-01 8.365947008132934570e-02 6.837129592895507812e-02 7.183799147605895996e-02 6.593641638755798340e-02 6.515835225582122803e-02 7.007651031017303467e-02 6.641946732997894287e-02 6.141614913940429688e-02 5.788499116897583008e-02 5.228990316390991211e-02 4.500591754913330078e-02 4.010562598705291748e-02 3.700084984302520752e-02 3.565371036529541016e-02 3.573209047317504883e-02 3.635224699974060059e-02 3.703330457210540771e-02 3.762957453727722168e-02 3.844149410724639893e-02 3.924407064914703369e-02 4.002641141414642334e-02 4.049099981784820557e-02 4.049530625343322754e-02 4.007333517074584961e-02 3.938192129135131836e-02 3.889524936676025391e-02 3.917063772678375244e-02 4.039964079856872559e-02 4.231302440166473389e-02 4.533568024635314941e-02 4.846043884754180908e-02 5.157041549682617188e-02 5.207656323909759521e-02 4.911361634731292725e-02 4.540549218654632568e-02 4.110789299011230469e-02 3.778825700283050537e-02 3.652742505073547363e-02 3.732499480247497559e-02 3.887687623500823975e-02 3.986710309982299805e-02 4.008883237838745117e-02 3.914664685726165771e-02 3.880281746387481689e-02 3.855665028095245361e-02 3.747037053108215332e-02 3.615167737007141113e-02 3.484037518501281738e-02 3.482347726821899414e-02 3.626002371311187744e-02 3.868149220943450928e-02 4.205147922039031982e-02 4.593338072299957275e-02 5.935387313365936279e-02 1.512586623430252075e-01 3.176919817924499512e-01 2.811120152473449707e-01 7.995332777500152588e-02 8.817711472511291504e-02 8.033801913261413574e-01 7.959482669830322266e-01 7.522971630096435547e-01 7.674086689949035645e-01 8.021633625030517578e-01 7.654857635498046875e-02 6.266860663890838623e-02 5.536486208438873291e-02 5.119816958904266357e-02 4.517529904842376709e-02
1.221662610769271851e-01 1.498599797487258911e-01 9.994614124298095703e-01 9.998800754547119141e-01 0.000000000000000000e+00 9.999468326568603516e-01 9.998695850372314453e-01 1.865810751914978027e-01 1.214182823896408081e-01 8.800457417964935303e-02 7.618232071399688721e-02 8.304865658283233643e-02 8.011452853679656982e-02 8.422587811946868896e-02 9.679479897022247314e-02 8.245290815830230713e-02 7.441708445549011230e-02 6.664319336414337158e-02 6.074205040931701660e-02 5.263958871364593506e-02 4.715608060359954834e-02 4.331666231155395508e-02 4.210491478443145752e-02 4.206743836402893066e-02 4.237934947013854980e-02 4.289662837982177734e-02 4.344147443771362305e-02 4.416371881961822510e-02 4.516461491584777832e-02 4.580153524875640869e-02 4.578112065792083740e-02 4.528941214084625244e-02 4.453818500041961670e-02 4.378341138362884521e-02 4.358355700969696045e-02 4.430764913558959961e-02 4.612019658088684082e-02 4.781706631183624268e-02 4.982879757881164551e-02 5.166493356227874756e-02 5.256292223930358887e-02 5.154027044773101807e-02 4.905720055103302002e-02 4.550532996654510498e-02 4.360058903694152832e-02 4.392567276954650879e-02 4.579834640026092529e-02 4.834160208702087402e-02 4.935370385646820068e-02 4.827709496021270752e-02 4.642060399055480957e-02 4.566156864166259766e-02 4.403944313526153564e-02 4.140344262123107910e-02 3.757685422897338867e-02 3.575210273265838623e-02 3.566543757915496826e-02 3.578521311283111572e-02 3.774023056030273438e-02 4.200640320777893066e-02 5.413267016410827637e-02 1.301296800374984741e-01 3.181223273277282715e-01 3.176125288009643555e-01 8.829198777675628662e-02 9.765535593032836914e-02 8.071031570434570312e-01 8.245551586151123047e-01 7.881733179092407227e-01 7.822774648666381836e-01 7.905909419059753418e-01 6.357116997241973877e-02 4.769463837146759033e-02 4.718425869941711426e-02 4.907239973545074463e-02 4.427035152912139893e-02 4.152423143386840820e-02
1.011032611131668091e-01 1.239871084690093994e-01 1.611582189798355103e-01 9.997220039367675781e-01 9.999468326568603516e-01 0.000000000000000000e+00 9.999809265136718750e-01 9.999345541000366211e-01 2.103223502635955811e-01 1.315220743417739868e-01 1.015794128179550171e-01 1.028419584035873413e-01 1.313236653804779053e-01 1.427634060382843018e-01 1.494858860969543457e-01 1.478447914123535156e-01 1.053231060504913330e-01 8.914673328399658203e-02 8.593823015689849854e-02 8.033807575702667236e-02 6.843762099742889404e-02 5.944164097309112549e-02 5.430659651756286621e-02 5.205494165420532227e-02 5.134722590446472168e-02 5.092409253120422363e-02 5.119295418262481689e-02 5.157507956027984619e-02 5.228511989116668701e-02 5.295923352241516113e-02 5.343784391880035400e-02 5.340743064880371094e-02 5.267439782619476318e-02 5.181926488876342773e-02 5.095106363296508789e-02 5.064593255519866943e-02 5.090738832950592041e-02 5.112886428833007812e-02 5.210508406162261963e-02 5.425830185413360596e-02 5.853633582592010498e-02 6.668449938297271729e-02 6.378293037414550781e-02 5.578909814357757568e-02 5.443900823593139648e-02 5.661596357822418213e-02 6.117521226406097412e-02 6.879700720310211182e-02 6.934462487697601318e-02 6.486123800277709961e-02 5.920483171939849854e-02 5.150921642780303955e-02 4.674173891544342041e-02 4.276925325393676758e-02 3.864222764968872070e-02 3.644573688507080078e-02 3.505179286003112793e-02 3.550483286380767822e-02 3.854307532310485840e-02 4.849091172218322754e-02 8.909626305103302002e-02 2.607232928276062012e-01 3.132913708686828613e-01 1.150084733963012695e-01 1.130171418190002441e-01 8.237608075141906738e-01 8.646843433380126953e-01 8.465912938117980957e-01 8.279930949211120605e-01 8.312354683876037598e-01 5.891278386116027832e-02 4.223750531673431396e-02 4.436670243740081787e-02 4.629422724246978760e-02 4.305182397365570068e-02 4.458755254745483398e-02 4.044733941555023193e-02
7.051473855972290039e-02 9.658101201057434082e-02 1.227222383022308350e-01 1.762848347425460815e-01 9.998695850372314453e-01 9.999809265136718750e-01 0.000000000000000000e+00 9.999915957450866699e-01 9.999597072601318359e-01 2.482088506221771240e-01 1.668770164251327515e-01 1.366085857152938843e-01 1.567123979330062866e-01 2.099889218807220459e-01 1.901881545782089233e-01 1.726504564285278320e-01 1.537448316812515259e-01 1.340675950050354004e-01 1.467116624116897583e-01 1.698564589023590088e-01 1.575932502746582031e-01 1.214137971401214600e-01 8.875952661037445068e-02 7.600572705268859863e-02 7.054802775382995605e-02 6.797961890697479248e-02 6.662267446517944336e-02 6.684781610965728760e-02 6.967063248157501221e-02 7.379794120788574219e-02 7.811301946640014648e-02 8.167620003223419189e-02 8.132450282573699951e-02 7.803829014301300049e-02 7.273711264133453369e-02 6.680309772491455078e-02 6.149257719516754150e-02 5.713628232479095459e-02 5.549123883247375488e-02 5.670659244060516357e-02 7.022313773632049561e-02 9.555996954441070557e-02 1.008841842412948608e-01 8.089311420917510986e-02 7.478521764278411865e-02 8.458104729652404785e-02 1.080217659473419189e-01 1.220935583114624023e-01 1.173579394817352295e-01 9.650233387947082520e-02 6.900110840797424316e-02 5.699805915355682373e-02 5.101561546325683594e-02 4.473368823528289795e-02 3.995123505592346191e-02 3.702948987483978271e-02 3.500437736511230469e-02 3.625749051570892334e-02 4.365377128124237061e-02 6.506185233592987061e-02 1.458121538162231445e-01 2.315471321344375610e-01 1.429180204868316650e-01 1.383092850446701050e-01 7.788593769073486328e-01 8.325039148330688477e-01 8.405005335807800293e-01 8.396021127700805664e-01 8.327118158340454102e-01 5.972814559936523438e-02 4.092524945735931396e-02 4.083536565303802490e-02 4.398067295551300049e-02 3.973083198070526123e-02 3.972414135932922363e-02 3.967414796352386475e-02 3.905130922794342041e-02
6.823499500751495361e-02 6.415781378746032715e-02 8.405244350433349609e-02 1.212010979652404785e-01 1.865810751914978027e-01 9.999345541000366211e-01 9.999915957450866699e-01 0.000000000000000000e+00 9.999951720237731934e-01 9.999612569808959961e-01 3.229804635047912598e-01 2.089335322380065918e-01 1.921249926090240479e-01 1.780200451612472534e-01 2.005482167005538940e-01 1.722415983676910400e-01 1.779081970453262329e-01 1.999118924140930176e-01 2.350000441074371338e-01 3.110139966011047363e-01 3.374015688896179199e-01 3.106312751770019531e-01 2.405378222465515137e-01 1.811878979206085205e-01 1.418467462062835693e-01 1.206629723310470581e-01 1.098814308643341064e-01 1.067981570959091187e-01 1.094722747802734375e-01 1.155206859111785889e-01 1.196361631155014038e-01 1.181076914072036743e-01 1.101102828979492188e-01 9.744487702846527100e-02 8.420537412166595459e-02 7.241761684417724609e-02 6.216323375701904297e-02 5.634623765945434570e-02 5.295254290103912354e-02 5.148449540138244629e-02 5.467493832111358643e-02 7.306277751922607422e-02 9.414964914321899414e-02 9.175534546375274658e-02 1.158027499914169312e-01 1.944276690483093262e-01 2.748188078403472900e-01 3.005070686340332031e-01 2.340403050184249878e-01 1.275744885206222534e-01 8.276484906673431396e-02 6.271974742412567139e-02 5.637429654598236084e-02 4.881720244884490967e-02 4.278463125228881836e-02 3.876067698001861572e-02 3.731933236122131348e-02 4.114145040512084961e-02 5.435158312320709229e-02 8.535276353359222412e-02 1.446991264820098877e-01 1.695948839187622070e-01 1.860135495662689209e-01 6.073610782623291016e-01 6.871142387390136719e-01 7.361505031585693359e-01 7.238597869873046875e-01 7.535153031349182129e-01 6.506621837615966797e-02 4.305100440979003906e-02 3.935368359088897705e-02 4.164959490299224854e-02 3.883028030395507812e-02 3.746864199638366699e-02 3.568202257156372070e-02 3.491850197315216064e-02 3.566525876522064209e-02
5.929526686668395996e-02 6.110845506191253662e-02 6.392465531826019287e-02 8.365947008132934570e-02 1.214182823896408081e-01 2.103223502635955811e-01 9.999597072601318359e-01 9.999951720237731934e-01 0.000000000000000000e+00 9.999952316284179688e-01 9.999605417251586914e-01 4.565389752388000488e-01 2.308973073959350586e-01 1.905034035444259644e-01 1.580285429954528809e-01 1.637879312038421631e-01 1.733245253562927246e-01 2.189297974109649658e-01 2.717864513397216797e-01 3.403986990451812744e-01 4.066690504550933838e-01 4.052547216415405273e-01 3.563480973243713379e-01 2.915607094764709473e-01 2.270617783069610596e-01 1.803044527769088745e-01 1.489653885364532471e-01 1.358951330184936523e-01 1.311579197645187378e-01 1.283287405967712402e-01 1.235022544860839844e-01 1.144042760133743286e-01 1.000246256589889526e-01 8.410888910293579102e-02 7.217304408550262451e-02 6.324481964111328125e-02 5.635806918144226074e-02 5.176797509193420410e-02 4.930181801319122314e-02 4.650323092937469482e-02 4.593604803085327148e-02 5.060078203678131104e-02 7.017570734024047852e-02 1.367201209068298340e-01 2.709774374961853027e-01 4.690917730331420898e-01 4.361200928688049316e-01 4.005442857742309570e-01 3.439604640007019043e-01 1.594866365194320679e-01 9.796516597270965576e-02 7.518561184406280518e-02 6.497125327587127686e-02 5.659039318561553955e-02 4.881672561168670654e-02 4.370346665382385254e-02 4.297877848148345947e-02 5.166047811508178711e-02 7.797881960868835449e-02 1.270093321800231934e-01 2.042118012905120850e-01 3.109880685806274414e-01 5.112233161926269531e-01 5.708826184272766113e-01 6.019161343574523926e-01 6.064684391021728516e-01 6.375275254249572754e-01 7.359790802001953125e-02 5.014500021934509277e-02 4.097136855125427246e-02 4.076200723648071289e-02 3.772792220115661621e-02 3.598593175411224365e-02 3.303785622119903564e-02 3.226201236248016357e-02 3.045952320098876953e-02 3.199827671051025391e-02
6.189782917499542236e-02 6.063003838062286377e-02 6.566691398620605469e-02 6.837129592895507812e-02 8.800457417964935303e-02 1.315220743417739868e-01 2.482088506221771240e-01 9.999612569808959961e-01 9.999952316284179688e-01 0.000000000000000000e+00 9.999951720237731934e-01 9.999595880508422852e-01 3.861525356769561768e-01 2.212145924568176270e-01 1.731764525175094604e-01 1.515555232763290405e-01 1.634053885936737061e-01 2.010000944137573242e-01 2.567708790302276611e-01 3.181186020374298096e-01 3.540908694267272949e-01 3.928229212760925293e-01 3.916510045528411865e-01 3.491747379302978516e-01 2.814001739025115967e-01 2.168155163526535034e-01 1.729507297277450562e-01 1.448673754930496216e-01 1.260262727737426758e-01 1.123644560575485229e-01 1.012152880430221558e-01 8.924394845962524414e-02 7.806815207004547119e-02 6.781372427940368652e-02 5.978471040725708008e-02 5.471611022949218750e-02 5.101935565471649170e-02 4.701213538646697998e-02 4.316684603691101074e-02 4.094398021697998047e-02 4.004238545894622803e-02 4.189990460872650146e-02 5.031439661979675293e-02 7.959960401058197021e-02 1.807459294795989990e-01 4.497079849243164062e-01 4.376558065414428711e-01 3.769423663616180420e-01 2.938359379768371582e-01 1.275698244571685791e-01 9.029188752174377441e-02 7.840764522552490234e-02 6.789873540401458740e-02 6.202180683612823486e-02 5.416354537010192871e-02 4.948905110359191895e-02 5.353099107742309570e-02 7.324174046516418457e-02 1.267977058887481689e-01 2.195800989866256714e-01 3.458226919174194336e-01 4.858767092227935791e-01 5.233697891235351562e-01 5.483055710792541504e-01 5.313713550567626953e-01 5.186474919319152832e-01 9.000860154628753662e-02 6.303857266902923584e-02 4.785014688968658447e-02 4.115776717662811279e-02 3.774198889732360840e-02 3.660254180431365967e-02 3.278058767318725586e-02 3.081423044204711914e-02 2.939508855342864990e-02 2.754242718219757080e-02 2.902904152870178223e-02
6.307104229927062988e-02 5.775325000286102295e-02 6.062731146812438965e-02 7.183799147605895996e-02 7.618232071399688721e-02 1.015794128179550171e-01 1.668770164251327515e-01 3.229804635047912598e-01 9.999605417251586914e-01 9.999951720237731934e-01 0.000000000000000000e+00 9.999946355819702148e-01 9.999564290046691895e-01 3.648177385330200195e-01 2.087994217872619629e-01 1.720363199710845947e-01 1.588149070739746094e-01 1.710083037614822388e-01 2.198798954486846924e-01 2.779945135116577148e-01 3.304391205310821533e-01 3.506920933723449707e-01 3.830306231975555420e-01 3.647149801254272461e-01 3.053766787052154541e-01 2.300102263689041138e-01 1.677042394876480103e-01 1.212421804666519165e-01 9.231203794479370117e-02 7.750847935676574707e-02 6.819985806941986084e-02 6.229515373706817627e-02 5.798192322254180908e-02 5.415739119052886963e-02 5.032737553119659424e-02 4.727020859718322754e-02 4.457905888557434082e-02 4.183708131313323975e-02 3.858315944671630859e-02 3.709523379802703857e-02 3.583936393260955811e-02 3.730028867721557617e-02 4.178145527839660645e-02 5.777117609977722168e-02 9.111052751541137695e-02 3.161274790763854980e-01 3.692629337310791016e-01 3.027987778186798096e-01 1.958256810903549194e-01 1.030405908823013306e-01 8.965410292148590088e-02 7.254101336002349854e-02 6.543469429016113281e-02 6.278213858604431152e-02 5.870018899440765381e-02 5.941683053970336914e-02 7.245829701423645020e-02 1.262198686599731445e-01 2.185251861810684204e-01 3.248931169509887695e-01 4.354513883590698242e-01 4.861922264099121094e-01 4.936534762382507324e-01 4.549156129360198975e-01 4.282075166702270508e-01 1.182194352149963379e-01 8.178794384002685547e-02 6.157654523849487305e-02 4.613628983497619629e-02 3.878407180309295654e-02 3.835669159889221191e-02 3.383781015872955322e-02 2.950879931449890137e-02 2.774029970169067383e-02 2.711553871631622314e-02 2.566514909267425537e-02 2.789273858070373535e-02
5.844461917877197266e-02 6.076484918594360352e-02 5.825220048427581787e-02 6.593641638755798340e-02 8.304865658283233643e-02 1.028419584035873413e-01 1.366085857152938843e-01 2.089335322380065918e-01 4.565389752388000488e-01 9.999595880508422852e-01 9.999946355819702148e-01 0.000000000000000000e+00 9.999952912330627441e-01 9.999608993530273438e-01 3.947324752807617188e-01 2.139360308647155762e-01 1.769988536834716797e-01 1.681318581104278564e-01 1.805624514818191528e-01 2.308289110660552979e-01 2.974610328674316406e-01 3.370599150657653809e-01 3.464562296867370605e-01 3.518636226654052734e-01 3.159368038177490234e-01 2.464881390333175659e-01 1.629041135311126709e-01 1.113306581974029541e-01 7.868458330631256104e-02 6.243139505386352539e-02 5.549076199531555176e-02 5.025640130043029785e-02 4.608482122421264648e-02 4.244524240493774414e-02 4.038481414318084717e-02 3.903666138648986816e-02 3.807178139686584473e-02 3.636844456195831299e-02 3.457446396350860596e-02 3.359304368495941162e-02 3.309001028537750244e-02 3.457029163837432861e-02 3.878332674503326416e-02 4.880712926387786865e-02 7.152599096298217773e-02 1.456357240676879883e-01 2.922592759132385254e-01 2.855895757675170898e-01 1.988415569067001343e-01 1.178907155990600586e-01 7.652989029884338379e-02 6.755347549915313721e-02 6.302471458911895752e-02 6.216013431549072266e-02 6.233996152877807617e-02 7.650905847549438477e-02 1.161683052778244019e-01 2.042486816644668579e-01 3.125145733356475830e-01 3.887122273445129395e-01 4.378601312637329102e-01 4.428947865962982178e-01 3.637923896312713623e-01 3.332972526550292969e-01 1.432874798774719238e-01 9.987688064575195312e-02 7.498022913932800293e-02 5.705736577510833740e-02 4.390123486518859863e-02 3.990982472896575928e-02 3.566703200340270996e-02 3.023536503314971924e-02 2.669632434844970703e-02 2.534525096416473389e-02 2.591185271739959717e-02 2.530856430530548096e-02 2.830846607685089111e-02
5.470140278339385986e-02 5.791807174682617188e-02 6.207458674907684326e-02 6.515835225582122803e-02 8.011452853679656982e-02 1.313236653804779053e-01 1.567123979330062866e-01 1.921249926090240479e-01 2.308973073959350586e-01 3.861525356769561768e-01 9.999564290046691895e-01 9.999952912330627441e-01 0.000000000000000000e+00 9.999959468841552734e-01 9.999653100967407227e-01 4.062775969505310059e-01 2.211434394121170044e-01 1.820739805698394775e-01 1.768143624067306519e-01 1.980528384447097778e-01 2.434300184249877930e-01 2.981720566749572754e-01 3.206363618373870850e-01 3.058848679065704346e-01 2.887970209121704102e-01 2.411717325448989868e-01 1.666488498449325562e-01 1.075548827648162842e-01 7.313050329685211182e-02 5.746708810329437256e-02 4.904167354106903076e-02 4.337199032306671143e-02 3.929607570171356201e-02 3.687223792076110840e-02 3.498478233814239502e-02 3.329031169414520264e-02 3.240860998630523682e-02 3.166276216506958008e-02 3.120717406272888184e-02 3.109502792358398438e-02 3.092645108699798584e-02 3.310795128345489502e-02 3.788705170154571533e-02 4.490719735622406006e-02 6.092335283756256104e-02 1.292745023965835571e-01 2.733156085014343262e-01 2.785287201404571533e-01 1.847394257783889771e-01 9.673266112804412842e-02 6.945875287055969238e-02 6.341938674449920654e-02 6.063388288021087646e-02 6.205892562866210938e-02 7.580441236495971680e-02 1.068866997957229614e-01 1.612419486045837402e-01 2.808319926261901855e-01 3.966080844402313232e-01 4.314286112785339355e-01 4.400050640106201172e-01 3.544331789016723633e-01 2.600760161876678467e-01 1.540364325046539307e-01 1.075741201639175415e-01 7.657106220722198486e-02 5.991849303245544434e-02 4.757611453533172607e-02 4.144050180912017822e-02 3.656363487243652344e-02 3.225390613079071045e-02 2.802677452564239502e-02 2.559708058834075928e-02 2.476802468299865723e-02 2.610024809837341309e-02 2.598465979099273682e-02 2.954618632793426514e-02
4.840835928916931152e-02 5.392161011695861816e-02 5.854398012161254883e-02 7.007651031017303467e-02 8.422587811946868896e-02 1.427634060382843018e-01 2.099889218807220459e-01 1.780200451612472534e-01 1.905034035444259644e-01 2.212145924568176270e-01 3.648177385330200195e-01 9.999608993530273438e-01 9.999959468841552734e-01 0.000000000000000000e+00 9.999965429306030273e-01 9.999676942825317383e-01 4.424388706684112549e-01 2.313020527362823486e-01 1.916194260120391846e-01 1.862046420574188232e-01 2.039114534854888916e-01 2.229465991258621216e-01 2.566202282905578613e-01 2.639045715332031250e-01 2.397799193859100342e-01 2.066645473241806030e-01 1.525633186101913452e-01 1.034813374280929565e-01 7.035934925079345703e-02 5.408279597759246826e-02 4.438939690589904785e-02 3.860895335674285889e-02 3.498463332653045654e-02 3.258058428764343262e-02 3.122299909591674805e-02 3.027503192424774170e-02 2.940011024475097656e-02 2.904851734638214111e-02 2.923315763473510742e-02 2.957086265087127686e-02 3.082919120788574219e-02 3.379631042480468750e-02 3.788477182388305664e-02 4.257959127426147461e-02 5.526381731033325195e-02 1.129747629165649414e-01 2.441560924053192139e-01 2.358846068382263184e-01 1.479817181825637817e-01 8.800742030143737793e-02 6.656606495380401611e-02 6.151069700717926025e-02 6.255601346492767334e-02 7.191236317157745361e-02 8.784735202789306641e-02 1.191072463989257812e-01 1.666250526905059814e-01 3.588604032993316650e-01 4.589970111846923828e-01 4.593949913978576660e-01 4.154635667800903320e-01 2.562174797058105469e-01 1.371588259935379028e-01 9.407392144203186035e-02 7.412342727184295654e-02 5.700935423374176025e-02 4.855675995349884033e-02 4.253573715686798096e-02 3.675694763660430908e-02 3.301273286342620850e-02 2.941937744617462158e-02 2.705277502536773682e-02 2.478294074535369873e-02 2.498379349708557129e-02 2.651661634445190430e-02 2.723549306392669678e-02 3.036272525787353516e-02
4.276476800441741943e-02 4.915973544120788574e-02 5.485193431377410889e-02 6.641946732997894287e-02 9.679479897022247314e-02 1.494858860969543457e-01 1.901881545782089233e-01 2.005482167005538940e-01 1.580285429954528809e-01 1.731764525175094604e-01 2.087994217872619629e-01 3.947324752807617188e-01 9.999653100967407227e-01 9.999965429306030273e-01 0.000000000000000000e+00 9.999967217445373535e-01 9.999678134918212891e-01 4.937402307987213135e-01 2.482452243566513062e-01 1.985041946172714233e-01 1.794465929269790649e-01 1.917822510004043579e-01 1.867145001888275146e-01 1.990111172199249268e-01 1.993180811405181885e-01 1.704792678356170654e-01 1.358442306518554688e-01 9.890393912792205811e-02 7.082600891590118408e-02 5.316664278507232666e-02 4.246453940868377686e-02 3.594096004962921143e-02 3.243002295494079590e-02 3.047198057174682617e-02 2.948980033397674561e-02 2.894780039787292480e-02 2.900210022926330566e-02 2.912704646587371826e-02 2.950084209442138672e-02 3.019000589847564697e-02 3.172099590301513672e-02 3.434716165065765381e-02 3.816230595111846924e-02 4.120743274688720703e-02 5.207993090152740479e-02 8.100880682468414307e-02 1.694213747978210449e-01 1.761642992496490479e-01 1.082964837551116943e-01 8.032938838005065918e-02 6.551800668239593506e-02 6.247641146183013916e-02 7.056207954883575439e-02 8.063304424285888672e-02 9.613999724388122559e-02 1.359270811080932617e-01 2.981190085411071777e-01 4.342384934425354004e-01 4.709169268608093262e-01 4.545912444591522217e-01 2.899378240108489990e-01 1.446200609207153320e-01 8.635166287422180176e-02 6.789192557334899902e-02 5.459319055080413818e-02 4.834114015102386475e-02 4.302433133125305176e-02 3.568685054779052734e-02 3.329233825206756592e-02 3.023298084735870361e-02 2.795989811420440674e-02 2.622774243354797363e-02 2.506858110427856445e-02 2.548460662364959717e-02 2.734217047691345215e-02 2.805653214454650879e-02 3.052203357219696045e-02
3.943185508251190186e-02 4.297298192977905273e-02 5.195321142673492432e-02 6.141614913940429688e-02 8.245290815830230713e-02 1.478447914123535156e-01 1.726504564285278320e-01 1.722415983676910400e-01 1.637879312038421631e-01 1.515555232763290405e-01 1.720363199710845947e-01 2.139360308647155762e-01 4.062775969505310059e-01 9.999676942825317383e-01 9.999967217445373535e-01 0.000000000000000000e+00 9.999965429306030273e-01 9.999675154685974121e-01 4.948842823505401611e-01 2.459940612316131592e-01 1.908471137285232544e-01 1.628770232200622559e-01 1.692765504121780396e-01 1.536072343587875366e-01 1.584875732660293579e-01 1.484917551279067993e-01 1.251616775989532471e-01 9.489513933658599854e-02 7.290074229240417480e-02 5.687975883483886719e-02 4.401344060897827148e-02 3.653758764266967773e-02 3.236722946166992188e-02 3.036674857139587402e-02 2.934812009334564209e-02 2.897635102272033691e-02 2.937361598014831543e-02 2.990788221359252930e-02 3.064304590225219727e-02 3.083442151546478271e-02 3.269739449024200439e-02 3.501264750957489014e-02 3.714197874069213867e-02 4.067195951938629150e-02 5.111174285411834717e-02 6.294742226600646973e-02 9.280449151992797852e-02 1.069646030664443970e-01 8.122904598712921143e-02 7.000103592872619629e-02 6.582365930080413818e-02 6.957949697971343994e-02 7.820670306682586670e-02 8.868896961212158203e-02 1.157247573137283325e-01 2.371256351470947266e-01 4.636544585227966309e-01 4.672750234603881836e-01 5.024785399436950684e-01 4.157187938690185547e-01 2.312977164983749390e-01 1.059867590665817261e-01 7.386192679405212402e-02 5.661082267761230469e-02 4.761408269405364990e-02 4.189278185367584229e-02 3.610739111900329590e-02 3.159824013710021973e-02 3.018227219581604004e-02 2.888913452625274658e-02 2.693279087543487549e-02 2.643366158008575439e-02 2.568981051445007324e-02 2.623212337493896484e-02 2.808213233947753906e-02 2.838698029518127441e-02 3.024619817733764648e-02
3.701213002204895020e-02 3.790424764156341553e-02 4.725031554698944092e-02 5.788499116897583008e-02 7.441708445549011230e-02 1.053231060504913330e-01 1.537448316812515259e-01 1.779081970453262329e-01 1.733245253562927246e-01 1.634053885936737061e-01 1.588149070739746094e-01 1.769988536834716797e-01 2.211434394121170044e-01 4.424388706684112549e-01 9.999678134918212891e-01 9.999965429306030273e-01 0.000000000000000000e+00 9.999961853027343750e-01 9.999628663063049316e-01 4.806341528892517090e-01 2.434231191873550415e-01 1.724568903446197510e-01 1.449914425611495972e-01 1.526857167482376099e-01 1.341426223516464233e-01 1.387806832790374756e-01 1.230430305004119873e-01 1.008477807044982910e-01 7.973217964172363281e-02 6.560228765010833740e-02 4.986108839511871338e-02 4.037748277187347412e-02 3.502954542636871338e-02 3.172916173934936523e-02 3.015987575054168701e-02 2.966812252998352051e-02 3.036652505397796631e-02 3.116145730018615723e-02 3.190316259860992432e-02 3.268775343894958496e-02 3.378456830978393555e-02 3.542861342430114746e-02 3.655607998371124268e-02 4.131583869457244873e-02 4.829706251621246338e-02 5.686877667903900146e-02 6.736929714679718018e-02 7.502776384353637695e-02 7.271239161491394043e-02 7.164934277534484863e-02 7.288286089897155762e-02 7.487736642360687256e-02 9.040558338165283203e-02 1.048618108034133911e-01 1.813824474811553955e-01 4.977515637874603271e-01 5.064753293991088867e-01 5.057023167610168457e-01 4.694386124610900879e-01 3.506787121295928955e-01 1.909307092428207397e-01 9.412348270416259766e-02 6.606927514076232910e-02 5.033624172210693359e-02 4.204355180263519287e-02 3.661438822746276855e-02 3.162945806980133057e-02 2.907432615756988525e-02 2.834980189800262451e-02 2.726636826992034912e-02 2.719242870807647705e-02 2.692860364913940430e-02 2.624499797821044922e-02 2.662156522274017334e-02 2.822285890579223633e-02 2.813765406608581543e-02 2.978710830211639404e-02
3.529629111289978027e-02 3.487445414066314697e-02 4.250837862491607666e-02 5.228990316390991211e-02 6.664319336414337158e-02 8.914673328399658203e-02 1.340675950050354004e-01 1.999118924140930176e-01 2.189297974109649658e-01 2.010000944137573242e-01 1.710083037614822388e-01 1.681318581104278564e-01 1.820739805698394775e-01 2.313020527362823486e-01 4.937402307987213135e-01 9.999675154685974121e-01 9.999961853027343750e-01 0.000000000000000000e+00 9.999955296516418457e-01 9.999588131904602051e-01 4.633429944515228271e-01 2.377013266086578369e-01 1.616208255290985107e-01 1.396657526493072510e-01 1.447761207818984985e-01 1.235375851392745972e-01 1.256448030471801758e-01 1.060067266225814819e-01 8.684428036212921143e-02 7.345877587795257568e-02 6.006541848182678223e-02 4.730166494846343994e-02 3.914394974708557129e-02 3.498192131519317627e-02 3.246849775314331055e-02 3.147047758102416992e-02 3.160439431667327881e-02 3.218249976634979248e-02 3.319901227951049805e-02 3.413446247577667236e-02 3.481045365333557129e-02 3.613124787807464600e-02 3.818255662918090820e-02 4.360127449035644531e-02 4.899276793003082275e-02 5.480498075485229492e-02 6.305776536464691162e-02 6.938503682613372803e-02 7.314737141132354736e-02 7.567757368087768555e-02 8.292612433433532715e-02 9.435501694679260254e-02 1.046296358108520508e-01 1.522784978151321411e-01 3.462461531162261963e-01 4.780517816543579102e-01 4.913542866706848145e-01 4.565744996070861816e-01 3.973035812377929688e-01 2.643441557884216309e-01 1.374695152044296265e-01 7.394753396511077881e-02 5.614586174488067627e-02 4.405726492404937744e-02 3.698949515819549561e-02 3.201544284820556641e-02 2.925027906894683838e-02 2.782250940799713135e-02 2.737149596214294434e-02 2.750092744827270508e-02 2.768202126026153564e-02 2.739967405796051025e-02 2.655045688152313232e-02 2.658538520336151123e-02 2.790728211402893066e-02 2.771615982055664062e-02 2.927836775779724121e-02
3.453107178211212158e-02 3.303565084934234619e-02 3.867545723915100098e-02 4.500591754913330078e-02 6.074205040931701660e-02 8.593823015689849854e-02 1.467116624116897583e-01 2.350000441074371338e-01 2.717864513397216797e-01 2.567708790302276611e-01 2.198798954486846924e-01 1.805624514818191528e-01 1.768143624067306519e-01 1.916194260120391846e-01 2.482452243566513062e-01 4.948842823505401611e-01 9.999628663063049316e-01 9.999955296516418457e-01 0.000000000000000000e+00 9.999948740005493164e-01 9.999574422836303711e-01 4.435164630413055420e-01 2.329571247100830078e-01 1.559911221265792847e-01 1.368225812911987305e-01 1.401336938142776489e-01 1.167153865098953247e-01 1.109894663095474243e-01 9.168483316898345947e-02 7.807321846485137939e-02 6.664934754371643066e-02 5.650283396244049072e-02 4.503445327281951904e-02 3.841958940029144287e-02 3.565102815628051758e-02 3.392237424850463867e-02 3.326547145843505859e-02 3.343892097473144531e-02 3.479766845703125000e-02 3.557844460010528564e-02 3.635708987712860107e-02 3.829403221607208252e-02 4.134455323219299316e-02 4.645510017871856689e-02 5.134141445159912109e-02 5.594056844711303711e-02 6.704778969287872314e-02 7.782563567161560059e-02 9.538306295871734619e-02 9.824033081531524658e-02 9.788122773170471191e-02 1.160400509834289551e-01 1.358272880315780640e-01 1.855373233556747437e-01 2.649181485176086426e-01 3.410624861717224121e-01 3.073904216289520264e-01 3.100598454475402832e-01 2.404134124517440796e-01 1.603908091783523560e-01 8.907641470432281494e-02 5.950726568698883057e-02 4.517063498497009277e-02 3.703671693801879883e-02 3.260041773319244385e-02 2.938903868198394775e-02 2.765822410583496094e-02 2.731534838676452637e-02 2.764469385147094727e-02 2.809073030948638916e-02 2.809740602970123291e-02 2.757382392883300781e-02 2.653005719184875488e-02 2.638544142246246338e-02 2.751530706882476807e-02 2.741321921348571777e-02 2.887865900993347168e-02
3.432534635066986084e-02 3.200511634349822998e-02 3.528705239295959473e-02 4.010562598705291748e-02 5.263958871364593506e-02 8.033807575702667236e-02 1.698564589023590088e-01 3.110139966011047363e-01 3.403986990451812744e-01 3.181186020374298096e-01 2.779945135116577148e-01 2.308289110660552979e-01 1.980528384447097778e-01 1.862046420574188232e-01 1.985041946172714233e-01 2.459940612316131592e-01 4.806341528892517090e-01 9.999588131904602051e-01 9.999948740005493164e-01 0.000000000000000000e+00 9.999948740005493164e-01 9.999575614929199219e-01 4.188400208950042725e-01 2.283608019351959229e-01 1.530464738607406616e-01 1.308590769767761230e-01 1.278109848499298096e-01 1.062325835227966309e-01 9.266665577888488770e-02 7.868362963199615479e-02 7.042846083641052246e-02 6.172449886798858643e-02 5.216115713119506836e-02 4.273515939712524414e-02 3.911671042442321777e-02 3.673845529556274414e-02 3.573796153068542480e-02 3.604647517204284668e-02 3.664381802082061768e-02 3.756691515445709229e-02 3.956313431262969971e-02 4.095239937305450439e-02 4.408477246761322021e-02 4.882363975048065186e-02 5.403642356395721436e-02 6.391647458076477051e-02 8.234448730945587158e-02 1.132138222455978394e-01 1.348438113927841187e-01 1.244732439517974854e-01 1.165555417537689209e-01 1.229544878005981445e-01 1.227258890867233276e-01 1.132212579250335693e-01 1.334476023912429810e-01 1.433727890253067017e-01 1.678277105093002319e-01 1.322819292545318604e-01 1.517221033573150635e-01 1.086078435182571411e-01 6.689095497131347656e-02 4.622460901737213135e-02 3.783731162548065186e-02 3.283491730690002441e-02 2.974183857440948486e-02 2.752816677093505859e-02 2.699533104896545410e-02 2.739946544170379639e-02 2.818381786346435547e-02 2.854005992412567139e-02 2.822183072566986084e-02 2.756945788860321045e-02 2.641856670379638672e-02 2.617004513740539551e-02 2.736012637615203857e-02 2.726523578166961670e-02 2.861836552619934082e-02
