0.000000000000000000e+00 9.992853403091430664e-01 9.988402724266052246e-01 1.239257901906967163e-01 1.176628172397613525e-01 9.677298367023468018e-02 6.620359420776367188e-02 6.291574239730834961e-02 5.672217905521392822e-02 6.790073215961456299e-02 9.074175357818603516e-02 1.639839708805084229e-01 3.494400084018707275e-01 2.955977022647857666e-01 9.086555242538452148e-02 9.126909077167510986e-02 5.759966373443603516e-01 5.195356607437133789e-01 4.359704852104187012e-01 3.128066956996917725e-01 1.837205737829208374e-01 7.678349316120147705e-02 5.836442112922668457e-02 4.441802203655242920e-02 3.589317202568054199e-02 3.198151290416717529e-02 3.217034041881561279e-02 3.228899836540222168e-02 3.229717910289764404e-02 3.216370940208435059e-02 3.204846382141113281e-02 3.211633861064910889e-02 3.251679241657257080e-02 3.307341039180755615e-02 3.363546729087829590e-02 3.408692777156829834e-02 3.432998061180114746e-02 3.435672819614410400e-02 3.418383002281188965e-02 3.396461904048919678e-02 3.381958603858947754e-02 3.378477692604064941e-02 3.390473127365112305e-02 3.411807119846343994e-02 3.436893224716186523e-02 3.457951545715332031e-02 3.481662273406982422e-02 3.508889675140380859e-02 3.539936244487762451e-02 3.565169870853424072e-02 3.582924604415893555e-02 3.584161400794982910e-02 3.571404516696929932e-02 3.553603589534759521e-02 3.538796305656433105e-02 3.529396653175354004e-02 3.529049456119537354e-02 3.533163666725158691e-02 3.534936904907226562e-02 3.542098402976989746e-02 3.556188941001892090e-02 3.581580519676208496e-02 3.612539172172546387e-02 3.650769591331481934e-02 3.783814609050750732e-02 3.954070806503295898e-02 4.094597697257995605e-02 4.156138002872467041e-02 4.123470187187194824e-02 4.011927545070648193e-02 3.856411576271057129e-02 3.720472753047943115e-02 3.787373006343841553e-02 3.900781273841857910e-02 4.224684834480285645e-02 4.859964549541473389e-02 5.172641575336456299e-02 4.951789975166320801e-02 4.316714406013488770e-02 4.158718883991241455e-02 4.027818143367767334e-02 4.101613163948059082e-02
9.992853403091430664e-01 0.000000000000000000e+00 9.997181296348571777e-01 9.996052980422973633e-01 1.423068940639495850e-01 1.166173070669174194e-01 9.210292994976043701e-02 5.666929483413696289e-02 5.455321073532104492e-02 5.820454657077789307e-02 9.589765965938568115e-02 3.041677772998809814e-01 2.884006202220916748e-01 1.063806861639022827e-01 9.402453899383544922e-02 6.696013808250427246e-01 5.465208888053894043e-01 4.229484200477600098e-01 3.287981152534484863e-01 2.883204817771911621e-01 9.209564328193664551e-02 7.823647558689117432e-02 5.994316935539245605e-02 4.496499896049499512e-02 3.645460307598114014e-02 3.333450853824615479e-02 3.293667733669281006e-02 3.239698708057403564e-02 3.199999034404754639e-02 3.142014145851135254e-02 3.101968765258789062e-02 3.094616532325744629e-02 3.116570413112640381e-02 3.164948523044586182e-02 3.231531381607055664e-02 3.300571441650390625e-02 3.368446230888366699e-02 3.422480821609497070e-02 3.441739082336425781e-02 3.438699245452880859e-02 3.433732688426971436e-02 3.435371816158294678e-02 3.438833355903625488e-02 3.441461920738220215e-02 3.442394733428955078e-02 3.440710902214050293e-02 3.441698849201202393e-02 3.444112837314605713e-02 3.451283276081085205e-02 3.461672365665435791e-02 3.474158048629760742e-02 3.487311303615570068e-02 3.499327600002288818e-02 3.509122133255004883e-02 3.523264825344085693e-02 3.528127074241638184e-02 3.530649840831756592e-02 3.533706068992614746e-02 3.541097044944763184e-02 3.558455407619476318e-02 3.589053452014923096e-02 3.633195161819458008e-02 3.705875575542449951e-02 3.818082809448242188e-02 3.973363339900970459e-02 4.199711978435516357e-02 4.451353847980499268e-02 4.620815813541412354e-02 4.609963297843933105e-02 4.455181956291198730e-02 4.238447546958923340e-02 4.052366316318511963e-02 3.911985456943511963e-02 4.041598737239837646e-02 4.538822174072265625e-02 5.009464919567108154e-02 5.208183825016021729e-02 5.020262300968170166e-02 4.264485836029052734e-02 4.042987525463104248e-02 3.633469343185424805e-02 3.748106956481933594e-02
9.988402724266052246e-01 9.997181296348571777e-01 0.000000000000000000e+00 9.998643994331359863e-01 9.993382692337036133e-01 1.493762135505676270e-01 1.138005554676055908e-01 7.852473855018615723e-02 5.632607638835906982e-02 6.557588279247283936e-02 9.606982767581939697e-02 2.226047515869140625e-01 1.863777935504913330e-01 1.177832931280136108e-01 6.873264312744140625e-01 6.581797599792480469e-01 5.554963350296020508e-01 4.795952141284942627e-01 4.693759083747863770e-01 8.513955771923065186e-02 7.787480950355529785e-02 7.143925130367279053e-02 5.919757485389709473e-02 5.029939115047454834e-02 4.241733253002166748e-02 3.805163502693176270e-02 3.596603870391845703e-02 3.444343805313110352e-02 3.313650190830230713e-02 3.211735188961029053e-02 3.141194581985473633e-02 3.082297742366790771e-02 3.071089088916778564e-02 3.127039968967437744e-02 3.222718834877014160e-02 3.342811763286590576e-02 3.463393449783325195e-02 3.568287193775177002e-02 3.632986545562744141e-02 3.659981489181518555e-02 3.660914301872253418e-02 3.645598888397216797e-02 3.613966703414916992e-02 3.573997318744659424e-02 3.538212180137634277e-02 3.516471385955810547e-02 3.510239720344543457e-02 3.516666591167449951e-02 3.535564243793487549e-02 3.558684885501861572e-02 3.589694201946258545e-02 3.625392913818359375e-02 3.661200404167175293e-02 3.691510856151580811e-02 3.709602355957031250e-02 3.714261949062347412e-02 3.721246123313903809e-02 3.733277320861816406e-02 3.754858672618865967e-02 3.784973919391632080e-02 3.814651072025299072e-02 3.826566040515899658e-02 3.839291632175445557e-02 3.891800343990325928e-02 4.025493562221527100e-02 4.258805513381958008e-02 4.671365022659301758e-02 4.988224804401397705e-02 5.192022025585174561e-02 5.187195539474487305e-02 4.935568571090698242e-02 4.562218487262725830e-02 4.243887960910797119e-02 4.241611063480377197e-02 4.461558163166046143e-02 4.710538685321807861e-02 5.036336183547973633e-02 4.782693088054656982e-02 4.112015664577484131e-02 3.614991903305053711e-02 3.349104523658752441e-02 3.371243178844451904e-02
1.239257901906967163e-01 9.996052980422973633e-01 9.998643994331359863e-01 0.000000000000000000e+00 9.998649358749389648e-01 9.996294975280761719e-01 1.616317778825759888e-01 1.042334437370300293e-01 8.005109429359436035e-02 8.345001935958862305e-02 1.311433613300323486e-01 1.503549814224243164e-01 1.958761811256408691e-01 6.419312357902526855e-01 7.138162851333618164e-01 6.572476029396057129e-01 6.467740535736083984e-01 6.253198385238647461e-01 7.902178168296813965e-02 7.259744405746459961e-02 7.548962533473968506e-02 6.441469490528106689e-02 5.848847329616546631e-02 5.183902382850646973e-02 4.625169932842254639e-02 4.040750861167907715e-02 3.780588507652282715e-02 3.658938407897949219e-02 3.494212031364440918e-02 3.354050219058990479e-02 3.268404304981231689e-02 3.227330744266510010e-02 3.236730396747589111e-02 3.298459947109222412e-02 3.389276564121246338e-02 3.500834107398986816e-02 3.643937408924102783e-02 3.770673274993896484e-02 3.872837126255035400e-02 3.932340443134307861e-02 3.940764069557189941e-02 3.911800682544708252e-02 3.867998719215393066e-02 3.826202452182769775e-02 3.796996176242828369e-02 3.779396414756774902e-02 3.779333829879760742e-02 3.803293406963348389e-02 3.850516676902770996e-02 3.914988040924072266e-02 3.980089724063873291e-02 4.041248559951782227e-02 4.089368879795074463e-02 4.099826514720916748e-02 4.090206325054168701e-02 4.078930616378784180e-02 4.083825647830963135e-02 4.102441668510437012e-02 4.147677123546600342e-02 4.196944832801818848e-02 4.224883019924163818e-02 4.217235743999481201e-02 4.177673161029815674e-02 4.153215885162353516e-02 4.206401109695434570e-02 4.375874996185302734e-02 4.686318337917327881e-02 5.276265740394592285e-02 5.950917303562164307e-02 6.108768284320831299e-02 5.650380253791809082e-02 5.213774740695953369e-02 4.850655794143676758e-02 4.831475019454956055e-02 4.761712253093719482e-02 5.017133057117462158e-02 4.788570106029510498e-02 4.381883144378662109e-02 3.748533129692077637e-02 3.476458787918090820e-02 3.307299315929412842e-02 3.330674767494201660e-02
1.176628172397613525e-01 1.423068940639495850e-01 9.993382692337036133e-01 9.998649358749389648e-01 0.000000000000000000e+00 9.999365806579589844e-01 9.997959136962890625e-01 1.694070100784301758e-01 1.148721426725387573e-01 1.079872399568557739e-01 1.597756296396255493e-01 2.182121425867080688e-01 4.355995655059814453e-01 6.444078683853149414e-01 7.030302286148071289e-01 7.003419995307922363e-01 6.864829063415527344e-01 7.133799791336059570e-02 5.984909832477569580e-02 5.963341891765594482e-02 6.203381717205047607e-02 5.236791074275970459e-02 4.733368754386901855e-02 4.234689474105834961e-02 4.016140103340148926e-02 3.868350386619567871e-02 3.828553855419158936e-02 3.741228580474853516e-02 3.739751875400543213e-02 3.639243543148040771e-02 3.548009693622589111e-02 3.491778671741485596e-02 3.507001698017120361e-02 3.586448729038238525e-02 3.725452721118927002e-02 3.858339786529541016e-02 3.960125148296356201e-02 4.045517742633819580e-02 4.116734862327575684e-02 4.181638360023498535e-02 4.241710901260375977e-02 4.264974594116210938e-02 4.242393374443054199e-02 4.186330735683441162e-02 4.126584529876708984e-02 4.083104431629180908e-02 4.069741070270538330e-02 4.101788997650146484e-02 4.200582206249237061e-02 4.315300285816192627e-02 4.413752257823944092e-02 4.491893947124481201e-02 4.547244310379028320e-02 4.578976333141326904e-02 4.590588808059692383e-02 4.592360556125640869e-02 4.613098502159118652e-02 4.658636450767517090e-02 4.709051549434661865e-02 4.747961461544036865e-02 4.755760729312896729e-02 4.743565618991851807e-02 4.658943414688110352e-02 4.492537677288055420e-02 4.343728721141815186e-02 4.363086819648742676e-02 4.669967293739318848e-02 5.222168564796447754e-02 6.392318010330200195e-02 7.797285914421081543e-02 7.522630691528320312e-02 6.488393247127532959e-02 6.775143742561340332e-02 7.649193704128265381e-02 6.494531035423278809e-02 5.259057879447937012e-02 4.382073879241943359e-02 3.863413631916046143e-02 3.544645011425018311e-02 3.485587239265441895e-02 3.442466259002685547e-02 3.557823598384857178e-02
9.677298367023468018e-02 1.166173070669174194e-01 1.493762135505676270e-01 9.996294975280761719e-01 9.999365806579589844e-01 0.000000000000000000e+00 9.999762773513793945e-01 9.998925328254699707e-01 2.253257483243942261e-01 1.693343371152877808e-01 2.322752028703689575e-01 3.545430302619934082e-01 6.127013564109802246e-01 6.877333521842956543e-01 7.371500730514526367e-01 7.153519392013549805e-01 7.948136329650878906e-02 6.375591456890106201e-02 5.783845484256744385e-02 6.498448550701141357e-02 6.296856701374053955e-02 4.738229513168334961e-02 3.910829126834869385e-02 3.573645651340484619e-02 3.510046005249023438e-02 3.584814071655273438e-02 3.640714287757873535e-02 3.763975203037261963e-02 3.953361511230468750e-02 4.116345942020416260e-02 4.085379838943481445e-02 4.049545526504516602e-02 4.084554314613342285e-02 4.162670671939849854e-02 4.243956506252288818e-02 4.232819378376007080e-02 4.229286313056945801e-02 4.294212162494659424e-02 4.359036684036254883e-02 4.444053769111633301e-02 4.533921182155609131e-02 4.583448171615600586e-02 4.581415653228759766e-02 4.537485539913177490e-02 4.516273736953735352e-02 4.547850787639617920e-02 4.644840955734252930e-02 4.787084460258483887e-02 4.948762059211730957e-02 5.097702145576477051e-02 5.212053656578063965e-02 5.273984372615814209e-02 5.285330116748809814e-02 5.280305445194244385e-02 5.303896963596343994e-02 5.342094600200653076e-02 5.400948226451873779e-02 5.498793721199035645e-02 5.592431128025054932e-02 5.725120007991790771e-02 5.893132090568542480e-02 6.098513305187225342e-02 6.068487465381622314e-02 5.747178196907043457e-02 5.478735268115997314e-02 5.298577249050140381e-02 5.397596955299377441e-02 5.741955339908599854e-02 6.863439083099365234e-02 9.970343112945556641e-02 1.267047971487045288e-01 1.408961713314056396e-01 1.912602782249450684e-01 1.680518239736557007e-01 8.545807003974914551e-02 5.719298124313354492e-02 4.459762573242187500e-02 4.079037904739379883e-02 3.656311333179473877e-02 3.733411431312561035e-02 3.644905984401702881e-02 3.724353015422821045e-02
6.620359420776367188e-02 9.210292994976043701e-02 1.138005554676055908e-01 1.616317778825759888e-01 9.997959136962890625e-01 9.999762773513793945e-01 0.000000000000000000e+00 9.999913573265075684e-01 9.999521970748901367e-01 5.035020112991333008e-01 3.821449279785156250e-01 3.809720277786254883e-01 4.373926520347595215e-01 6.679176092147827148e-01 6.113620400428771973e-01 1.044767349958419800e-01 8.486947417259216309e-02 6.674233078956604004e-02 6.415973603725433350e-02 6.346753239631652832e-02 5.572505295276641846e-02 3.996685147285461426e-02 3.363281488418579102e-02 3.065642714500427246e-02 3.016601502895355225e-02 3.127619624137878418e-02 3.322784602642059326e-02 3.563560545444488525e-02 3.829388320446014404e-02 4.124812781810760498e-02 4.329165816307067871e-02 4.515932500362396240e-02 4.730975627899169922e-02 4.867549240589141846e-02 4.946100711822509766e-02 5.017209053039550781e-02 4.890109598636627197e-02 4.859501123428344727e-02 4.870939254760742188e-02 4.943351447582244873e-02 5.029536783695220947e-02 5.100305378437042236e-02 5.137783288955688477e-02 5.156578123569488525e-02 5.197390913963317871e-02 5.311414599418640137e-02 5.470423400402069092e-02 5.690243840217590332e-02 5.934844911098480225e-02 6.201310455799102783e-02 6.516033411026000977e-02 6.806346774101257324e-02 7.073323428630828857e-02 7.331268489360809326e-02 7.619726657867431641e-02 7.984694838523864746e-02 8.398197591304779053e-02 8.865259587764739990e-02 9.341387450695037842e-02 9.863458573818206787e-02 1.006866544485092163e-01 9.617459774017333984e-02 8.553616702556610107e-02 7.236811518669128418e-02 6.140451133251190186e-02 5.405567586421966553e-02 5.147808790206909180e-02 5.236440896987915039e-02 6.066468358039855957e-02 7.529814541339874268e-02 1.111764758825302124e-01 1.571438908576965332e-01 1.935021877288818359e-01 1.504414975643157959e-01 9.789052605628967285e-02 6.011946499347686768e-02 4.555210471153259277e-02 4.242727160453796387e-02 3.925515711307525635e-02 3.924983739852905273e-02 3.755979239940643311e-02 3.858183324337005615e-02
6.291574239730834961e-02 5.666929483413696289e-02 7.852473855018615723e-02 1.042334437370300293e-01 1.694070100784301758e-01 9.998925328254699707e-01 9.999913573265075684e-01 0.000000000000000000e+00 9.999964237213134766e-01 9.999604225158691406e-01 7.112553715705871582e-01 3.311430215835571289e-01 3.492630720138549805e-01 3.165348768234252930e-01 1.086812317371368408e-01 9.828098118305206299e-02 8.680275082588195801e-02 7.826016843318939209e-02 6.980159878730773926e-02 6.387881934642791748e-02 5.285595357418060303e-02 3.933255374431610107e-02 3.213551640510559082e-02 2.890330553054809570e-02 2.847944200038909912e-02 2.958169579505920410e-02 3.108660876750946045e-02 3.351475298404693604e-02 3.624653816223144531e-02 3.894910216331481934e-02 4.150766134262084961e-02 4.450085759162902832e-02 4.876855015754699707e-02 5.323673784732818604e-02 5.466319620609283447e-02 5.524702370166778564e-02 5.629600584506988525e-02 5.716450512409210205e-02 5.840212106704711914e-02 5.921572446823120117e-02 5.986887216567993164e-02 5.982136726379394531e-02 6.006002426147460938e-02 6.139393150806427002e-02 6.358247995376586914e-02 6.610026955604553223e-02 6.867708265781402588e-02 7.140868902206420898e-02 7.442966103553771973e-02 7.778605818748474121e-02 8.168588578701019287e-02 8.568970859050750732e-02 8.956092596054077148e-02 9.409797191619873047e-02 1.000684052705764771e-01 1.060784161090850830e-01 1.115869134664535522e-01 1.170541048049926758e-01 1.213192045688629150e-01 1.221117675304412842e-01 1.147491782903671265e-01 9.771066904067993164e-02 7.921841740608215332e-02 6.539744138717651367e-02 5.490620434284210205e-02 4.976861178874969482e-02 4.730418324470520020e-02 4.721756279468536377e-02 5.082538723945617676e-02 5.820208787918090820e-02 7.392090559005737305e-02 1.076460927724838257e-01 1.309667676687240601e-01 1.291441619396209717e-01 7.978369295597076416e-02 5.166183412075042725e-02 4.625713825225830078e-02 4.173959791660308838e-02 3.928217291831970215e-02 3.928336501121520996e-02 3.717090189456939697e-02 3.833076357841491699e-02
5.672217905521392822e-02 5.455321073532104492e-02 5.632607638835906982e-02 8.005109429359436035e-02 1.148721426725387573e-01 2.253257483243942261e-01 9.999521970748901367e-01 9.999964237213134766e-01 0.000000000000000000e+00 9.999970793724060059e-01 9.999630451202392578e-01 5.250241756439208984e-01 3.054768145084381104e-01 1.935718357563018799e-01 1.295926868915557861e-01 1.194922775030136108e-01 9.818126261234283447e-02 8.451247215270996094e-02 7.756485044956207275e-02 6.586363911628723145e-02 5.677804350852966309e-02 4.356512427330017090e-02 3.471432626247406006e-02 3.059643507003784180e-02 2.973924577236175537e-02 2.976755797863006592e-02 3.031724691390991211e-02 3.129723668098449707e-02 3.338693082332611084e-02 3.647933900356292725e-02 4.040077328681945801e-02 4.472719132900238037e-02 4.888118803501129150e-02 5.219440162181854248e-02 5.400857329368591309e-02 5.655202269554138184e-02 5.863009393215179443e-02 5.981828272342681885e-02 6.135615706443786621e-02 6.250554323196411133e-02 6.311985850334167480e-02 6.359556317329406738e-02 6.401510536670684814e-02 6.418961286544799805e-02 6.410387158393859863e-02 6.521944701671600342e-02 6.644441187381744385e-02 6.825786828994750977e-02 7.076913118362426758e-02 7.372267544269561768e-02 7.687094807624816895e-02 8.040983974933624268e-02 8.396573364734649658e-02 8.903910219669342041e-02 9.424866735935211182e-02 9.795188903808593750e-02 9.996119141578674316e-02 1.002321541309356689e-01 9.835556149482727051e-02 9.357485175132751465e-02 8.416542410850524902e-02 7.165378332138061523e-02 6.155228614807128906e-02 5.428870022296905518e-02 4.999534785747528076e-02 4.689030349254608154e-02 4.426577687263488770e-02 4.221482574939727783e-02 4.339475929737091064e-02 4.570934176445007324e-02 5.645327270030975342e-02 7.634422183036804199e-02 1.150924712419509888e-01 1.058954894542694092e-01 6.837779283523559570e-02 5.068513751029968262e-02 4.488210380077362061e-02 3.952103853225708008e-02 3.742519021034240723e-02 3.746786713600158691e-02 3.552535176277160645e-02 3.679120540618896484e-02
6.790073215961456299e-02 5.820454657077789307e-02 6.557588279247283936e-02 8.345001935958862305e-02 1.079872399568557739e-01 1.693343371152877808e-01 5.035020112991333008e-01 9.999604225158691406e-01 9.999970793724060059e-01 0.000000000000000000e+00 9.999964833259582520e-01 9.999508857727050781e-01 6.057991981506347656e-01 2.969123721122741699e-01 1.767665594816207886e-01 1.273495852947235107e-01 1.109225600957870483e-01 8.697748184204101562e-02 8.082135021686553955e-02 7.083640992641448975e-02 6.263577938079833984e-02 5.413109064102172852e-02 4.516793787479400635e-02 3.889362514019012451e-02 3.607635200023651123e-02 3.446233272552490234e-02 3.314141929149627686e-02 3.229592740535736084e-02 3.249354660511016846e-02 3.410643339157104492e-02 3.720915317535400391e-02 4.175849258899688721e-02 4.557992517948150635e-02 4.788455367088317871e-02 4.933992028236389160e-02 5.140595138072967529e-02 5.365273356437683105e-02 5.591601133346557617e-02 5.816179513931274414e-02 5.991758406162261963e-02 6.033085286617279053e-02 5.998189747333526611e-02 5.886323750019073486e-02 5.793631076812744141e-02 5.780123174190521240e-02 5.785384774208068848e-02 5.874070525169372559e-02 5.983433127403259277e-02 6.115704774856567383e-02 6.322574615478515625e-02 6.618128716945648193e-02 6.937891244888305664e-02 7.237008213996887207e-02 7.551558315753936768e-02 7.820026576519012451e-02 8.056540787220001221e-02 8.177818357944488525e-02 8.123430609703063965e-02 7.698571681976318359e-02 7.109153270721435547e-02 6.599745154380798340e-02 6.043423712253570557e-02 5.514100193977355957e-02 5.064710974693298340e-02 4.585272073745727539e-02 4.255709052085876465e-02 3.981807827949523926e-02 3.752902150154113770e-02 3.789180517196655273e-02 4.130293428897857666e-02 4.931396245956420898e-02 6.267645955085754395e-02 7.736076414585113525e-02 7.350113987922668457e-02 6.113877892494201660e-02 4.780359566211700439e-02 4.009005427360534668e-02 3.461724519729614258e-02 3.330753743648529053e-02 3.402347862720489502e-02 3.343705832958221436e-02 3.461436927318572998e-02
9.074175357818603516e-02 9.589765965938568115e-02 9.606982767581939697e-02 1.311433613300323486e-01 1.597756296396255493e-01 2.322752028703689575e-01 3.821449279785156250e-01 7.112553715705871582e-01 9.999630451202392578e-01 9.999964833259582520e-01 0.000000000000000000e+00 9.999953508377075195e-01 9.999546408653259277e-01 6.671190857887268066e-01 2.975723147392272949e-01 1.503072977066040039e-01 1.124449670314788818e-01 9.001354873180389404e-02 7.758924365043640137e-02 7.127836346626281738e-02 6.573134660720825195e-02 6.132301688194274902e-02 5.668909847736358643e-02 5.306029319763183594e-02 4.776111245155334473e-02 4.175879061222076416e-02 3.723481297492980957e-02 3.405475616455078125e-02 3.235740959644317627e-02 3.201779723167419434e-02 3.310014307498931885e-02 3.562456369400024414e-02 3.850342333316802979e-02 4.119966924190521240e-02 4.347866773605346680e-02 4.550507664680480957e-02 4.776218533515930176e-02 4.996199905872344971e-02 5.237716436386108398e-02 5.421519279479980469e-02 5.541260540485382080e-02 5.582877993583679199e-02 5.548448860645294189e-02 5.497725307941436768e-02 5.356052517890930176e-02 5.251578986644744873e-02 5.220806598663330078e-02 5.245909094810485840e-02 5.315408110618591309e-02 5.451583862304687500e-02 5.636480450630187988e-02 5.835247039794921875e-02 6.023153662681579590e-02 6.169913709163665771e-02 6.214597821235656738e-02 6.178128719329833984e-02 6.098438799381256104e-02 6.041410565376281738e-02 5.923014879226684570e-02 5.726693570613861084e-02 5.435775220394134521e-02 5.105446279048919678e-02 4.779228568077087402e-02 4.462389647960662842e-02 4.167757928371429443e-02 3.809100389480590820e-02 3.516985476016998291e-02 3.403356671333312988e-02 3.501702845096588135e-02 3.892271220684051514e-02 4.594264924526214600e-02 5.330023169517517090e-02 5.544406175613403320e-02 5.526876449584960938e-02 4.887469112873077393e-02 4.109846055507659912e-02 3.442445397377014160e-02 2.998602390289306641e-02 2.949167788028717041e-02 3.074805438518524170e-02 3.134447336196899414e-02 3.273601830005645752e-02
1.639839708805084229e-01 3.041677772998809814e-01 2.226047515869140625e-01 1.503549814224243164e-01 2.182121425867080688e-01 3.545430302619934082e-01 3.809720277786254883e-01 3.311430215835571289e-01 5.250241756439208984e-01 9.999508857727050781e-01 9.999953508377075195e-01 0.000000000000000000e+00 9.999969005584716797e-01 9.999688863754272461e-01 6.125118136405944824e-01 2.593511343002319336e-01 1.276104599237442017e-01 9.717005491256713867e-02 7.985399663448333740e-02 7.317280769348144531e-02 6.700204312801361084e-02 6.564845144748687744e-02 6.420518457889556885e-02 6.486119329929351807e-02 6.152482330799102783e-02 5.253939330577850342e-02 4.335555434226989746e-02 3.714831173419952393e-02 3.331132233142852783e-02 3.188991546630859375e-02 3.143973648548126221e-02 3.174450993537902832e-02 3.312297165393829346e-02 3.467078506946563721e-02 3.647406399250030518e-02 3.841562569141387939e-02 4.061451554298400879e-02 4.255522787570953369e-02 4.392400383949279785e-02 4.482932388782501221e-02 4.556618630886077881e-02 4.593737423419952393e-02 4.593983292579650879e-02 4.573196172714233398e-02 4.547591507434844971e-02 4.490949213504791260e-02 4.461322724819183350e-02 4.490798711776733398e-02 4.570817947387695312e-02 4.704467952251434326e-02 4.852689802646636963e-02 4.980200529098510742e-02 5.056725442409515381e-02 5.078162252902984619e-02 5.058132112026214600e-02 5.009853839874267578e-02 4.942990839481353760e-02 4.855617880821228027e-02 4.743686318397521973e-02 4.601132869720458984e-02 4.413372278213500977e-02 4.188238084316253662e-02 3.961199522018432617e-02 3.803935647010803223e-02 3.629580140113830566e-02 3.440472483634948730e-02 3.308168053627014160e-02 3.268301486968994141e-02 3.395016491413116455e-02 3.659507632255554199e-02 4.099795222282409668e-02 4.509866237640380859e-02 4.715554416179656982e-02 4.523484408855438232e-02 4.014649987220764160e-02 3.440563380718231201e-02 2.982319891452789307e-02 2.771566808223724365e-02 2.767154574394226074e-02 2.925564348697662354e-02 2.990886569023132324e-02 3.164009749889373779e-02
3.494400084018707275e-01 2.884006202220916748e-01 1.863777935504913330e-01 1.958761811256408691e-01 4.355995655059814453e-01 6.127013564109802246e-01 4.373926520347595215e-01 3.492630720138549805e-01 3.054768145084381104e-01 6.057991981506347656e-01 9.999546408653259277e-01 9.999969005584716797e-01 0.000000000000000000e+00 9.999980926513671875e-01 9.999769926071166992e-01 5.231845378875732422e-01 2.151258736848831177e-01 1.128470897674560547e-01 8.693911135196685791e-02 7.885117828845977783e-02 7.489219307899475098e-02 6.877888739109039307e-02 7.065992057323455811e-02 7.121711969375610352e-02 6.984321773052215576e-02 6.390993297100067139e-02 5.288386344909667969e-02 4.264281690120697021e-02 3.674842417240142822e-02 3.293685615062713623e-02 3.148585557937622070e-02 3.099632263183593750e-02 3.083515167236328125e-02 3.129236400127410889e-02 3.188477456569671631e-02 3.306113183498382568e-02 3.412121534347534180e-02 3.509706258773803711e-02 3.598664700984954834e-02 3.675633668899536133e-02 3.732392191886901855e-02 3.773610293865203857e-02 3.809246420860290527e-02 3.849110007286071777e-02 3.869317471981048584e-02 3.907808661460876465e-02 3.958787024021148682e-02 4.024134576320648193e-02 4.106938838958740234e-02 4.195922613143920898e-02 4.279540479183197021e-02 4.333369433879852295e-02 4.353150725364685059e-02 4.340790212154388428e-02 4.298965632915496826e-02 4.235319793224334717e-02 4.150848090648651123e-02 4.059381783008575439e-02 3.955070674419403076e-02 3.821621835231781006e-02 3.668326139450073242e-02 3.525300323963165283e-02 3.448733687400817871e-02 3.394435346126556396e-02 3.305898606777191162e-02 3.187005221843719482e-02 3.116273880004882812e-02 3.119365870952606201e-02 3.243596851825714111e-02 3.462846577167510986e-02 3.794749081134796143e-02 4.026855528354644775e-02 4.012539982795715332e-02 3.845840692520141602e-02 3.443649411201477051e-02 3.041365742683410645e-02 2.781198918819427490e-02 2.619333565235137939e-02 2.657333016395568848e-02 2.815888822078704834e-02 2.887625992298126221e-02 3.064726293087005615e-02
2.955977022647857666e-01 1.063806861639022827e-01 1.177832931280136108e-01 6.419312357902526855e-01 6.444078683853149414e-01 6.877333521842956543e-01 6.679176092147827148e-01 3.165348768234252930e-01 1.935718357563018799e-01 2.969123721122741699e-01 6.671190857887268066e-01 9.999688863754272461e-01 9.999980926513671875e-01 0.000000000000000000e+00 9.999985694885253906e-01 9.999807476997375488e-01 4.075048565864562988e-01 1.743730306625366211e-01 1.067611724138259888e-01 8.519004285335540771e-02 8.574965596199035645e-02 7.945835590362548828e-02 7.333087921142578125e-02 7.633836567401885986e-02 7.374662160873413086e-02 7.010653614997863770e-02 6.234665215015411377e-02 5.227823555469512939e-02 4.325702786445617676e-02 3.679415583610534668e-02 3.269396722316741943e-02 3.091302514076232910e-02 3.009873628616333008e-02 2.995651960372924805e-02 3.017784655094146729e-02 3.049677610397338867e-02 3.090001642704010010e-02 3.134171664714813232e-02 3.176677227020263672e-02 3.208282589912414551e-02 3.233705461025238037e-02 3.263549506664276123e-02 3.291311860084533691e-02 3.308166563510894775e-02 3.321839869022369385e-02 3.327843546867370605e-02 3.361161053180694580e-02 3.433308005332946777e-02 3.508456051349639893e-02 3.594957292079925537e-02 3.658486902713775635e-02 3.686048090457916260e-02 3.670918941497802734e-02 3.613476455211639404e-02 3.537665307521820068e-02 3.457590937614440918e-02 3.377923369407653809e-02 3.302322328090667725e-02 3.234049677848815918e-02 3.176331520080566406e-02 3.123244643211364746e-02 3.076855838298797607e-02 3.048834204673767090e-02 3.067477047443389893e-02 3.079779446125030518e-02 3.068594634532928467e-02 3.058809041976928711e-02 3.075309097766876221e-02 3.150783479213714600e-02 3.276406228542327881e-02 3.527675569057464600e-02 3.741794824600219727e-02 3.784157335758209229e-02 3.573101758956909180e-02 3.197781741619110107e-02 2.914051711559295654e-02 2.702154219150543213e-02 2.550083398818969727e-02 2.596911787986755371e-02 2.762287855148315430e-02 2.822966873645782471e-02 3.002834320068359375e-02
9.086555242538452148e-02 9.402453899383544922e-02 6.873264312744140625e-01 7.138162851333618164e-01 7.030302286148071289e-01 7.371500730514526367e-01 6.113620400428771973e-01 1.086812317371368408e-01 1.295926868915557861e-01 1.767665594816207886e-01 2.975723147392272949e-01 6.125118136405944824e-01 9.999769926071166992e-01 9.999985694885253906e-01 0.000000000000000000e+00 9.999986886978149414e-01 9.999793171882629395e-01 3.495505750179290771e-01 1.612448692321777344e-01 1.070339977741241455e-01 8.779580891132354736e-02 9.203353524208068848e-02 8.414925634860992432e-02 7.893450558185577393e-02 7.977531850337982178e-02 7.363232970237731934e-02 6.956228613853454590e-02 6.247273087501525879e-02 5.319616198539733887e-02 4.470078647136688232e-02 3.758150339126586914e-02 3.297120332717895508e-02 3.073975443840026855e-02 2.973675727844238281e-02 2.938646078109741211e-02 2.948328852653503418e-02 2.967415750026702881e-02 2.997554838657379150e-02 3.029413521289825439e-02 3.059841692447662354e-02 3.080527484416961670e-02 3.088395297527313232e-02 3.096927702426910400e-02 3.103122115135192871e-02 3.108578920364379883e-02 3.104022145271301270e-02 3.098185360431671143e-02 3.108030557632446289e-02 3.129467368125915527e-02 3.149579465389251709e-02 3.154824674129486084e-02 3.143928945064544678e-02 3.111799061298370361e-02 3.073586523532867432e-02 3.047315776348114014e-02 3.025023639202117920e-02 2.997702360153198242e-02 2.970716357231140137e-02 2.946132421493530273e-02 2.927163243293762207e-02 2.921657264232635498e-02 2.932608127593994141e-02 2.953615784645080566e-02 2.984707057476043701e-02 3.031392395496368408e-02 3.054705262184143066e-02 3.070659935474395752e-02 3.099770843982696533e-02 3.160966932773590088e-02 3.235822916030883789e-02 3.431734442710876465e-02 3.589472174644470215e-02 3.671908378601074219e-02 3.524912893772125244e-02 3.181113302707672119e-02 2.906559407711029053e-02 2.699287235736846924e-02 2.538096904754638672e-02 2.575571835041046143e-02 2.740754187107086182e-02 2.800568938255310059e-02 2.985954284667968750e-02
9.126909077167510986e-02 6.696013808250427246e-01 6.581797599792480469e-01 6.572476029396057129e-01 7.003419995307922363e-01 7.153519392013549805e-01 1.044767349958419800e-01 9.828098118305206299e-02 1.194922775030136108e-01 1.273495852947235107e-01 1.503072977066040039e-01 2.593511343002319336e-01 5.231845378875732422e-01 9.999807476997375488e-01 9.999986886978149414e-01 0.000000000000000000e+00 9.999986886978149414e-01 9.999784231185913086e-01 3.228424191474914551e-01 1.558535844087600708e-01 1.069163531064987183e-01 9.157051146030426025e-02 9.528148174285888672e-02 8.662711083889007568e-02 8.460468053817749023e-02 8.457136154174804688e-02 7.702048122882843018e-02 7.316754758358001709e-02 6.503576040267944336e-02 5.632726848125457764e-02 4.679541289806365967e-02 3.873017430305480957e-02 3.359808027744293213e-02 3.085783123970031738e-02 2.961698174476623535e-02 2.926546335220336914e-02 2.924406528472900391e-02 2.940368652343750000e-02 2.966105937957763672e-02 2.985668182373046875e-02 3.007204830646514893e-02 3.020817041397094727e-02 3.026631474494934082e-02 3.030221164226531982e-02 3.026230633258819580e-02 3.017890453338623047e-02 3.009779751300811768e-02 2.999423444271087646e-02 2.986042201519012451e-02 2.989369630813598633e-02 2.989359200000762939e-02 2.984337508678436279e-02 2.968887984752655029e-02 2.944880723953247070e-02 2.927541732788085938e-02 2.910725772380828857e-02 2.890285849571228027e-02 2.865765988826751709e-02 2.845415472984313965e-02 2.835278213024139404e-02 2.847959101200103760e-02 2.872774004936218262e-02 2.906848490238189697e-02 2.955740690231323242e-02 3.028391301631927490e-02 3.097730875015258789e-02 3.162470459938049316e-02 3.211097419261932373e-02 3.260979056358337402e-02 3.292414546012878418e-02 3.390051424503326416e-02 3.486166894435882568e-02 3.512522578239440918e-02 3.460824489593505859e-02 3.196683526039123535e-02 2.926553785800933838e-02 2.716062963008880615e-02 2.555376291275024414e-02 2.587261795997619629e-02 2.765630185604095459e-02 2.807216346263885498e-02 3.001971542835235596e-02
5.759966373443603516e-01 5.465208888053894043e-01 5.554963350296020508e-01 6.467740535736083984e-01 6.864829063415527344e-01 7.948136329650878906e-02 8.486947417259216309e-02 8.680275082588195801e-02 9.818126261234283447e-02 1.109225600957870483e-01 1.124449670314788818e-01 1.276104599237442017e-01 2.151258736848831177e-01 4.075048565864562988e-01 9.999793171882629395e-01 9.999986886978149414e-01 0.000000000000000000e+00 9.999986886978149414e-01 9.999784231185913086e-01 3.176012039184570312e-01 1.563010066747665405e-01 1.092740148305892944e-01 9.722821414470672607e-02 1.003640443086624146e-01 9.139856696128845215e-02 9.329231083393096924e-02 9.119158983230590820e-02 8.239439129829406738e-02 7.908266782760620117e-02 7.047705352306365967e-02 6.024035811424255371e-02 4.858803749084472656e-02 3.996607661247253418e-02 3.422516584396362305e-02 3.122495114803314209e-02 2.981899678707122803e-02 2.934889495372772217e-02 2.933119237422943115e-02 2.951325476169586182e-02 2.963316440582275391e-02 2.979519963264465332e-02 3.000853955745697021e-02 3.010030090808868408e-02 3.009320795536041260e-02 3.002364933490753174e-02 2.990421652793884277e-02 2.980075776576995850e-02 2.972812950611114502e-02 2.968078851699829102e-02 2.959568798542022705e-02 2.940703928470611572e-02 2.924935519695281982e-02 2.910465002059936523e-02 2.895312011241912842e-02 2.879527211189270020e-02 2.863116562366485596e-02 2.842758595943450928e-02 2.821078896522521973e-02 2.805617451667785645e-02 2.805775403976440430e-02 2.815321087837219238e-02 2.847383916378021240e-02 2.901139855384826660e-02 2.971753478050231934e-02 3.071890771389007568e-02 3.176334500312805176e-02 3.272368013858795166e-02 3.353776037693023682e-02 3.390225768089294434e-02 3.392687439918518066e-02 3.426697850227355957e-02 3.469647467136383057e-02 3.486657142639160156e-02 3.442892432212829590e-02 3.193500638008117676e-02 2.978955209255218506e-02 2.770157158374786377e-02 2.604605257511138916e-02 2.636004984378814697e-02 2.806957066059112549e-02 2.835234999656677246e-02 3.029778599739074707e-02
5.195356607437133789e-01 4.229484200477600098e-01 4.795952141284942627e-01 6.253198385238647461e-01 7.133799791336059570e-02 6.375591456890106201e-02 6.674233078956604004e-02 7.826016843318939209e-02 8.451247215270996094e-02 8.697748184204101562e-02 9.001354873180389404e-02 9.717005491256713867e-02 1.128470897674560547e-01 1.743730306625366211e-01 3.495505750179290771e-01 9.999784231185913086e-01 9.999986886978149414e-01 0.000000000000000000e+00 9.999988079071044922e-01 9.999792575836181641e-01 3.256909251213073730e-01 1.616826057434082031e-01 1.145217716693878174e-01 1.031701713800430298e-01 1.073222905397415161e-01 9.861433506011962891e-02 1.046418845653533936e-01 1.005957126617431641e-01 8.965231478214263916e-02 8.489860594272613525e-02 7.501646876335144043e-02 6.353402137756347656e-02 4.904066026210784912e-02 4.060047864913940430e-02 3.468330204486846924e-02 3.157033026218414307e-02 3.014498949050903320e-02 2.968294918537139893e-02 2.952970564365386963e-02 2.965256571769714355e-02 2.982717752456665039e-02 3.003768622875213623e-02 3.011886775493621826e-02 3.003631532192230225e-02 2.990803122520446777e-02 2.979069948196411133e-02 2.972617745399475098e-02 2.966991066932678223e-02 2.954743802547454834e-02 2.938912808895111084e-02 2.918867766857147217e-02 2.900032699108123779e-02 2.882841229438781738e-02 2.866055071353912354e-02 2.848449349403381348e-02 2.830363810062408447e-02 2.812376618385314941e-02 2.801126241683959961e-02 2.801473438739776611e-02 2.811144292354583740e-02 2.829104661941528320e-02 2.856594324111938477e-02 2.899946272373199463e-02 2.996020019054412842e-02 3.135599195957183838e-02 3.279507160186767578e-02 3.385180234909057617e-02 3.456494212150573730e-02 3.476582467555999756e-02 3.474284708499908447e-02 3.470449149608612061e-02 3.466098010540008545e-02 3.432154655456542969e-02 3.367398679256439209e-02 3.247594833374023438e-02 3.034304082393646240e-02 2.844528853893280029e-02 2.670799195766448975e-02 2.720387279987335205e-02 2.853801846504211426e-02 2.875685691833496094e-02 3.068064153194427490e-02
4.359704852104187012e-01 3.287981152534484863e-01 4.693759083747863770e-01 7.902178168296813965e-02 5.984909832477569580e-02 5.783845484256744385e-02 6.415973603725433350e-02 6.980159878730773926e-02 7.756485044956207275e-02 8.082135021686553955e-02 7.758924365043640137e-02 7.985399663448333740e-02 8.693911135196685791e-02 1.067611724138259888e-01 1.612448692321777344e-01 3.228424191474914551e-01 9.999784231185913086e-01 9.999988079071044922e-01 0.000000000000000000e+00 9.999988079071044922e-01 9.999800324440002441e-01 3.380042910575866699e-01 1.710404008626937866e-01 1.218295544385910034e-01 1.111124008893966675e-01 1.181997060775756836e-01 1.077015548944473267e-01 1.205045431852340698e-01 1.111704409122467041e-01 9.730504453182220459e-02 8.992287516593933105e-02 7.657213509082794189e-02 6.300215423107147217e-02 4.867237806320190430e-02 4.037442803382873535e-02 3.461778163909912109e-02 3.170147538185119629e-02 3.033928573131561279e-02 2.973392605781555176e-02 2.962359786033630371e-02 2.971318364143371582e-02 2.987308800220489502e-02 3.002041578292846680e-02 2.999837696552276611e-02 2.988727390766143799e-02 2.976261079311370850e-02 2.966602146625518799e-02 2.954427897930145264e-02 2.937799692153930664e-02 2.913124859333038330e-02 2.883452177047729492e-02 2.856011688709259033e-02 2.832354605197906494e-02 2.809913456439971924e-02 2.789621055126190186e-02 2.779300510883331299e-02 2.769632637500762939e-02 2.771249413490295410e-02 2.780809998512268066e-02 2.788951992988586426e-02 2.802577614784240723e-02 2.833117544651031494e-02 2.924023568630218506e-02 3.082710504531860352e-02 3.237447142601013184e-02 3.381498157978057861e-02 3.465776145458221436e-02 3.511609137058258057e-02 3.576052188873291016e-02 3.581807017326354980e-02 3.515189886093139648e-02 3.449249267578125000e-02 3.399959206581115723e-02 3.345146775245666504e-02 3.256182372570037842e-02 3.099137544631958008e-02 2.930326759815216064e-02 2.752554416656494141e-02 2.810546755790710449e-02 2.889283001422882080e-02 2.919577062129974365e-02 3.115896880626678467e-02
