0.000000000000000000e+00 9.992709159851074219e-01 9.990165233612060547e-01 1.309025287628173828e-01 1.248394995927810669e-01 1.062457859516143799e-01 7.485860586166381836e-02 7.443009316921234131e-02 6.607502698898315430e-02 6.793849170207977295e-02 6.577663123607635498e-02 5.976228415966033936e-02 5.453497171401977539e-02 4.883141815662384033e-02 4.159909486770629883e-02 3.776349127292633057e-02 3.561316430568695068e-02 3.431849181652069092e-02 3.361994028091430664e-02 3.391043841838836670e-02 3.488196432590484619e-02 3.574779629707336426e-02 3.633256256580352783e-02 3.702546656131744385e-02 3.740927577018737793e-02 3.738099336624145508e-02 3.726606070995330811e-02 3.730298578739166260e-02 3.652651607990264893e-02 3.654469549655914307e-02 3.727540373802185059e-02 3.781257569789886475e-02 3.874865174293518066e-02 3.963901102542877197e-02 3.910025954246520996e-02 3.803548216819763184e-02 3.704312443733215332e-02 3.603203594684600830e-02 3.515125811100006104e-02 3.452350199222564697e-02 3.408654034137725830e-02 3.393389284610748291e-02 3.533743321895599365e-02 3.708137571811676025e-02 4.052069783210754395e-02 4.362265765666961670e-02 4.634983837604522705e-02 4.604972898960113525e-02 4.184295237064361572e-02 3.832145035266876221e-02 3.605438768863677979e-02 3.495730459690093994e-02 3.498958051204681396e-02 3.605623543262481689e-02 3.715854883193969727e-02 3.817827999591827393e-02 3.908024728298187256e-02 3.971777856349945068e-02 4.301850497722625732e-02 5.236648023128509521e-02 8.968997001647949219e-02 2.260070592164993286e-01 4.071688055992126465e-01 3.585770130157470703e-01 8.442559838294982910e-02 1.002098172903060913e-01 8.425242304801940918e-01 9.039434194564819336e-01 8.882759213447570801e-01
9.992709159851074219e-01 0.000000000000000000e+00 9.997428655624389648e-01 9.997066259384155273e-01 1.523661166429519653e-01 1.344514489173889160e-01 1.054721325635910034e-01 7.171699404716491699e-02 6.903506815433502197e-02 6.750825047492980957e-02 6.195485591888427734e-02 6.155328452587127686e-02 5.748873949050903320e-02 5.223412811756134033e-02 4.725423455238342285e-02 4.138603806495666504e-02 3.731162846088409424e-02 3.457923233509063721e-02 3.278024494647979736e-02 3.225436806678771973e-02 3.288140892982482910e-02 3.402313590049743652e-02 3.534895181655883789e-02 3.616520762443542480e-02 3.606598079204559326e-02 3.627282381057739258e-02 3.596642613410949707e-02 3.442923724651336670e-02 3.411547839641571045e-02 3.408265113830566406e-02 3.478889167308807373e-02 3.621827065944671631e-02 3.672276437282562256e-02 3.750905394554138184e-02 3.784251213073730469e-02 3.718553483486175537e-02 3.672260046005249023e-02 3.670524060726165771e-02 3.510035574436187744e-02 3.409202396869659424e-02 3.441765904426574707e-02 3.531007468700408936e-02 3.746709227561950684e-02 4.079087078571319580e-02 4.509653151035308838e-02 5.314841866493225098e-02 5.881612002849578857e-02 5.910247564315795898e-02 5.417720973491668701e-02 4.400368034839630127e-02 3.775538504123687744e-02 3.410775959491729736e-02 3.315442800521850586e-02 3.420634567737579346e-02 3.591151535511016846e-02 3.698149323463439941e-02 3.739325702190399170e-02 3.781540691852569580e-02 4.278656840324401855e-02 5.861856043338775635e-02 1.311728209257125854e-01 3.045783042907714844e-01 2.762510776519775391e-01 7.724888622760772705e-02 8.826771378517150879e-02 8.202103972434997559e-01 9.442904591560363770e-01 9.352164268493652344e-01 8.904696106910705566e-01
9.990165233612060547e-01 9.997428655624389648e-01 0.000000000000000000e+00 9.998912811279296875e-01 9.995844364166259766e-01 1.660122275352478027e-01 1.341755390167236328e-01 9.300811588764190674e-02 7.456235587596893311e-02 7.377381622791290283e-02 6.599989533424377441e-02 6.023387610912322998e-02 6.240648031234741211e-02 5.799734592437744141e-02 5.327299237251281738e-02 4.895384609699249268e-02 4.336903989315032959e-02 3.987081348896026611e-02 3.692950308322906494e-02 3.498391807079315186e-02 3.429628908634185791e-02 3.576444089412689209e-02 3.684431314468383789e-02 3.719240427017211914e-02 3.716897964477539062e-02 3.709049522876739502e-02 3.515267372131347656e-02 3.399170935153961182e-02 3.328754007816314697e-02 3.367704153060913086e-02 3.445698320865631104e-02 3.550343215465545654e-02 3.718119859695434570e-02 3.834328055381774902e-02 3.911104798316955566e-02 3.913119435310363770e-02 3.916937112808227539e-02 4.091033339500427246e-02 4.050320386886596680e-02 3.801135718822479248e-02 3.746607899665832520e-02 4.071393609046936035e-02 4.564753174781799316e-02 5.085568130016326904e-02 5.610217154026031494e-02 6.416283547878265381e-02 7.167558372020721436e-02 7.010400295257568359e-02 6.032426655292510986e-02 4.900147020816802979e-02 4.076611995697021484e-02 3.468529880046844482e-02 3.277534246444702148e-02 3.346455097198486328e-02 3.554244339466094971e-02 3.812903165817260742e-02 4.168830811977386475e-02 4.493851959705352783e-02 5.172771215438842773e-02 8.530619740486145020e-02 2.116391062736511230e-01 1.982298195362091064e-01 7.929356396198272705e-02 8.622227609157562256e-02 8.003633618354797363e-01 8.629121780395507812e-01 9.068611860275268555e-01 9.297111034393310547e-01 8.800463676452636719e-01
1.309025287628173828e-01 9.997066259384155273e-01 9.998912811279296875e-01 0.000000000000000000e+00 9.999115467071533203e-01 9.998177289962768555e-01 1.856479346752166748e-01 1.330187618732452393e-01 8.803249895572662354e-02 7.354678213596343994e-02 7.839635014533996582e-02 6.899508833885192871e-02 6.328813731670379639e-02 6.503817439079284668e-02 6.234392523765563965e-02 5.888091027736663818e-02 5.534899234771728516e-02 5.052858591079711914e-02 4.566957056522369385e-02 4.023259878158569336e-02 3.842216730117797852e-02 3.922306001186370850e-02 3.895315527915954590e-02 3.910666704177856445e-02 3.955955803394317627e-02 3.864805400371551514e-02 3.718656301498413086e-02 3.811979293823242188e-02 3.601281344890594482e-02 3.558219969272613525e-02 3.556995093822479248e-02 3.764599561691284180e-02 3.943663835525512695e-02 4.026694595813751221e-02 4.137626290321350098e-02 4.196204245090484619e-02 4.246209561824798584e-02 4.599253833293914795e-02 4.774090647697448730e-02 4.655818641185760498e-02 4.630930721759796143e-02 4.872319102287292480e-02 5.445519089698791504e-02 7.044120132923126221e-02 1.011337488889694214e-01 1.464440226554870605e-01 1.406218111515045166e-01 8.759360015392303467e-02 6.559681892395019531e-02 5.594524741172790527e-02 4.542680084705352783e-02 3.777565062046051025e-02 3.518299758434295654e-02 3.556329011917114258e-02 3.719735145568847656e-02 4.188057780265808105e-02 4.783684015274047852e-02 5.707575380802154541e-02 8.401122689247131348e-02 1.714753210544586182e-01 1.653112918138504028e-01 8.270430564880371094e-02 9.236675500869750977e-02 8.065012097358703613e-01 8.026881217956542969e-01 8.534531593322753906e-01 8.832529783248901367e-01 9.466361999511718750e-01 4.844814538955688477e-02
1.248394995927810669e-01 1.523661166429519653e-01 9.995844364166259766e-01 9.999115467071533203e-01 0.000000000000000000e+00 9.999674558639526367e-01 9.999277591705322266e-01 2.000684887170791626e-01 1.304271221160888672e-01 8.742156624794006348e-02 7.772451639175415039e-02 8.159634470939636230e-02 7.320562005043029785e-02 6.864233314990997314e-02 7.213918864727020264e-02 6.977009773254394531e-02 6.753930449485778809e-02 6.592959165573120117e-02 6.211847066879272461e-02 5.630825459957122803e-02 5.304081737995147705e-02 4.927498102188110352e-02 4.773296415805816650e-02 4.925686120986938477e-02 4.848308861255645752e-02 4.590573906898498535e-02 4.325714707374572754e-02 3.997533023357391357e-02 3.787888586521148682e-02 3.711466491222381592e-02 3.780440986156463623e-02 3.982719779014587402e-02 4.111132025718688965e-02 4.239910840988159180e-02 4.291377961635589600e-02 4.248075187206268311e-02 4.186864197254180908e-02 4.422420263290405273e-02 4.890112578868865967e-02 5.301639437675476074e-02 5.696436762809753418e-02 6.188946962356567383e-02 8.529064059257507324e-02 1.697992235422134399e-01 2.817439734935760498e-01 3.125384151935577393e-01 2.660027742385864258e-01 1.201764792203903198e-01 7.263484597206115723e-02 5.559790134429931641e-02 4.545190930366516113e-02 3.929141163825988770e-02 3.740134835243225098e-02 3.780360519886016846e-02 3.958119451999664307e-02 4.607841372489929199e-02 6.108123064041137695e-02 7.993973791599273682e-02 1.200192421674728394e-01 1.496554911136627197e-01 1.080058664083480835e-01 1.131068617105484009e-01 6.518058776855468750e-01 7.968800067901611328e-01 7.722213864326477051e-01 7.267615199089050293e-01 8.770098090171813965e-01 4.295183718204498291e-02 3.679731488227844238e-02
1.062457859516143799e-01 1.344514489173889160e-01 1.660122275352478027e-01 9.998177289962768555e-01 9.999674558639526367e-01 0.000000000000000000e+00 9.999899864196777344e-01 9.999673962593078613e-01 2.233147025108337402e-01 1.403013169765472412e-01 9.817384183406829834e-02 9.526970982551574707e-02 1.018555909395217896e-01 8.798158168792724609e-02 8.866794407367706299e-02 9.258969128131866455e-02 9.635201096534729004e-02 1.223135143518447876e-01 1.392493396997451782e-01 9.726937115192413330e-02 7.802098989486694336e-02 7.283425331115722656e-02 7.723435759544372559e-02 8.034232258796691895e-02 7.401674985885620117e-02 6.299303472042083740e-02 5.272643268108367920e-02 4.630573093891143799e-02 4.272814095020294189e-02 4.284206032752990723e-02 4.449279606342315674e-02 4.827159643173217773e-02 5.291892588138580322e-02 5.361530184745788574e-02 4.901409149169921875e-02 4.462094604969024658e-02 4.288056492805480957e-02 4.590989649295806885e-02 5.097489058971405029e-02 6.734378635883331299e-02 1.046816855669021606e-01 1.555395275354385376e-01 2.890785932540893555e-01 4.254704117774963379e-01 5.146701335906982422e-01 5.063807964324951172e-01 3.965488374233245850e-01 1.914059519767761230e-01 1.000037491321563721e-01 7.355584204196929932e-02 5.714902281761169434e-02 4.689162969589233398e-02 4.233846068382263184e-02 4.135838150978088379e-02 4.497140645980834961e-02 6.270103156566619873e-02 9.382799267768859863e-02 1.264560371637344360e-01 1.279368996620178223e-01 1.387591361999511719e-01 1.674524545669555664e-01 4.984862506389617920e-01 7.592709660530090332e-01 8.044741749763488770e-01 7.017711400985717773e-01 7.723245620727539062e-01 4.305437207221984863e-02 3.415559232234954834e-02 3.705376386642456055e-02
7.485860586166381836e-02 1.054721325635910034e-01 1.341755390167236328e-01 1.856479346752166748e-01 9.999277591705322266e-01 9.999899864196777344e-01 0.000000000000000000e+00 9.999960064888000488e-01 9.999800920486450195e-01 2.512701451778411865e-01 1.632895469665527344e-01 1.174080967903137207e-01 1.125161200761795044e-01 1.222878992557525635e-01 1.159338355064392090e-01 1.327176243066787720e-01 1.704789549112319946e-01 2.481228262186050415e-01 3.105262219905853271e-01 2.010341584682464600e-01 1.581170260906219482e-01 1.311536431312561035e-01 1.675308197736740112e-01 1.604225635528564453e-01 1.307677179574966431e-01 8.035118877887725830e-02 6.498137116432189941e-02 5.658860504627227783e-02 5.308325588703155518e-02 5.309833586215972900e-02 5.734695494174957275e-02 6.371068954467773438e-02 6.602419912815093994e-02 5.812121927738189697e-02 5.034266412258148193e-02 4.557843506336212158e-02 4.487493634223937988e-02 4.637362062931060791e-02 5.186150968074798584e-02 7.399718463420867920e-02 1.547521799802780151e-01 3.144271373748779297e-01 4.820905625820159912e-01 5.776181221008300781e-01 6.008666753768920898e-01 5.110399723052978516e-01 3.441955447196960449e-01 1.977170258760452271e-01 1.219130605459213257e-01 9.551379084587097168e-02 7.106240093708038330e-02 5.870379507541656494e-02 5.072864890098571777e-02 4.693619906902313232e-02 5.556382238864898682e-02 8.860658109188079834e-02 1.265197545289993286e-01 1.311285197734832764e-01 1.406272500753402710e-01 1.882498860359191895e-01 3.409102261066436768e-01 4.917647838592529297e-01 6.072469353675842285e-01 5.752208232879638672e-01 5.765173435211181641e-01 5.250012874603271484e-02 3.483304381370544434e-02 3.330315649509429932e-02 3.684787452220916748e-02
7.443009316921234131e-02 7.171699404716491699e-02 9.300811588764190674e-02 1.330187618732452393e-01 2.000684887170791626e-01 9.999673962593078613e-01 9.999960064888000488e-01 0.000000000000000000e+00 9.999977350234985352e-01 9.999802112579345703e-01 2.954114973545074463e-01 1.871733963489532471e-01 1.314927935600280762e-01 1.217037290334701538e-01 1.265466660261154175e-01 1.443145275115966797e-01 1.858273893594741821e-01 3.215444087982177734e-01 3.623704612255096436e-01 3.338114619255065918e-01 2.671137452125549316e-01 4.232099056243896484e-01 3.980762362480163574e-01 3.180624842643737793e-01 1.880878359079360962e-01 1.040108799934387207e-01 7.778669893741607666e-02 6.946043670177459717e-02 6.599077582359313965e-02 6.547139585018157959e-02 7.320189476013183594e-02 7.893708348274230957e-02 6.791272759437561035e-02 5.596135556697845459e-02 4.886676371097564697e-02 4.572902619838714600e-02 4.372955858707427979e-02 4.460690915584564209e-02 4.978081583976745605e-02 6.663627922534942627e-02 1.538622379302978516e-01 3.733147382736206055e-01 5.548720359802246094e-01 6.076635122299194336e-01 5.294798016548156738e-01 3.857457041740417480e-01 2.314329445362091064e-01 1.338372677564620972e-01 9.940463304519653320e-02 8.015978336334228516e-02 7.080887258052825928e-02 6.392115354537963867e-02 5.503728985786437988e-02 5.102002620697021484e-02 6.493042409420013428e-02 1.009926199913024902e-01 1.242432594299316406e-01 1.315393745899200439e-01 1.606200784444808960e-01 1.928736716508865356e-01 2.113270163536071777e-01 2.472751885652542114e-01 2.818034291267395020e-01 3.265714049339294434e-01 6.748177111148834229e-02 3.922970592975616455e-02 3.314635157585144043e-02 3.221428394317626953e-02 3.561358153820037842e-02
6.607502698898315430e-02 6.903506815433502197e-02 7.456235587596893311e-02 8.803249895572662354e-02 1.304271221160888672e-01 2.233147025108337402e-01 9.999800920486450195e-01 9.999977350234985352e-01 0.000000000000000000e+00 9.999979734420776367e-01 9.999781250953674316e-01 2.832418084144592285e-01 1.824604272842407227e-01 1.421480327844619751e-01 1.302150785923004150e-01 1.392074227333068848e-01 1.853516250848770142e-01 2.783856987953186035e-01 3.585851490497589111e-01 3.082615733146667480e-01 6.353948116302490234e-01 6.117941141128540039e-01 5.486803650856018066e-01 4.457549452781677246e-01 3.373088836669921875e-01 1.287299841642379761e-01 1.034992933273315430e-01 9.036324918270111084e-02 7.972085475921630859e-02 7.928544282913208008e-02 8.403806388378143311e-02 7.703219354152679443e-02 6.051890552043914795e-02 5.200952291488647461e-02 4.752755165100097656e-02 4.375149309635162354e-02 4.074448347091674805e-02 4.116776585578918457e-02 4.469820857048034668e-02 5.418911576271057129e-02 1.037056595087051392e-01 2.778370380401611328e-01 4.640723466873168945e-01 4.821336567401885986e-01 3.815850615501403809e-01 2.604904770851135254e-01 1.307341009378433228e-01 8.273105323314666748e-02 6.729052960872650146e-02 6.041221320629119873e-02 5.699844658374786377e-02 5.639769136905670166e-02 5.297832190990447998e-02 5.284956097602844238e-02 6.853397190570831299e-02 9.802384674549102783e-02 1.171130537986755371e-01 1.328270882368087769e-01 1.452937424182891846e-01 1.625002920627593994e-01 1.534718573093414307e-01 1.461393684148788452e-01 1.743194907903671265e-01 8.203028142452239990e-02 4.642952978610992432e-02 3.736071288585662842e-02 3.308990597724914551e-02 3.083199262619018555e-02 3.465555608272552490e-02
6.793849170207977295e-02 6.750825047492980957e-02 7.377381622791290283e-02 7.354678213596343994e-02 8.742156624794006348e-02 1.403013169765472412e-01 2.512701451778411865e-01 9.999802112579345703e-01 9.999979734420776367e-01 0.000000000000000000e+00 9.999978542327880859e-01 9.999775886535644531e-01 2.787756919860839844e-01 1.724291443824768066e-01 1.424837112426757812e-01 1.477156877517700195e-01 1.715605258941650391e-01 1.939562410116195679e-01 2.999851703643798828e-01 5.951212644577026367e-01 6.255497932434082031e-01 6.320142149925231934e-01 6.032406091690063477e-01 5.195490121841430664e-01 1.955208629369735718e-01 1.644959002733230591e-01 1.264666169881820679e-01 9.780578315258026123e-02 8.174410462379455566e-02 7.441353797912597656e-02 6.715960800647735596e-02 6.068734824657440186e-02 5.405859649181365967e-02 4.777202010154724121e-02 4.275740683078765869e-02 3.969226777553558350e-02 3.652638196945190430e-02 3.602857887744903564e-02 3.749439120292663574e-02 4.523122310638427734e-02 6.352044641971588135e-02 1.540343761444091797e-01 2.933063507080078125e-01 3.259012103080749512e-01 2.753232419490814209e-01 1.780321747064590454e-01 9.153325855731964111e-02 6.098204851150512695e-02 5.132806301116943359e-02 4.806767404079437256e-02 4.775305092334747314e-02 5.041100084781646729e-02 5.039729177951812744e-02 5.375081300735473633e-02 6.979791820049285889e-02 8.879698812961578369e-02 1.051017940044403076e-01 1.053065955638885498e-01 1.136148273944854736e-01 1.185126751661300659e-01 9.326022863388061523e-02 1.010342836380004883e-01 8.624964952468872070e-02 5.775286257266998291e-02 4.479070007801055908e-02 3.851684927940368652e-02 3.194640576839447021e-02 3.026869893074035645e-02 3.282861411571502686e-02
6.577663123607635498e-02 6.195485591888427734e-02 6.599989533424377441e-02 7.839635014533996582e-02 7.772451639175415039e-02 9.817384183406829834e-02 1.632895469665527344e-01 2.954114973545074463e-01 9.999781250953674316e-01 9.999978542327880859e-01 0.000000000000000000e+00 9.999979138374328613e-01 9.999787211418151855e-01 2.985622584819793701e-01 1.744211018085479736e-01 1.560827046632766724e-01 1.782102286815643311e-01 2.011169344186782837e-01 4.000773429870605469e-01 5.633417367935180664e-01 6.303524971008300781e-01 6.321536302566528320e-01 6.102393865585327148e-01 1.861145943403244019e-01 2.126392126083374023e-01 1.790631115436553955e-01 1.293572336435317993e-01 9.379930794239044189e-02 6.794962286949157715e-02 5.471967160701751709e-02 4.943296313285827637e-02 4.512508213520050049e-02 4.288101196289062500e-02 3.999929130077362061e-02 3.788731992244720459e-02 3.536430001258850098e-02 3.355319797992706299e-02 3.301306068897247314e-02 3.490146994590759277e-02 4.077818989753723145e-02 5.174197256565093994e-02 8.940677344799041748e-02 2.055380791425704956e-01 2.534959912300109863e-01 2.274845838546752930e-01 1.564292460680007935e-01 7.751880586147308350e-02 5.275788903236389160e-02 4.437106847763061523e-02 4.175511002540588379e-02 4.239629209041595459e-02 4.589845240116119385e-02 5.129067599773406982e-02 5.865669250488281250e-02 7.315358519554138184e-02 8.846552670001983643e-02 9.920258820056915283e-02 9.887760877609252930e-02 8.790890872478485107e-02 6.759919226169586182e-02 6.580033898353576660e-02 6.565621495246887207e-02 5.893915891647338867e-02 4.696598649024963379e-02 4.076039791107177734e-02 3.520783782005310059e-02 3.136609494686126709e-02 2.977989614009857178e-02 3.127945959568023682e-02
5.976228415966033936e-02 6.155328452587127686e-02 6.023387610912322998e-02 6.899508833885192871e-02 8.159634470939636230e-02 9.526970982551574707e-02 1.174080967903137207e-01 1.871733963489532471e-01 2.832418084144592285e-01 9.999775886535644531e-01 9.999979138374328613e-01 0.000000000000000000e+00 9.999983310699462891e-01 9.999830126762390137e-01 3.502627015113830566e-01 2.134602069854736328e-01 2.035906612873077393e-01 2.583142518997192383e-01 4.686821401119232178e-01 5.959153175354003906e-01 6.350870728492736816e-01 6.352390050888061523e-01 1.778991818428039551e-01 2.215634435415267944e-01 2.087405472993850708e-01 1.664682626724243164e-01 1.184876263141632080e-01 7.575716078281402588e-02 5.047607421875000000e-02 4.109269380569458008e-02 3.689710795879364014e-02 3.588329255580902100e-02 3.512249886989593506e-02 3.395336866378784180e-02 3.307028114795684814e-02 3.193187713623046875e-02 3.125162422657012939e-02 3.139324486255645752e-02 3.296966850757598877e-02 3.755044937133789062e-02 4.362623393535614014e-02 6.547077000141143799e-02 1.409746557474136353e-01 2.082534581422805786e-01 2.079699188470840454e-01 1.471425741910934448e-01 7.095406949520111084e-02 4.985617101192474365e-02 4.218155145645141602e-02 3.972971439361572266e-02 4.041117429733276367e-02 4.538863897323608398e-02 5.651894211769104004e-02 7.060267031192779541e-02 9.205740690231323242e-02 1.195515394210815430e-01 1.136290132999420166e-01 8.302366733551025391e-02 6.108802556991577148e-02 5.502308905124664307e-02 5.462646484375000000e-02 5.311134457588195801e-02 4.852633178234100342e-02 4.119241237640380859e-02 3.634259104728698730e-02 3.312492370605468750e-02 2.998714148998260498e-02 2.886795997619628906e-02 2.943661808967590332e-02
5.453497171401977539e-02 5.748873949050903320e-02 6.240648031234741211e-02 6.328813731670379639e-02 7.320562005043029785e-02 1.018555909395217896e-01 1.125161200761795044e-01 1.314927935600280762e-01 1.824604272842407227e-01 2.787756919860839844e-01 9.999787211418151855e-01 9.999983310699462891e-01 0.000000000000000000e+00 9.999989271163940430e-01 9.999860525131225586e-01 5.326136350631713867e-01 3.250135779380798340e-01 2.765328288078308105e-01 3.734315633773803711e-01 6.000755429267883301e-01 5.437348484992980957e-01 1.806288510560989380e-01 1.975317150354385376e-01 1.819089055061340332e-01 1.696438342332839966e-01 1.382511109113693237e-01 1.013331562280654907e-01 6.117375195026397705e-02 4.166369140148162842e-02 3.476980328559875488e-02 3.167559206485748291e-02 3.087502717971801758e-02 3.055012226104736328e-02 3.063185513019561768e-02 3.071033954620361328e-02 3.021317720413208008e-02 2.999800443649291992e-02 3.029645979404449463e-02 3.226789832115173340e-02 3.527580201625823975e-02 4.020781815052032471e-02 5.520564317703247070e-02 1.051603257656097412e-01 1.695080995559692383e-01 1.794078946113586426e-01 1.301073431968688965e-01 7.144682109355926514e-02 5.198533833026885986e-02 4.339437186717987061e-02 4.009692370891571045e-02 4.241013526916503906e-02 5.066223442554473877e-02 6.653788685798645020e-02 1.055655479431152344e-01 1.529502570629119873e-01 1.716803759336471558e-01 1.357483416795730591e-01 9.283198416233062744e-02 6.158623099327087402e-02 5.378882586956024170e-02 5.117936432361602783e-02 4.874183237552642822e-02 4.454870522022247314e-02 3.889358043670654297e-02 3.328417241573333740e-02 3.078663349151611328e-02 2.924492955207824707e-02 2.776895463466644287e-02 2.815112471580505371e-02
4.883141815662384033e-02 5.223412811756134033e-02 5.799734592437744141e-02 6.503817439079284668e-02 6.864233314990997314e-02 8.798158168792724609e-02 1.222878992557525635e-01 1.217037290334701538e-01 1.421480327844619751e-01 1.724291443824768066e-01 2.985622584819793701e-01 9.999830126762390137e-01 9.999989271163940430e-01 0.000000000000000000e+00 9.999992847442626953e-01 9.999893307685852051e-01 6.319773197174072266e-01 3.190185129642486572e-01 2.758347690105438232e-01 2.916923165321350098e-01 1.231850832700729370e-01 1.366760581731796265e-01 1.596959233283996582e-01 1.596708446741104126e-01 1.304107010364532471e-01 1.046786606311798096e-01 7.944069802761077881e-02 5.469471216201782227e-02 3.887863457202911377e-02 3.208176791667938232e-02 2.923116087913513184e-02 2.830979228019714355e-02 2.806214988231658936e-02 2.839042246341705322e-02 2.886301279067993164e-02 2.892170846462249756e-02 2.910700440406799316e-02 3.011769056320190430e-02 3.208068013191223145e-02 3.436763584613800049e-02 3.953476250171661377e-02 4.957729578018188477e-02 7.973042130470275879e-02 1.280606538057327271e-01 1.492980420589447021e-01 1.147423386573791504e-01 7.162688672542572021e-02 5.757269263267517090e-02 5.154681205749511719e-02 4.983463883399963379e-02 5.372244119644165039e-02 6.644135713577270508e-02 1.064887642860412598e-01 1.982392966747283936e-01 3.103855550289154053e-01 3.107095956802368164e-01 2.285764813423156738e-01 1.294825971126556396e-01 7.490298151969909668e-02 5.821758508682250977e-02 5.206494033336639404e-02 4.909402132034301758e-02 4.360045492649078369e-02 3.540098667144775391e-02 3.089101612567901611e-02 2.957651019096374512e-02 2.856041491031646729e-02 2.721934020519256592e-02 2.822414040565490723e-02
4.159909486770629883e-02 4.725423455238342285e-02 5.327299237251281738e-02 6.234392523765563965e-02 7.213918864727020264e-02 8.866794407367706299e-02 1.159338355064392090e-01 1.265466660261154175e-01 1.302150785923004150e-01 1.424837112426757812e-01 1.744211018085479736e-01 3.502627015113830566e-01 9.999860525131225586e-01 9.999992847442626953e-01 0.000000000000000000e+00 9.999994039535522461e-01 9.999910593032836914e-01 5.420223474502563477e-01 2.538083195686340332e-01 1.738532036542892456e-01 1.300509423017501831e-01 1.378458291292190552e-01 1.302956789731979370e-01 1.211839467287063599e-01 1.079160869121551514e-01 8.148044347763061523e-02 6.342850625514984131e-02 5.146299302577972412e-02 3.933039307594299316e-02 3.229503333568572998e-02 2.907796204090118408e-02 2.759976685047149658e-02 2.729755640029907227e-02 2.731473743915557861e-02 2.790500223636627197e-02 2.838228642940521240e-02 2.923496067523956299e-02 3.019113838672637939e-02 3.199732303619384766e-02 3.427417576313018799e-02 3.921775519847869873e-02 4.877877235412597656e-02 7.378543913364410400e-02 1.130820214748382568e-01 1.350276321172714233e-01 1.073747277259826660e-01 6.916351616382598877e-02 6.387674808502197266e-02 6.330347061157226562e-02 7.078757882118225098e-02 8.377732336521148682e-02 1.342522352933883667e-01 2.440516054630279541e-01 4.241718649864196777e-01 5.048181414604187012e-01 4.814539551734924316e-01 3.489613533020019531e-01 1.804669350385665894e-01 9.500521421432495117e-02 6.590425968170166016e-02 5.824796855449676514e-02 5.335399508476257324e-02 4.219263792037963867e-02 3.312240540981292725e-02 2.942842245101928711e-02 2.854657173156738281e-02 2.871328592300415039e-02 2.737092971801757812e-02 2.902220189571380615e-02
3.776349127292633057e-02 4.138603806495666504e-02 4.895384609699249268e-02 5.888091027736663818e-02 6.977009773254394531e-02 9.258969128131866455e-02 1.327176243066787720e-01 1.443145275115966797e-01 1.392074227333068848e-01 1.477156877517700195e-01 1.560827046632766724e-01 2.134602069854736328e-01 5.326136350631713867e-01 9.999893307685852051e-01 9.999994039535522461e-01 0.000000000000000000e+00 9.999992847442626953e-01 9.999873638153076172e-01 5.506012439727783203e-01 2.427341789007186890e-01 1.626599282026290894e-01 1.325901448726654053e-01 1.297777593135833740e-01 1.109343916177749634e-01 8.593364059925079346e-02 7.066252827644348145e-02 5.895300209522247314e-02 5.034604668617248535e-02 4.320134222507476807e-02 3.636300563812255859e-02 3.253690898418426514e-02 3.028871119022369385e-02 2.897240221500396729e-02 2.839638292789459229e-02 2.864715456962585449e-02 2.930983901023864746e-02 3.035622835159301758e-02 3.157626092433929443e-02 3.309884667396545410e-02 3.549067676067352295e-02 4.186969995498657227e-02 5.412456393241882324e-02 8.193857967853546143e-02 1.274610757827758789e-01 1.559897363185882568e-01 1.155764907598495483e-01 7.240043580532073975e-02 6.449964642524719238e-02 7.015630602836608887e-02 9.172543883323669434e-02 1.587952077388763428e-01 2.893265783786773682e-01 4.588153958320617676e-01 5.999322533607482910e-01 6.377265453338623047e-01 5.820386409759521484e-01 4.475660324096679688e-01 2.403934299945831299e-01 1.148218214511871338e-01 7.561987638473510742e-02 6.685268878936767578e-02 5.685308575630187988e-02 4.076685011386871338e-02 3.156065940856933594e-02 2.877655625343322754e-02 2.826182544231414795e-02 2.889941632747650146e-02 2.785772085189819336e-02 2.984935045242309570e-02
3.561316430568695068e-02 3.731162846088409424e-02 4.336903989315032959e-02 5.534899234771728516e-02 6.753930449485778809e-02 9.635201096534729004e-02 1.704789549112319946e-01 1.858273893594741821e-01 1.853516250848770142e-01 1.715605258941650391e-01 1.782102286815643311e-01 2.035906612873077393e-01 3.250135779380798340e-01 6.319773197174072266e-01 9.999910593032836914e-01 9.999992847442626953e-01 0.000000000000000000e+00 9.999991059303283691e-01 9.999852180480957031e-01 6.045355200767517090e-01 2.669607698917388916e-01 1.464638859033584595e-01 1.206950545310974121e-01 1.061561107635498047e-01 8.158476650714874268e-02 6.682071089744567871e-02 5.718800425529479980e-02 4.964254796504974365e-02 4.659101366996765137e-02 4.325720667839050293e-02 3.912429511547088623e-02 3.581629693508148193e-02 3.303815424442291260e-02 3.131996095180511475e-02 3.105457127094268799e-02 3.138343989849090576e-02 3.206239640712738037e-02 3.369097411632537842e-02 3.519448637962341309e-02 3.821387887001037598e-02 4.693359136581420898e-02 6.708464026451110840e-02 1.202091574668884277e-01 1.936969310045242310e-01 2.272771447896957397e-01 1.604250520467758179e-01 8.951558172702789307e-02 7.543577253818511963e-02 7.597866654396057129e-02 1.003904640674591064e-01 1.978228092193603516e-01 3.704342842102050781e-01 5.494145750999450684e-01 6.590807437896728516e-01 6.613142490386962891e-01 5.911604166030883789e-01 4.397310912609100342e-01 2.562496066093444824e-01 1.289028823375701904e-01 8.689060807228088379e-02 7.320463657379150391e-02 5.323897302150726318e-02 3.749646246433258057e-02 3.113280236721038818e-02 2.839936316013336182e-02 2.835045754909515381e-02 2.918405830860137939e-02 2.840358018875122070e-02 3.032799065113067627e-02
3.431849181652069092e-02 3.457923233509063721e-02 3.987081348896026611e-02 5.052858591079711914e-02 6.592959165573120117e-02 1.223135143518447876e-01 2.481228262186050415e-01 3.215444087982177734e-01 2.783856987953186035e-01 1.939562410116195679e-01 2.011169344186782837e-01 2.583142518997192383e-01 2.765328288078308105e-01 3.190185129642486572e-01 5.420223474502563477e-01 9.999873638153076172e-01 9.999991059303283691e-01 0.000000000000000000e+00 9.999990463256835938e-01 9.999873638153076172e-01 5.677146911621093750e-01 2.516044676303863525e-01 1.289861202239990234e-01 1.011775881052017212e-01 8.250948786735534668e-02 6.958481669425964355e-02 5.788679420948028564e-02 5.211718380451202393e-02 4.878674447536468506e-02 4.843315482139587402e-02 4.788739979267120361e-02 4.340526461601257324e-02 3.821320831775665283e-02 3.562234342098236084e-02 3.405065834522247314e-02 3.370578587055206299e-02 3.461091220378875732e-02 3.611466288566589355e-02 3.787273168563842773e-02 4.369172453880310059e-02 6.082341074943542480e-02 1.064750105142593384e-01 1.846685856580734253e-01 2.791657447814941406e-01 2.887835204601287842e-01 1.816211342811584473e-01 1.029926687479019165e-01 7.319734990596771240e-02 7.135468721389770508e-02 8.665852248668670654e-02 1.385168582201004028e-01 2.863313257694244385e-01 4.977297782897949219e-01 5.954281091690063477e-01 5.936560630798339844e-01 5.084156394004821777e-01 3.599672019481658936e-01 2.092092782258987427e-01 1.232950538396835327e-01 8.680681884288787842e-02 6.494830548763275146e-02 4.558330774307250977e-02 3.382591903209686279e-02 3.059306740760803223e-02 2.816168963909149170e-02 2.839069068431854248e-02 2.932888269424438477e-02 2.859364449977874756e-02 3.053577244281768799e-02
3.361994028091430664e-02 3.278024494647979736e-02 3.692950308322906494e-02 4.566957056522369385e-02 6.211847066879272461e-02 1.392493396997451782e-01 3.105262219905853271e-01 3.623704612255096436e-01 3.585851490497589111e-01 2.999851703643798828e-01 4.000773429870605469e-01 4.686821401119232178e-01 3.734315633773803711e-01 2.758347690105438232e-01 2.538083195686340332e-01 5.506012439727783203e-01 9.999852180480957031e-01 9.999990463256835938e-01 0.000000000000000000e+00 9.999992251396179199e-01 9.999887943267822266e-01 5.028676390647888184e-01 2.243240028619766235e-01 1.110279411077499390e-01 8.761665225028991699e-02 7.393665611743927002e-02 6.503728032112121582e-02 5.511921644210815430e-02 5.546130239963531494e-02 5.509661138057708740e-02 5.464476346969604492e-02 5.346670746803283691e-02 4.488480091094970703e-02 4.004715383052825928e-02 3.725990653038024902e-02 3.659802675247192383e-02 3.768604993820190430e-02 3.913334012031555176e-02 4.396788775920867920e-02 5.841410160064697266e-02 9.426382184028625488e-02 1.716413050889968872e-01 2.917238771915435791e-01 3.609907329082489014e-01 3.076973557472229004e-01 1.759321242570877075e-01 1.012942641973495483e-01 6.684564054012298584e-02 5.977568030357360840e-02 6.455616652965545654e-02 8.609159290790557861e-02 1.706640124320983887e-01 3.429952263832092285e-01 4.626701474189758301e-01 4.541395902633666992e-01 3.663610219955444336e-01 2.189673483371734619e-01 1.330220699310302734e-01 8.798706531524658203e-02 6.517422199249267578e-02 5.011938512325286865e-02 3.785033524036407471e-02 3.218704462051391602e-02 2.958036959171295166e-02 2.772413194179534912e-02 2.808418869972229004e-02 2.918937802314758301e-02 2.868917584419250488e-02 3.068779408931732178e-02
3.391043841838836670e-02 3.225436806678771973e-02 3.498391807079315186e-02 4.023259878158569336e-02 5.630825459957122803e-02 9.726937115192413330e-02 2.010341584682464600e-01 3.338114619255065918e-01 3.082615733146667480e-01 5.951212644577026367e-01 5.633417367935180664e-01 5.959153175354003906e-01 6.000755429267883301e-01 2.916923165321350098e-01 1.738532036542892456e-01 2.427341789007186890e-01 6.045355200767517090e-01 9.999873638153076172e-01 9.999992251396179199e-01 0.000000000000000000e+00 9.999994039535522461e-01 9.999896883964538574e-01 4.176248013973236084e-01 1.788267791271209717e-01 9.866945445537567139e-02 7.868440449237823486e-02 7.066665589809417725e-02 6.522114574909210205e-02 5.947186052799224854e-02 6.270036101341247559e-02 6.288002431392669678e-02 5.926235020160675049e-02 5.371573567390441895e-02 4.645845293998718262e-02 4.268521070480346680e-02 4.166580736637115479e-02 4.118348658084869385e-02 4.639488458633422852e-02 6.039562821388244629e-02 8.451448380947113037e-02 1.436727941036224365e-01 2.684618830680847168e-01 3.825932145118713379e-01 3.858829438686370850e-01 2.781253457069396973e-01 1.457196474075317383e-01 8.532048761844635010e-02 5.755946040153503418e-02 4.847866296768188477e-02 4.934197664260864258e-02 6.137941777706146240e-02 9.969267249107360840e-02 1.873695701360702515e-01 2.996830344200134277e-01 2.905845642089843750e-01 2.181818038225173950e-01 1.232666671276092529e-01 8.118112385272979736e-02 5.863483250141143799e-02 4.655154049396514893e-02 3.915387392044067383e-02 3.265964984893798828e-02 3.049938380718231201e-02 2.840967476367950439e-02 2.703420817852020264e-02 2.752484381198883057e-02 2.893756330013275146e-02 2.867797017097473145e-02 3.070120513439178467e-02
3.488196432590484619e-02 3.288140892982482910e-02 3.429628908634185791e-02 3.842216730117797852e-02 5.304081737995147705e-02 7.802098989486694336e-02 1.581170260906219482e-01 2.671137452125549316e-01 6.353948116302490234e-01 6.255497932434082031e-01 6.303524971008300781e-01 6.350870728492736816e-01 5.437348484992980957e-01 1.231850832700729370e-01 1.300509423017501831e-01 1.626599282026290894e-01 2.669607698917388916e-01 5.677146911621093750e-01 9.999887943267822266e-01 9.999994039535522461e-01 0.000000000000000000e+00 9.999992847442626953e-01 9.999910593032836914e-01 3.326352238655090332e-01 1.500221192836761475e-01 9.122382104396820068e-02 7.603818178176879883e-02 7.184576988220214844e-02 6.804268062114715576e-02 6.497871875762939453e-02 6.644651293754577637e-02 6.323355436325073242e-02 5.907355248928070068e-02 5.668491125106811523e-02 5.193108320236206055e-02 4.993300139904022217e-02 5.262883007526397705e-02 6.674619019031524658e-02 9.157235920429229736e-02 1.261468231678009033e-01 2.310390621423721313e-01 3.754798173904418945e-01 4.305909872055053711e-01 3.633446693420410156e-01 2.073664516210556030e-01 1.126226633787155151e-01 6.882819533348083496e-02 5.086524784564971924e-02 4.388998448848724365e-02 4.682606458663940430e-02 5.489221215248107910e-02 7.759666442871093750e-02 1.128374487161636353e-01 1.400548815727233887e-01 1.432266533374786377e-01 1.108822822570800781e-01 7.425062358379364014e-02 5.366453528404235840e-02 4.343968629837036133e-02 3.730605542659759521e-02 3.292323648929595947e-02 3.050184249877929688e-02 2.886791527271270752e-02 2.723424136638641357e-02 2.613018453121185303e-02 2.691225707530975342e-02 2.860118448734283447e-02 2.858684957027435303e-02 3.051385283470153809e-02
3.574779629707336426e-02 3.402313590049743652e-02 3.576444089412689209e-02 3.922306001186370850e-02 4.927498102188110352e-02 7.283425331115722656e-02 1.311536431312561035e-01 4.232099056243896484e-01 6.117941141128540039e-01 6.320142149925231934e-01 6.321536302566528320e-01 6.352390050888061523e-01 1.806288510560989380e-01 1.366760581731796265e-01 1.378458291292190552e-01 1.325901448726654053e-01 1.464638859033584595e-01 2.516044676303863525e-01 5.028676390647888184e-01 9.999896883964538574e-01 9.999992847442626953e-01 0.000000000000000000e+00 9.999994635581970215e-01 9.999924302101135254e-01 2.908333539962768555e-01 1.423637121915817261e-01 9.084977209568023682e-02 7.987897098064422607e-02 7.779310643672943115e-02 6.982690095901489258e-02 6.508302688598632812e-02 6.657639145851135254e-02 6.562179327011108398e-02 6.551875174045562744e-02 6.793619692325592041e-02 7.766419649124145508e-02 1.020969152450561523e-01 1.268656551837921143e-01 1.493668109178543091e-01 1.842147856950759888e-01 3.337972164154052734e-01 5.053071975708007812e-01 4.506361484527587891e-01 3.387746810913085938e-01 1.685947030782699585e-01 9.308090806007385254e-02 6.246022880077362061e-02 4.844434559345245361e-02 4.271057248115539551e-02 4.464022815227508545e-02 5.179671943187713623e-02 6.582686305046081543e-02 7.781231403350830078e-02 8.157090842723846436e-02 7.974807918071746826e-02 6.761424243450164795e-02 4.981993138790130615e-02 4.070933163166046143e-02 3.572204709053039551e-02 3.264962136745452881e-02 3.001916408538818359e-02 2.874596416950225830e-02 2.756141126155853271e-02 2.625188231468200684e-02 2.532146871089935303e-02 2.627663314342498779e-02 2.816446125507354736e-02 2.820697426795959473e-02 3.008803725242614746e-02
3.633256256580352783e-02 3.534895181655883789e-02 3.684431314468383789e-02 3.895315527915954590e-02 4.773296415805816650e-02 7.723435759544372559e-02 1.675308197736740112e-01 3.980762362480163574e-01 5.486803650856018066e-01 6.032406091690063477e-01 6.102393865585327148e-01 1.778991818428039551e-01 1.975317150354385376e-01 1.596959233283996582e-01 1.302956789731979370e-01 1.297777593135833740e-01 1.206950545310974121e-01 1.289861202239990234e-01 2.243240028619766235e-01 4.176248013973236084e-01 9.999910593032836914e-01 9.999994635581970215e-01 0.000000000000000000e+00 9.999995827674865723e-01 9.999941587448120117e-01 2.751921117305755615e-01 1.441214084625244141e-01 9.544707834720611572e-02 8.550195395946502686e-02 7.639633119106292725e-02 6.700456142425537109e-02 6.640012562274932861e-02 7.283259928226470947e-02 8.834615349769592285e-02 1.239814460277557373e-01 2.223098129034042358e-01 2.426449060440063477e-01 2.132184952497482300e-01 1.629226356744766235e-01 2.249563187360763550e-01 5.429944396018981934e-01 5.623079538345336914e-01 4.590327739715576172e-01 2.985226511955261230e-01 1.386315971612930298e-01 8.258362114429473877e-02 5.958107113838195801e-02 4.766599833965301514e-02 4.440736770629882812e-02 4.614749550819396973e-02 5.202031135559082031e-02 6.024932861328125000e-02 6.515245139598846436e-02 6.446452438831329346e-02 5.688872933387756348e-02 4.533489048480987549e-02 3.822511434555053711e-02 3.414911031723022461e-02 3.117705881595611572e-02 2.922646701335906982e-02 2.843469381332397461e-02 2.771873772144317627e-02 2.675087749958038330e-02 2.571702003479003906e-02 2.476188540458679199e-02 2.571512758731842041e-02 2.772296965122222900e-02 2.776826918125152588e-02 2.967539429664611816e-02
