0.000000000000000000e+00 9.993966221809387207e-01 9.991284608840942383e-01 1.323276013135910034e-01 1.216298192739486694e-01 1.027929484844207764e-01 7.510432600975036621e-02 7.576595246791839600e-02 6.734870374202728271e-02 7.289028167724609375e-02 7.245996594429016113e-02 6.510284543037414551e-02 5.824859440326690674e-02 5.026632547378540039e-02 4.201444983482360840e-02 3.691348433494567871e-02 3.362402319908142090e-02 3.261032700538635254e-02 3.271190822124481201e-02 3.334644436836242676e-02 3.419767320156097412e-02 3.430350124835968018e-02 3.373767435550689697e-02 3.294515609741210938e-02 3.301939368247985840e-02 3.356502950191497803e-02 3.462070226669311523e-02 3.571416437625885010e-02 3.654207289218902588e-02 3.748025000095367432e-02 3.764452040195465088e-02 3.767457604408264160e-02 3.703205287456512451e-02 3.736785054206848145e-02 3.845100104808807373e-02 3.925636410713195801e-02 3.963391482830047607e-02 3.823128342628479004e-02 3.955394029617309570e-02 5.433790385723114014e-02 1.433106511831283569e-01 3.171938657760620117e-01 2.882823348045349121e-01 8.282428979873657227e-02 9.800727665424346924e-02 8.164928555488586426e-01 8.809102773666381836e-01 8.629825711250305176e-01
9.993966221809387207e-01 0.000000000000000000e+00 9.997735023498535156e-01 9.997092485427856445e-01 1.513136774301528931e-01 1.299922764301300049e-01 1.039381921291351318e-01 7.309418916702270508e-02 7.246030867099761963e-02 7.290877401828765869e-02 6.828980147838592529e-02 6.695577502250671387e-02 6.065474450588226318e-02 5.360864102840423584e-02 4.650455713272094727e-02 4.085272550582885742e-02 3.621155023574829102e-02 3.345571458339691162e-02 3.252094984054565430e-02 3.307062387466430664e-02 3.347842395305633545e-02 3.371962904930114746e-02 3.376188874244689941e-02 3.368535637855529785e-02 3.392478823661804199e-02 3.427326679229736328e-02 3.484717011451721191e-02 3.531718254089355469e-02 3.562933206558227539e-02 3.590534627437591553e-02 3.625269234180450439e-02 3.652113676071166992e-02 3.691016137599945068e-02 3.801801800727844238e-02 3.865370154380798340e-02 3.823325037956237793e-02 3.785353899002075195e-02 3.599865734577178955e-02 4.447647929191589355e-02 9.473709762096405029e-02 2.265580445528030396e-01 2.118739485740661621e-01 7.553589344024658203e-02 8.472992479801177979e-02 7.607582807540893555e-01 9.181352257728576660e-01 9.094603061676025391e-01 8.565517663955688477e-01
9.991284608840942383e-01 9.997735023498535156e-01 0.000000000000000000e+00 9.998853206634521484e-01 9.994832277297973633e-01 1.661013513803482056e-01 1.317624747753143311e-01 9.524331986904144287e-02 8.009594678878784180e-02 8.217237889766693115e-02 7.458899915218353271e-02 6.727187335491180420e-02 6.499145925045013428e-02 5.886663496494293213e-02 5.266796052455902100e-02 4.786099493503570557e-02 4.286803305149078369e-02 3.973786532878875732e-02 3.634123504161834717e-02 3.458093106746673584e-02 3.376947343349456787e-02 3.365011513233184814e-02 3.374607861042022705e-02 3.413397073745727539e-02 3.499324619770050049e-02 3.607206046581268311e-02 3.671492636203765869e-02 3.677798807621002197e-02 3.674736618995666504e-02 3.623703122138977051e-02 3.578509390354156494e-02 3.656758368015289307e-02 3.890706598758697510e-02 4.215472936630249023e-02 4.436200857162475586e-02 4.481947422027587891e-02 4.236255586147308350e-02 4.663965106010437012e-02 7.973109185695648193e-02 1.707494258880615234e-01 1.660749316215515137e-01 6.838572025299072266e-02 8.014094829559326172e-02 7.036157846450805664e-01 7.676549553871154785e-01 8.663724660873413086e-01 8.983635306358337402e-01 8.372856974601745605e-01
1.323276013135910034e-01 9.997092485427856445e-01 9.998853206634521484e-01 0.000000000000000000e+00 9.998818635940551758e-01 9.997277259826660156e-01 1.850952059030532837e-01 1.335672885179519653e-01 9.358510375022888184e-02 8.265984058380126953e-02 9.013348817825317383e-02 7.754077017307281494e-02 7.107865810394287109e-02 7.006360590457916260e-02 6.264224648475646973e-02 5.831010639667510986e-02 5.475634336471557617e-02 4.867762327194213867e-02 4.378233850002288818e-02 3.857730329036712646e-02 3.554588556289672852e-02 3.477938473224639893e-02 3.580664098262786865e-02 3.814762830734252930e-02 4.025954008102416992e-02 4.164122045040130615e-02 4.184713959693908691e-02 4.095976054668426514e-02 3.996586799621582031e-02 3.896582126617431641e-02 3.935691714286804199e-02 4.050025343894958496e-02 4.208946228027343750e-02 4.393793642520904541e-02 4.614101350307464600e-02 4.977928102016448975e-02 5.422694981098175049e-02 8.227889239788055420e-02 1.802816540002822876e-01 1.768238097429275513e-01 7.773159444332122803e-02 7.885117828845977783e-02 6.909211874008178711e-01 6.771131753921508789e-01 7.710080742835998535e-01 8.099818229675292969e-01 9.186074733734130859e-01 4.736304283142089844e-02
1.216298192739486694e-01 1.513136774301528931e-01 9.994832277297973633e-01 9.998818635940551758e-01 0.000000000000000000e+00 9.999457597732543945e-01 9.998700618743896484e-01 1.999857723712921143e-01 1.338963657617568970e-01 9.513860940933227539e-02 8.531060814857482910e-02 9.519885480403900146e-02 8.609645068645477295e-02 7.978694140911102295e-02 8.097809553146362305e-02 7.431545853614807129e-02 6.896437704563140869e-02 6.154656410217285156e-02 5.776956677436828613e-02 5.005219578742980957e-02 4.344500601291656494e-02 4.025873541831970215e-02 4.028382897377014160e-02 4.177598655223846436e-02 4.387609660625457764e-02 4.450301826000213623e-02 4.364056885242462158e-02 4.288910329341888428e-02 4.231075942516326904e-02 4.275128245353698730e-02 4.310765862464904785e-02 4.318736493587493896e-02 4.348155856132507324e-02 4.459123313426971436e-02 4.849793016910552979e-02 5.568806827068328857e-02 7.824459671974182129e-02 2.019487768411636353e-01 2.460596412420272827e-01 1.363466978073120117e-01 9.788320958614349365e-02 5.338965654373168945e-01 6.400039196014404297e-01 6.547200679779052734e-01 5.862811207771301270e-01 8.133162856101989746e-01 4.270149767398834229e-02 3.700582683086395264e-02
1.027929484844207764e-01 1.299922764301300049e-01 1.661013513803482056e-01 9.997277259826660156e-01 9.999457597732543945e-01 0.000000000000000000e+00 9.999803900718688965e-01 9.999339580535888672e-01 2.305443137884140015e-01 1.484108269214630127e-01 1.078080981969833374e-01 1.074163615703582764e-01 1.181005388498306274e-01 1.095107197761535645e-01 9.914933145046234131e-02 9.617242217063903809e-02 8.303315937519073486e-02 7.859127223491668701e-02 7.485294342041015625e-02 6.892752647399902344e-02 5.934134125709533691e-02 5.157975852489471436e-02 4.848824441432952881e-02 4.802820086479187012e-02 4.765173792839050293e-02 4.666529595851898193e-02 4.578669369220733643e-02 4.647888243198394775e-02 4.753893613815307617e-02 5.011522769927978516e-02 5.097918212413787842e-02 4.926016926765441895e-02 4.746942222118377686e-02 5.103963613510131836e-02 5.911874771118164062e-02 8.505493402481079102e-02 1.801221519708633423e-01 2.859429717063903809e-01 2.605590820312500000e-01 2.184742242097854614e-01 4.900984764099121094e-01 5.846146345138549805e-01 6.795260906219482422e-01 5.661252140998840332e-01 6.623885631561279297e-01 4.267801344394683838e-02 3.425103425979614258e-02 3.605066239833831787e-02
7.510432600975036621e-02 1.039381921291351318e-01 1.317624747753143311e-01 1.850952059030532837e-01 9.998700618743896484e-01 9.999803900718688965e-01 0.000000000000000000e+00 9.999915361404418945e-01 9.999594092369079590e-01 2.650270164012908936e-01 1.808336526155471802e-01 1.290780901908874512e-01 1.241906434297561646e-01 1.518742293119430542e-01 1.196761876344680786e-01 1.048542857170104980e-01 9.698399901390075684e-02 8.978086709976196289e-02 9.511134028434753418e-02 9.596849977970123291e-02 8.445170521736145020e-02 7.069580256938934326e-02 6.069743633270263672e-02 5.545729398727416992e-02 5.245679616928100586e-02 5.071909725666046143e-02 5.036816000938415527e-02 5.148141086101531982e-02 5.522064864635467529e-02 5.802230536937713623e-02 5.721865594387054443e-02 5.546948313713073730e-02 5.925185978412628174e-02 6.689940392971038818e-02 9.125937521457672119e-02 1.628222316503524780e-01 2.384358793497085571e-01 3.225731849670410156e-01 3.894461989402770996e-01 4.671664834022521973e-01 4.930560886859893799e-01 5.188729763031005859e-01 4.680300951004028320e-01 4.658631086349487305e-01 5.022120475769042969e-02 3.428380191326141357e-02 3.228470683097839355e-02 3.581458330154418945e-02
7.576595246791839600e-02 7.309418916702270508e-02 9.524331986904144287e-02 1.335672885179519653e-01 1.999857723712921143e-01 9.999339580535888672e-01 9.999915361404418945e-01 0.000000000000000000e+00 9.999952316284179688e-01 9.999634027481079102e-01 3.320410549640655518e-01 2.068716734647750854e-01 1.491152495145797729e-01 1.272038370370864868e-01 1.325028836727142334e-01 1.114868223667144775e-01 1.024194359779357910e-01 1.059515029191970825e-01 1.113959997892379761e-01 1.307758986949920654e-01 1.283984780311584473e-01 1.050669550895690918e-01 8.038416504859924316e-02 6.745821237564086914e-02 5.957278609275817871e-02 5.650237202644348145e-02 5.600185692310333252e-02 5.845393240451812744e-02 6.318645179271697998e-02 6.529238820075988770e-02 6.512989103794097900e-02 7.182654738426208496e-02 7.804802060127258301e-02 9.542030096054077148e-02 1.429086774587631226e-01 2.346885204315185547e-01 2.918182611465454102e-01 3.922072649002075195e-01 4.354228079319000244e-01 3.921981453895568848e-01 3.715438842773437500e-01 3.539379239082336426e-01 3.524283766746520996e-01 6.506575644016265869e-02 3.900898993015289307e-02 3.205798566341400146e-02 3.170731663703918457e-02 3.420072793960571289e-02
6.734870374202728271e-02 7.246030867099761963e-02 8.009594678878784180e-02 9.358510375022888184e-02 1.338963657617568970e-01 2.305443137884140015e-01 9.999594092369079590e-01 9.999952316284179688e-01 0.000000000000000000e+00 9.999958276748657227e-01 9.999660253524780273e-01 3.772462606430053711e-01 2.147584110498428345e-01 1.415842771530151367e-01 1.164181679487228394e-01 1.118628084659576416e-01 1.061344891786575317e-01 1.191345304250717163e-01 1.370789855718612671e-01 1.555678248405456543e-01 1.609012782573699951e-01 1.449944972991943359e-01 1.132761836051940918e-01 8.921054005622863770e-02 7.216462492942810059e-02 6.547254323959350586e-02 6.469188630580902100e-02 6.618712842464447021e-02 7.164229452610015869e-02 7.446531951427459717e-02 8.825410902500152588e-02 9.402321279048919678e-02 1.066026538610458374e-01 1.416336596012115479e-01 2.152274250984191895e-01 3.335978984832763672e-01 3.891282677650451660e-01 4.220978319644927979e-01 3.476544618606567383e-01 3.238725662231445312e-01 2.732801437377929688e-01 2.839723825454711914e-01 8.752180635929107666e-02 4.711921513080596924e-02 3.631070256233215332e-02 3.214319050312042236e-02 3.007888793945312500e-02 3.259353339672088623e-02
7.289028167724609375e-02 7.290877401828765869e-02 8.217237889766693115e-02 8.265984058380126953e-02 9.513860940933227539e-02 1.484108269214630127e-01 2.650270164012908936e-01 9.999634027481079102e-01 9.999958276748657227e-01 0.000000000000000000e+00 9.999962449073791504e-01 9.999721050262451172e-01 3.601182103157043457e-01 2.055408060550689697e-01 1.335349082946777344e-01 1.116472780704498291e-01 1.093695759773254395e-01 1.155802309513092041e-01 1.451209783554077148e-01 1.683939248323440552e-01 1.750173717737197876e-01 1.641016304492950439e-01 1.494046896696090698e-01 1.215764135122299194e-01 9.505949914455413818e-02 7.855762541294097900e-02 7.326054573059082031e-02 7.356968522071838379e-02 8.140861988067626953e-02 1.069795340299606323e-01 1.255272626876831055e-01 1.412151902914047241e-01 1.690506339073181152e-01 2.178606092929840088e-01 4.112178087234497070e-01 4.304105937480926514e-01 4.257749915122985840e-01 3.488281667232513428e-01 2.986104190349578857e-01 2.175618112087249756e-01 1.877891421318054199e-01 1.195357143878936768e-01 5.955851078033447266e-02 4.378886520862579346e-02 3.623463213443756104e-02 3.073711693286895752e-02 2.941067516803741455e-02 3.126358985900878906e-02
7.245996594429016113e-02 6.828980147838592529e-02 7.458899915218353271e-02 9.013348817825317383e-02 8.531060814857482910e-02 1.078080981969833374e-01 1.808336526155471802e-01 3.320410549640655518e-01 9.999660253524780273e-01 9.999962449073791504e-01 0.000000000000000000e+00 9.999971389770507812e-01 9.999791979789733887e-01 3.484653830528259277e-01 2.010960578918457031e-01 1.320625245571136475e-01 1.157417893409729004e-01 1.215323209762573242e-01 1.352873891592025757e-01 1.726097911596298218e-01 1.928372234106063843e-01 1.888764947652816772e-01 1.752105653285980225e-01 1.510093659162521362e-01 1.189114302396774292e-01 9.219329059123992920e-02 8.150219917297363281e-02 8.649048209190368652e-02 1.070851683616638184e-01 1.456070244312286377e-01 1.760987490415573120e-01 2.180218100547790527e-01 2.651914656162261963e-01 4.647818803787231445e-01 4.612712264060974121e-01 4.149398505687713623e-01 3.316595256328582764e-01 2.724731564521789551e-01 1.615498214960098267e-01 1.331211030483245850e-01 9.638445079326629639e-02 6.628334522247314453e-02 4.599100351333618164e-02 3.893178701400756836e-02 3.298388421535491943e-02 3.012722730636596680e-02 2.845805883407592773e-02 2.972738444805145264e-02
6.510284543037414551e-02 6.695577502250671387e-02 6.727187335491180420e-02 7.754077017307281494e-02 9.519885480403900146e-02 1.074163615703582764e-01 1.290780901908874512e-01 2.068716734647750854e-01 3.772462606430053711e-01 9.999721050262451172e-01 9.999971389770507812e-01 0.000000000000000000e+00 9.999980926513671875e-01 9.999858736991882324e-01 3.537520170211791992e-01 2.014778256416320801e-01 1.335487961769104004e-01 1.228716075420379639e-01 1.381756067276000977e-01 1.553464829921722412e-01 1.840506941080093384e-01 2.097996622323989868e-01 1.957883387804031372e-01 1.625946164131164551e-01 1.327317804098129272e-01 1.115376204252243042e-01 9.937156736850738525e-02 1.110197454690933228e-01 1.447582691907882690e-01 2.039917707443237305e-01 2.573501467704772949e-01 3.228901624679565430e-01 4.582090079784393311e-01 4.794017374515533447e-01 4.121933579444885254e-01 2.936569452285766602e-01 2.242259383201599121e-01 1.075380146503448486e-01 1.168423146009445190e-01 8.556649088859558105e-02 6.153336167335510254e-02 4.716128110885620117e-02 3.905192017555236816e-02 3.355124592781066895e-02 3.068409860134124756e-02 2.883023023605346680e-02 2.704022824764251709e-02 2.760507166385650635e-02
5.824859440326690674e-02 6.065474450588226318e-02 6.499145925045013428e-02 7.107865810394287109e-02 8.609645068645477295e-02 1.181005388498306274e-01 1.241906434297561646e-01 1.491152495145797729e-01 2.147584110498428345e-01 3.601182103157043457e-01 9.999791979789733887e-01 9.999980926513671875e-01 0.000000000000000000e+00 9.999988079071044922e-01 9.999902844429016113e-01 3.660265505313873291e-01 2.054469287395477295e-01 1.385273039340972900e-01 1.308579891920089722e-01 1.525750905275344849e-01 1.592737436294555664e-01 1.800047159194946289e-01 1.992703974246978760e-01 1.852315068244934082e-01 1.617278009653091431e-01 1.391154825687408447e-01 1.421123594045639038e-01 1.879820674657821655e-01 2.280156016349792480e-01 2.883433699607849121e-01 3.655576109886169434e-01 4.436159133911132812e-01 4.775077700614929199e-01 4.307871460914611816e-01 2.896838784217834473e-01 2.356061935424804688e-01 9.124752879142761230e-02 9.249313175678253174e-02 7.708434760570526123e-02 5.894832313060760498e-02 4.738345742225646973e-02 3.877864778041839600e-02 3.392598032951354980e-02 3.021712601184844971e-02 2.792835235595703125e-02 2.735847234725952148e-02 2.531225979328155518e-02 2.637287974357604980e-02
5.026632547378540039e-02 5.360864102840423584e-02 5.886663496494293213e-02 7.006360590457916260e-02 7.978694140911102295e-02 1.095107197761535645e-01 1.518742293119430542e-01 1.272038370370864868e-01 1.415842771530151367e-01 2.055408060550689697e-01 3.484653830528259277e-01 9.999858736991882324e-01 9.999988079071044922e-01 0.000000000000000000e+00 9.999992847442626953e-01 9.999924898147583008e-01 3.825362920761108398e-01 2.118964195251464844e-01 1.442044973373413086e-01 1.354534775018692017e-01 1.469858437776565552e-01 1.487066149711608887e-01 1.708128601312637329e-01 1.919579654932022095e-01 1.785166114568710327e-01 1.733449846506118774e-01 2.362397909164428711e-01 2.916460037231445312e-01 3.492684960365295410e-01 4.151749312877655029e-01 4.782078862190246582e-01 4.703168272972106934e-01 4.325901567935943604e-01 3.288104236125946045e-01 2.658107876777648926e-01 8.559890091419219971e-02 7.005746662616729736e-02 6.290401518344879150e-02 5.294822156429290771e-02 4.456171393394470215e-02 3.937111794948577881e-02 3.413560986518859863e-02 3.091666102409362793e-02 2.702628076076507568e-02 2.577291429042816162e-02 2.590897679328918457e-02 2.472463250160217285e-02 2.641513943672180176e-02
4.201444983482360840e-02 4.650455713272094727e-02 5.266796052455902100e-02 6.264224648475646973e-02 8.097809553146362305e-02 9.914933145046234131e-02 1.196761876344680786e-01 1.325028836727142334e-01 1.164181679487228394e-01 1.335349082946777344e-01 2.010960578918457031e-01 3.537520170211791992e-01 9.999902844429016113e-01 9.999992847442626953e-01 0.000000000000000000e+00 9.999994039535522461e-01 9.999922513961791992e-01 3.798039555549621582e-01 2.084043025970458984e-01 1.431673765182495117e-01 1.284774839878082275e-01 1.302906125783920288e-01 1.414472460746765137e-01 1.567503660917282104e-01 1.798770576715469360e-01 2.141553312540054321e-01 2.969184517860412598e-01 3.670638203620910645e-01 4.514352083206176758e-01 5.434612035751342773e-01 4.829939007759094238e-01 4.023339748382568359e-01 3.668631315231323242e-01 3.084416985511779785e-01 9.541481733322143555e-02 6.319886445999145508e-02 5.284385383129119873e-02 4.544015228748321533e-02 4.039824008941650391e-02 3.791703283786773682e-02 3.444306552410125732e-02 3.095260262489318848e-02 2.798265218734741211e-02 2.530369162559509277e-02 2.479439973831176758e-02 2.559018135070800781e-02 2.515655755996704102e-02 2.689413726329803467e-02
3.691348433494567871e-02 4.085272550582885742e-02 4.786099493503570557e-02 5.831010639667510986e-02 7.431545853614807129e-02 9.617242217063903809e-02 1.048542857170104980e-01 1.114868223667144775e-01 1.118628084659576416e-01 1.116472780704498291e-01 1.320625245571136475e-01 2.014778256416320801e-01 3.660265505313873291e-01 9.999924898147583008e-01 9.999994039535522461e-01 0.000000000000000000e+00 9.999993443489074707e-01 9.999910593032836914e-01 3.505590260028839111e-01 1.836824268102645874e-01 1.312426179647445679e-01 1.106802225112915039e-01 1.193964332342147827e-01 1.248986870050430298e-01 1.545491963624954224e-01 2.395276576280593872e-01 2.971153855323791504e-01 3.623527288436889648e-01 5.913754701614379883e-01 5.808300971984863281e-01 4.773188233375549316e-01 3.853548169136047363e-01 3.603862226009368896e-01 1.337781697511672974e-01 7.040005922317504883e-02 4.981498420238494873e-02 4.124726355075836182e-02 3.670397400856018066e-02 3.462524712085723877e-02 3.310965001583099365e-02 3.106683492660522461e-02 2.849626541137695312e-02 2.649676799774169922e-02 2.452102303504943848e-02 2.468627691268920898e-02 2.593618631362915039e-02 2.588315308094024658e-02 2.763381600379943848e-02
3.362402319908142090e-02 3.621155023574829102e-02 4.286803305149078369e-02 5.475634336471557617e-02 6.896437704563140869e-02 8.303315937519073486e-02 9.698399901390075684e-02 1.024194359779357910e-01 1.061344891786575317e-01 1.093695759773254395e-01 1.157417893409729004e-01 1.335487961769104004e-01 2.054469287395477295e-01 3.825362920761108398e-01 9.999922513961791992e-01 9.999993443489074707e-01 0.000000000000000000e+00 9.999994039535522461e-01 9.999897480010986328e-01 3.112362623214721680e-01 1.630284488201141357e-01 1.130948215723037720e-01 1.018180400133132935e-01 1.175873726606369019e-01 1.396619975566864014e-01 2.165485471487045288e-01 2.899837791919708252e-01 6.032761335372924805e-01 6.462819576263427734e-01 6.285603046417236328e-01 6.023823618888854980e-01 4.950839281082153320e-01 2.221683412790298462e-01 1.022235006093978882e-01 5.485577881336212158e-02 4.050056636333465576e-02 3.337076306343078613e-02 3.122386336326599121e-02 3.067964315414428711e-02 2.994969487190246582e-02 2.848650515079498291e-02 2.727729082107543945e-02 2.591466903686523438e-02 2.447558939456939697e-02 2.494473755359649658e-02 2.638961374759674072e-02 2.634796500205993652e-02 2.819477021694183350e-02
3.261032700538635254e-02 3.345571458339691162e-02 3.973786532878875732e-02 4.867762327194213867e-02 6.154656410217285156e-02 7.859127223491668701e-02 8.978086709976196289e-02 1.059515029191970825e-01 1.191345304250717163e-01 1.155802309513092041e-01 1.215323209762573242e-01 1.228716075420379639e-01 1.385273039340972900e-01 2.118964195251464844e-01 3.798039555549621582e-01 9.999910593032836914e-01 9.999994039535522461e-01 0.000000000000000000e+00 9.999994039535522461e-01 9.999880194664001465e-01 3.214057683944702148e-01 1.534605473279953003e-01 1.145137399435043335e-01 1.262205243110656738e-01 1.414099931716918945e-01 1.780452728271484375e-01 5.742217302322387695e-01 7.230759263038635254e-01 7.152571678161621094e-01 6.928607225418090820e-01 6.242334246635437012e-01 2.637901902198791504e-01 1.580186337232589722e-01 7.350538671016693115e-02 4.580007493495941162e-02 3.486908972263336182e-02 2.968940138816833496e-02 2.793253958225250244e-02 2.755501866340637207e-02 2.743381261825561523e-02 2.707259356975555420e-02 2.664862573146820068e-02 2.575436234474182129e-02 2.459540963172912598e-02 2.519813179969787598e-02 2.674134075641632080e-02 2.669726312160491943e-02 2.842727303504943848e-02
3.271190822124481201e-02 3.252094984054565430e-02 3.634123504161834717e-02 4.378233850002288818e-02 5.776956677436828613e-02 7.485294342041015625e-02 9.511134028434753418e-02 1.113959997892379761e-01 1.370789855718612671e-01 1.451209783554077148e-01 1.352873891592025757e-01 1.381756067276000977e-01 1.308579891920089722e-01 1.442044973373413086e-01 2.084043025970458984e-01 3.505590260028839111e-01 9.999897480010986328e-01 9.999994039535522461e-01 0.000000000000000000e+00 9.999995231628417969e-01 9.999882578849792480e-01 3.755738139152526855e-01 1.681284010410308838e-01 1.452805250883102417e-01 1.756357997655868530e-01 5.453043580055236816e-01 7.339171171188354492e-01 7.437548637390136719e-01 7.386642694473266602e-01 6.718162298202514648e-01 1.858981400728225708e-01 1.678910255432128906e-01 1.106882691383361816e-01 6.552976369857788086e-02 4.225869476795196533e-02 3.210249543190002441e-02 2.765375375747680664e-02 2.608850598335266113e-02 2.574940025806427002e-02 2.600207924842834473e-02 2.633471786975860596e-02 2.635814249515533447e-02 2.578534185886383057e-02 2.478769421577453613e-02 2.536149322986602783e-02 2.692651748657226562e-02 2.694572508335113525e-02 2.857303619384765625e-02
3.334644436836242676e-02 3.307062387466430664e-02 3.458093106746673584e-02 3.857730329036712646e-02 5.005219578742980957e-02 6.892752647399902344e-02 9.596849977970123291e-02 1.307758986949920654e-01 1.555678248405456543e-01 1.683939248323440552e-01 1.726097911596298218e-01 1.553464829921722412e-01 1.525750905275344849e-01 1.354534775018692017e-01 1.431673765182495117e-01 1.836824268102645874e-01 3.112362623214721680e-01 9.999880194664001465e-01 9.999995231628417969e-01 0.000000000000000000e+00 9.999996423721313477e-01 9.999909400939941406e-01 4.593716263771057129e-01 2.288917601108551025e-01 2.976818382740020752e-01 5.744783878326416016e-01 7.511612176895141602e-01 7.528145313262939453e-01 6.804350614547729492e-01 1.652410030364990234e-01 1.557200103998184204e-01 1.193909049034118652e-01 9.775872528553009033e-02 6.663084030151367188e-02 4.232411086559295654e-02 3.163321316242218018e-02 2.677328884601593018e-02 2.499869465827941895e-02 2.474611997604370117e-02 2.535787224769592285e-02 2.594134211540222168e-02 2.622848749160766602e-02 2.561286091804504395e-02 2.482165396213531494e-02 2.534419298171997070e-02 2.697883546352386475e-02 2.709461748600006104e-02 2.874772250652313232e-02
3.419767320156097412e-02 3.347842395305633545e-02 3.376947343349456787e-02 3.554588556289672852e-02 4.344500601291656494e-02 5.934134125709533691e-02 8.445170521736145020e-02 1.283984780311584473e-01 1.609012782573699951e-01 1.750173717737197876e-01 1.928372234106063843e-01 1.840506941080093384e-01 1.592737436294555664e-01 1.469858437776565552e-01 1.284774839878082275e-01 1.312426179647445679e-01 1.630284488201141357e-01 3.214057683944702148e-01 9.999882578849792480e-01 9.999996423721313477e-01 0.000000000000000000e+00 9.999997615814208984e-01 9.999927282333374023e-01 7.244970798492431641e-01 4.435934424400329590e-01 5.050735473632812500e-01 6.042151451110839844e-01 6.070022583007812500e-01 1.155994087457656860e-01 1.413511782884597778e-01 1.241547018289566040e-01 1.032465845346450806e-01 8.829480409622192383e-02 7.052147388458251953e-02 4.589819908142089844e-02 3.361858427524566650e-02 2.791091799736022949e-02 2.538900077342987061e-02 2.488356828689575195e-02 2.526617050170898438e-02 2.576297521591186523e-02 2.590963244438171387e-02 2.520312368869781494e-02 2.456951141357421875e-02 2.517704665660858154e-02 2.698971331119537354e-02 2.726869285106658936e-02 2.887967228889465332e-02
3.430350124835968018e-02 3.371962904930114746e-02 3.365011513233184814e-02 3.477938473224639893e-02 4.025873541831970215e-02 5.157975852489471436e-02 7.069580256938934326e-02 1.050669550895690918e-01 1.449944972991943359e-01 1.641016304492950439e-01 1.888764947652816772e-01 2.097996622323989868e-01 1.800047159194946289e-01 1.487066149711608887e-01 1.302906125783920288e-01 1.106802225112915039e-01 1.130948215723037720e-01 1.534605473279953003e-01 3.755738139152526855e-01 9.999909400939941406e-01 9.999997615814208984e-01 0.000000000000000000e+00 9.999998807907104492e-01 9.999949336051940918e-01 7.856089472770690918e-01 4.234526157379150391e-01 3.851545453071594238e-01 1.138056069612503052e-01 1.122857332229614258e-01 1.065165102481842041e-01 9.810832142829895020e-02 9.341549873352050781e-02 8.476063609123229980e-02 7.022300362586975098e-02 5.250278115272521973e-02 3.857466578483581543e-02 3.116406500339508057e-02 2.798661589622497559e-02 2.634850144386291504e-02 2.598731219768524170e-02 2.594791352748870850e-02 2.557420730590820312e-02 2.471819519996643066e-02 2.417740225791931152e-02 2.492329478263854980e-02 2.688287198543548584e-02 2.744415402412414551e-02 2.912673354148864746e-02
3.373767435550689697e-02 3.376188874244689941e-02 3.374607861042022705e-02 3.580664098262786865e-02 4.028382897377014160e-02 4.848824441432952881e-02 6.069743633270263672e-02 8.038416504859924316e-02 1.132761836051940918e-01 1.494046896696090698e-01 1.752105653285980225e-01 1.957883387804031372e-01 1.992703974246978760e-01 1.708128601312637329e-01 1.414472460746765137e-01 1.193964332342147827e-01 1.018180400133132935e-01 1.145137399435043335e-01 1.681284010410308838e-01 4.593716263771057129e-01 9.999927282333374023e-01 9.999998807907104492e-01 0.000000000000000000e+00 9.999998211860656738e-01 9.999942779541015625e-01 6.681666970252990723e-01 2.284849435091018677e-01 1.548245698213577271e-01 1.193872690200805664e-01 1.055726259946823120e-01 9.261746704578399658e-02 8.616761863231658936e-02 7.816824316978454590e-02 6.972663104534149170e-02 5.982364714145660400e-02 4.804387688636779785e-02 3.775417804718017578e-02 3.260391950607299805e-02 2.950735390186309814e-02 2.764463424682617188e-02 2.666515111923217773e-02 2.559813857078552246e-02 2.434557676315307617e-02 2.371287345886230469e-02 2.459043264389038086e-02 2.669981122016906738e-02 2.753995358943939209e-02 2.935911715030670166e-02
3.294515609741210938e-02 3.368535637855529785e-02 3.413397073745727539e-02 3.814762830734252930e-02 4.177598655223846436e-02 4.802820086479187012e-02 5.545729398727416992e-02 6.745821237564086914e-02 8.921054005622863770e-02 1.215764135122299194e-01 1.510093659162521362e-01 1.625946164131164551e-01 1.852315068244934082e-01 1.919579654932022095e-01 1.567503660917282104e-01 1.248986870050430298e-01 1.175873726606369019e-01 1.262205243110656738e-01 1.452805250883102417e-01 2.288917601108551025e-01 7.244970798492431641e-01 9.999949336051940918e-01 9.999998211860656738e-01 0.000000000000000000e+00 9.999997615814208984e-01 9.999884366989135742e-01 5.921286940574645996e-01 2.323565632104873657e-01 1.414311826229095459e-01 1.096626073122024536e-01 9.514635801315307617e-02 8.072108030319213867e-02 7.379591464996337891e-02 6.872576475143432617e-02 6.329350173473358154e-02 5.708505213260650635e-02 4.955852031707763672e-02 4.100196063518524170e-02 3.497089445590972900e-02 3.104351460933685303e-02 2.825677394866943359e-02 2.614653110504150391e-02 2.437210083007812500e-02 2.339400351047515869e-02 2.419641613960266113e-02 2.649377286434173584e-02 2.751433849334716797e-02 2.954465150833129883e-02
3.301939368247985840e-02 3.392478823661804199e-02 3.499324619770050049e-02 4.025954008102416992e-02 4.387609660625457764e-02 4.765173792839050293e-02 5.245679616928100586e-02 5.957278609275817871e-02 7.216462492942810059e-02 9.505949914455413818e-02 1.189114302396774292e-01 1.327317804098129272e-01 1.617278009653091431e-01 1.785166114568710327e-01 1.798770576715469360e-01 1.545491963624954224e-01 1.396619975566864014e-01 1.414099931716918945e-01 1.756357997655868530e-01 2.976818382740020752e-01 4.435934424400329590e-01 7.856089472770690918e-01 9.999942779541015625e-01 9.999997615814208984e-01 0.000000000000000000e+00 9.999995231628417969e-01 9.999898672103881836e-01 5.960565805435180664e-01 2.340846210718154907e-01 1.226087361574172974e-01 9.652248024940490723e-02 7.928495109081268311e-02 7.390546798706054688e-02 6.873781979084014893e-02 6.695261597633361816e-02 6.342445313930511475e-02 5.990293622016906738e-02 5.422565340995788574e-02 4.437100887298583984e-02 3.651395440101623535e-02 3.169687092304229736e-02 2.768912911415100098e-02 2.505762875080108643e-02 2.352160215377807617e-02 2.397419512271881104e-02 2.628470957279205322e-02 2.745535969734191895e-02 2.969631552696228027e-02
3.356502950191497803e-02 3.427326679229736328e-02 3.607206046581268311e-02 4.164122045040130615e-02 4.450301826000213623e-02 4.666529595851898193e-02 5.071909725666046143e-02 5.650237202644348145e-02 6.547254323959350586e-02 7.855762541294097900e-02 9.219329059123992920e-02 1.115376204252243042e-01 1.391154825687408447e-01 1.733449846506118774e-01 2.141553312540054321e-01 2.395276576280593872e-01 2.165485471487045288e-01 1.780452728271484375e-01 5.453043580055236816e-01 5.744783878326416016e-01 5.050735473632812500e-01 4.234526157379150391e-01 6.681666970252990723e-01 9.999884366989135742e-01 9.999995231628417969e-01 0.000000000000000000e+00 9.999995231628417969e-01 9.999899864196777344e-01 5.512560606002807617e-01 2.051845341920852661e-01 1.099786609411239624e-01 8.715280890464782715e-02 7.809779047966003418e-02 7.497400045394897461e-02 7.073991000652313232e-02 7.174645364284515381e-02 6.896540522575378418e-02 6.416945159435272217e-02 5.648142099380493164e-02 4.486615955829620361e-02 3.617270290851593018e-02 3.079274296760559082e-02 2.663093805313110352e-02 2.430742979049682617e-02 2.424257993698120117e-02 2.627237141132354736e-02 2.739597856998443604e-02 2.971941232681274414e-02
3.462070226669311523e-02 3.484717011451721191e-02 3.671492636203765869e-02 4.184713959693908691e-02 4.364056885242462158e-02 4.578669369220733643e-02 5.036816000938415527e-02 5.600185692310333252e-02 6.469188630580902100e-02 7.326054573059082031e-02 8.150219917297363281e-02 9.937156736850738525e-02 1.421123594045639038e-01 2.362397909164428711e-01 2.969184517860412598e-01 2.971153855323791504e-01 2.899837791919708252e-01 5.742217302322387695e-01 7.339171171188354492e-01 7.511612176895141602e-01 6.042151451110839844e-01 3.851545453071594238e-01 2.284849435091018677e-01 5.921286940574645996e-01 9.999898672103881836e-01 9.999995231628417969e-01 0.000000000000000000e+00 9.999995231628417969e-01 9.999890327453613281e-01 4.584119915962219238e-01 1.771329343318939209e-01 1.052537858486175537e-01 8.859004080295562744e-02 8.933687210083007812e-02 8.584859967231750488e-02 8.350567519664764404e-02 8.063989877700805664e-02 7.226835191249847412e-02 6.431926786899566650e-02 5.431406199932098389e-02 4.309689998626708984e-02 3.488685190677642822e-02 2.962110936641693115e-02 2.599997818470001221e-02 2.527979016304016113e-02 2.677954733371734619e-02 2.757495641708374023e-02 2.970086038112640381e-02
3.571416437625885010e-02 3.531718254089355469e-02 3.677798807621002197e-02 4.095976054668426514e-02 4.288910329341888428e-02 4.647888243198394775e-02 5.148141086101531982e-02 5.845393240451812744e-02 6.618712842464447021e-02 7.356968522071838379e-02 8.649048209190368652e-02 1.110197454690933228e-01 1.879820674657821655e-01 2.916460037231445312e-01 3.670638203620910645e-01 3.623527288436889648e-01 6.032761335372924805e-01 7.230759263038635254e-01 7.437548637390136719e-01 7.528145313262939453e-01 6.070022583007812500e-01 1.138056069612503052e-01 1.548245698213577271e-01 2.323565632104873657e-01 5.960565805435180664e-01 9.999899864196777344e-01 9.999995231628417969e-01 0.000000000000000000e+00 9.999994039535522461e-01 9.999855160713195801e-01 4.072202444076538086e-01 1.705601662397384644e-01 1.088925302028656006e-01 9.882961213588714600e-02 1.031262278556823730e-01 9.504652023315429688e-02 9.228526055812835693e-02 8.492557704448699951e-02 7.279321551322937012e-02 6.216421723365783691e-02 5.034470558166503906e-02 4.208990931510925293e-02 3.419855237007141113e-02 2.931532263755798340e-02 2.748903632164001465e-02 2.794618904590606689e-02 2.788765728473663330e-02 2.974162995815277100e-02
3.654207289218902588e-02 3.562933206558227539e-02 3.674736618995666504e-02 3.996586799621582031e-02 4.231075942516326904e-02 4.753893613815307617e-02 5.522064864635467529e-02 6.318645179271697998e-02 7.164229452610015869e-02 8.140861988067626953e-02 1.070851683616638184e-01 1.447582691907882690e-01 2.280156016349792480e-01 3.492684960365295410e-01 4.514352083206176758e-01 5.913754701614379883e-01 6.462819576263427734e-01 7.152571678161621094e-01 7.386642694473266602e-01 6.804350614547729492e-01 1.155994087457656860e-01 1.122857332229614258e-01 1.193872690200805664e-01 1.414311826229095459e-01 2.340846210718154907e-01 5.512560606002807617e-01 9.999890327453613281e-01 9.999994039535522461e-01 0.000000000000000000e+00 9.999992251396179199e-01 9.999819993972778320e-01 3.931733965873718262e-01 1.757172644138336182e-01 1.153240650892257690e-01 1.042621880769729614e-01 1.083967536687850952e-01 9.745529294013977051e-02 9.419731795787811279e-02 8.444921672344207764e-02 7.078146934509277344e-02 5.829542875289916992e-02 4.856094717979431152e-02 4.119677841663360596e-02 3.449490666389465332e-02 3.119048476219177246e-02 2.971200644969940186e-02 2.859337627887725830e-02 2.985818684101104736e-02
3.748025000095367432e-02 3.590534627437591553e-02 3.623703122138977051e-02 3.896582126617431641e-02 4.275128245353698730e-02 5.011522769927978516e-02 5.802230536937713623e-02 6.529238820075988770e-02 7.446531951427459717e-02 1.069795340299606323e-01 1.456070244312286377e-01 2.039917707443237305e-01 2.883433699607849121e-01 4.151749312877655029e-01 5.434612035751342773e-01 5.808300971984863281e-01 6.285603046417236328e-01 6.928607225418090820e-01 6.718162298202514648e-01 1.652410030364990234e-01 1.413511782884597778e-01 1.065165102481842041e-01 1.055726259946823120e-01 1.096626073122024536e-01 1.226087361574172974e-01 2.051845341920852661e-01 4.584119915962219238e-01 9.999855160713195801e-01 9.999992251396179199e-01 0.000000000000000000e+00 9.999990463256835938e-01 9.999794960021972656e-01 3.979036808013916016e-01 1.863033175468444824e-01 1.199589818716049194e-01 1.064916104078292847e-01 1.107309609651565552e-01 9.720702469348907471e-02 9.364806115627288818e-02 8.146579563617706299e-02 6.596495211124420166e-02 5.451039969921112061e-02 4.732152819633483887e-02 4.142738878726959229e-02 3.597867488861083984e-02 3.276535868644714355e-02 2.982163429260253906e-02 3.009296953678131104e-02
3.764452040195465088e-02 3.625269234180450439e-02 3.578509390354156494e-02 3.935691714286804199e-02 4.310765862464904785e-02 5.097918212413787842e-02 5.721865594387054443e-02 6.512989103794097900e-02 8.825410902500152588e-02 1.255272626876831055e-01 1.760987490415573120e-01 2.573501467704772949e-01 3.655576109886169434e-01 4.782078862190246582e-01 4.829939007759094238e-01 4.773188233375549316e-01 6.023823618888854980e-01 6.242334246635437012e-01 1.858981400728225708e-01 1.557200103998184204e-01 1.241547018289566040e-01 9.810832142829895020e-02 9.261746704578399658e-02 9.514635801315307617e-02 9.652248024940490723e-02 1.099786609411239624e-01 1.771329343318939209e-01 4.072202444076538086e-01 9.999819993972778320e-01 9.999990463256835938e-01 0.000000000000000000e+00 9.999988079071044922e-01 9.999774694442749023e-01 4.017193317413330078e-01 1.917870938777923584e-01 1.227574050426483154e-01 1.077966392040252686e-01 1.110142320394515991e-01 9.547761082649230957e-02 8.948475122451782227e-02 7.529535889625549316e-02 6.132806837558746338e-02 5.355696380138397217e-02 4.721170663833618164e-02 4.183012247085571289e-02 3.655877709388732910e-02 3.181621432304382324e-02 3.085656464099884033e-02
3.767457604408264160e-02 3.652113676071166992e-02 3.656758368015289307e-02 4.050025343894958496e-02 4.318736493587493896e-02 4.926016926765441895e-02 5.546948313713073730e-02 7.182654738426208496e-02 9.402321279048919678e-02 1.412151902914047241e-01 2.180218100547790527e-01 3.228901624679565430e-01 4.436159133911132812e-01 4.703168272972106934e-01 4.023339748382568359e-01 3.853548169136047363e-01 4.950839281082153320e-01 2.637901902198791504e-01 1.678910255432128906e-01 1.193909049034118652e-01 1.032465845346450806e-01 9.341549873352050781e-02 8.616761863231658936e-02 8.072108030319213867e-02 7.928495109081268311e-02 8.715280890464782715e-02 1.052537858486175537e-01 1.705601662397384644e-01 3.931733965873718262e-01 9.999794960021972656e-01 9.999988079071044922e-01 0.000000000000000000e+00 9.999985694885253906e-01 9.999755024909973145e-01 3.957039415836334229e-01 1.956844925880432129e-01 1.248669326305389404e-01 1.080258190631866455e-01 1.104580610990524292e-01 9.278298914432525635e-02 8.198736608028411865e-02 7.043024897575378418e-02 6.000544130802154541e-02 5.277818441390991211e-02 4.752945899963378906e-02 4.217888414859771729e-02 3.474831581115722656e-02 3.229825198650360107e-02
3.703205287456512451e-02 3.691016137599945068e-02 3.890706598758697510e-02 4.208946228027343750e-02 4.348155856132507324e-02 4.746942222118377686e-02 5.925185978412628174e-02 7.804802060127258301e-02 1.066026538610458374e-01 1.690506339073181152e-01 2.651914656162261963e-01 4.582090079784393311e-01 4.775077700614929199e-01 4.325901567935943604e-01 3.668631315231323242e-01 3.603862226009368896e-01 2.221683412790298462e-01 1.580186337232589722e-01 1.106882691383361816e-01 9.775872528553009033e-02 8.829480409622192383e-02 8.476063609123229980e-02 7.816824316978454590e-02 7.379591464996337891e-02 7.390546798706054688e-02 7.809779047966003418e-02 8.859004080295562744e-02 1.088925302028656006e-01 1.757172644138336182e-01 3.979036808013916016e-01 9.999774694442749023e-01 9.999985694885253906e-01 0.000000000000000000e+00 9.999982118606567383e-01 9.999731183052062988e-01 3.813548088073730469e-01 1.959459781646728516e-01 1.256749927997589111e-01 1.076071262359619141e-01 1.087137311697006226e-01 8.844996988773345947e-02 7.692909240722656250e-02 6.830623745918273926e-02 5.982653796672821045e-02 5.232091248035430908e-02 4.729898273944854736e-02 3.958947956562042236e-02 3.457655012607574463e-02
