0.000000000000000000e+00 9.981671571731567383e-01 9.978221654891967773e-01 1.292244791984558105e-01 1.168314218521118164e-01 9.418526291847229004e-02 6.462475657463073730e-02 6.104966998100280762e-02 5.618977546691894531e-02 5.676141381263732910e-02 5.792519450187683105e-02 5.457085371017456055e-02 4.671345651149749756e-02 4.115207493305206299e-02 3.811471164226531982e-02 3.674469888210296631e-02 3.584307432174682617e-02 3.524804115295410156e-02 3.500412404537200928e-02 3.476244211196899414e-02 3.458945453166961670e-02 3.441196680068969727e-02 3.412856161594390869e-02 3.375908732414245605e-02 3.346814215183258057e-02 3.353860974311828613e-02 3.385858237743377686e-02 3.416267037391662598e-02 3.439599275588989258e-02 3.493775427341461182e-02 3.554081916809082031e-02 3.586770594120025635e-02 3.579586744308471680e-02 3.538456559181213379e-02 3.495487570762634277e-02 3.458756208419799805e-02 3.435821831226348877e-02 3.434085845947265625e-02 3.456822037696838379e-02 3.496089577674865723e-02 3.531049191951751709e-02 3.557462990283966064e-02 3.573557734489440918e-02 3.575272858142852783e-02 3.571204841136932373e-02 3.556464612483978271e-02 3.549459576606750488e-02 3.547161817550659180e-02 3.548590838909149170e-02 3.551307320594787598e-02 3.552821278572082520e-02 3.554682433605194092e-02 3.566615283489227295e-02 3.589186072349548340e-02 3.614786267280578613e-02 3.605106472969055176e-02 3.573732078075408936e-02 3.548920154571533203e-02 3.519599139690399170e-02 3.493273258209228516e-02 3.454439342021942139e-02 3.403308987617492676e-02 3.387828171253204346e-02 3.460419178009033203e-02 3.543461859226226807e-02 3.680245578289031982e-02 3.826904296875000000e-02 3.955359756946563721e-02 3.959646821022033691e-02 3.799015283584594727e-02 3.797720372676849365e-02 4.031156003475189209e-02 4.980286955833435059e-02 9.203562140464782715e-02 9.078441560268402100e-02 6.030866503715515137e-02 6.049440801143646240e-02 2.475081980228424072e-01 2.956590056419372559e-01 2.676512598991394043e-01
9.981671571731567383e-01 0.000000000000000000e+00 9.992574453353881836e-01 9.992074966430664062e-01 1.424747109413146973e-01 1.149301677942276001e-01 9.179683029651641846e-02 5.876985192298889160e-02 5.665627121925354004e-02 5.549857020378112793e-02 5.267082154750823975e-02 5.417779088020324707e-02 5.037216842174530029e-02 4.631607234477996826e-02 4.256536066532135010e-02 3.981836140155792236e-02 3.820830583572387695e-02 3.635001182556152344e-02 3.478227555751800537e-02 3.332616388797760010e-02 3.259040415287017822e-02 3.227213025093078613e-02 3.265011310577392578e-02 3.311723470687866211e-02 3.342680633068084717e-02 3.362829983234405518e-02 3.383171558380126953e-02 3.417801856994628906e-02 3.457839787006378174e-02 3.487476706504821777e-02 3.500480949878692627e-02 3.493890166282653809e-02 3.464326262474060059e-02 3.418837487697601318e-02 3.363329172134399414e-02 3.316722810268402100e-02 3.296011686325073242e-02 3.298161923885345459e-02 3.316757082939147949e-02 3.348408639430999756e-02 3.388445079326629639e-02 3.422668576240539551e-02 3.448121249675750732e-02 3.469574451446533203e-02 3.489956259727478027e-02 3.515873849391937256e-02 3.532701730728149414e-02 3.558188676834106445e-02 3.579467535018920898e-02 3.599998354911804199e-02 3.623647987842559814e-02 3.663399815559387207e-02 3.716914355754852295e-02 3.777821362018585205e-02 3.833423554897308350e-02 3.848351538181304932e-02 3.813305497169494629e-02 3.735338151454925537e-02 3.643734753131866455e-02 3.533722460269927979e-02 3.421244025230407715e-02 3.343981504440307617e-02 3.318950533866882324e-02 3.330673277378082275e-02 3.532084822654724121e-02 3.778776526451110840e-02 3.920739889144897461e-02 4.005727171897888184e-02 4.005631804466247559e-02 3.874333202838897705e-02 3.973549604415893555e-02 4.479064047336578369e-02 5.608795583248138428e-02 6.401836872100830078e-02 5.624844133853912354e-02 6.850512325763702393e-02 2.795079052448272705e-01 3.002417981624603271e-01 2.701342701911926270e-01 2.191571146249771118e-01
9.978221654891967773e-01 9.992574453353881836e-01 0.000000000000000000e+00 9.996309280395507812e-01 9.987272620201110840e-01 1.546604484319686890e-01 1.157174557447433472e-01 8.391177654266357422e-02 5.875687301158905029e-02 5.882082879543304443e-02 5.288186669349670410e-02 5.030049383640289307e-02 5.231925845146179199e-02 5.213408172130584717e-02 5.081982910633087158e-02 4.947561025619506836e-02 4.685266315937042236e-02 4.342301189899444580e-02 3.912016749382019043e-02 3.609062731266021729e-02 3.443476557731628418e-02 3.375399112701416016e-02 3.392343223094940186e-02 3.455317020416259766e-02 3.495725989341735840e-02 3.488427400588989258e-02 3.491194546222686768e-02 3.525474667549133301e-02 3.549833595752716064e-02 3.581838309764862061e-02 3.613351285457611084e-02 3.593041002750396729e-02 3.539350628852844238e-02 3.457772731781005859e-02 3.369961678981781006e-02 3.329513967037200928e-02 3.320020437240600586e-02 3.332613408565521240e-02 3.368222713470458984e-02 3.404407203197479248e-02 3.447657823562622070e-02 3.497862815856933594e-02 3.549592196941375732e-02 3.598076105117797852e-02 3.644160926342010498e-02 3.680768609046936035e-02 3.706938028335571289e-02 3.732548654079437256e-02 3.756894171237945557e-02 3.786130249500274658e-02 3.817397356033325195e-02 3.856188058853149414e-02 3.895266354084014893e-02 3.925311565399169922e-02 3.928226232528686523e-02 3.920978307723999023e-02 3.906092047691345215e-02 3.866437077522277832e-02 3.764657676219940186e-02 3.598667681217193604e-02 3.447170555591583252e-02 3.403608500957489014e-02 3.394830226898193359e-02 3.452007472515106201e-02 3.584674000740051270e-02 3.712581098079681396e-02 3.858713805675506592e-02 3.961725533008575439e-02 3.995458781719207764e-02 3.997153043746948242e-02 4.198639094829559326e-02 4.773591458797454834e-02 4.928535223007202148e-02 5.369481444358825684e-02 7.301050424575805664e-02 1.852466911077499390e-01 1.819375157356262207e-01 1.774570196866989136e-01 1.810633391141891479e-01 1.113885939121246338e-01
1.292244791984558105e-01 9.992074966430664062e-01 9.996309280395507812e-01 0.000000000000000000e+00 9.996563792228698730e-01 9.993339776992797852e-01 1.690724045038223267e-01 1.135580092668533325e-01 8.123569190502166748e-02 6.326499581336975098e-02 6.301306188106536865e-02 5.485615134239196777e-02 5.496704578399658203e-02 5.938370525836944580e-02 5.970779061317443848e-02 5.981951951980590820e-02 5.767653882503509521e-02 5.229447782039642334e-02 4.561103880405426025e-02 4.060330986976623535e-02 3.752703964710235596e-02 3.572537004947662354e-02 3.542825579643249512e-02 3.616438806056976318e-02 3.733368217945098877e-02 3.807201981544494629e-02 3.844447433948516846e-02 3.851212561130523682e-02 3.855279088020324707e-02 3.872588276863098145e-02 3.856465220451354980e-02 3.804150223731994629e-02 3.725330531597137451e-02 3.629216551780700684e-02 3.556171059608459473e-02 3.534272313117980957e-02 3.548789024353027344e-02 3.589847683906555176e-02 3.647135198116302490e-02 3.707221150398254395e-02 3.776177763938903809e-02 3.841143846511840820e-02 3.906367719173431396e-02 3.964492678642272949e-02 4.013106226921081543e-02 4.038293659687042236e-02 4.053270816802978516e-02 4.075694084167480469e-02 4.115730524063110352e-02 4.156139492988586426e-02 4.200536012649536133e-02 4.244384169578552246e-02 4.288144409656524658e-02 4.333987832069396973e-02 4.373945295810699463e-02 4.392890632152557373e-02 4.374173283576965332e-02 4.259449243545532227e-02 4.042734205722808838e-02 3.804419934749603271e-02 3.639274835586547852e-02 3.626000881195068359e-02 3.644505143165588379e-02 3.699804842472076416e-02 3.766117990016937256e-02 3.855662047863006592e-02 3.998185694217681885e-02 4.114793241024017334e-02 4.143176972866058350e-02 4.290974140167236328e-02 4.539187252521514893e-02 4.691781103610992432e-02 5.361849069595336914e-02 6.955817341804504395e-02 1.512874960899353027e-01 1.562901735305786133e-01 1.211957186460494995e-01 1.100393831729888916e-01 1.144547015428543091e-01 4.852221906185150146e-02
1.168314218521118164e-01 1.424747109413146973e-01 9.987272620201110840e-01 9.996563792228698730e-01 0.000000000000000000e+00 9.998315572738647461e-01 9.996218085289001465e-01 1.752090454101562500e-01 1.080946177244186401e-01 8.319859206676483154e-02 6.656245887279510498e-02 7.150523364543914795e-02 6.639610230922698975e-02 7.151944935321807861e-02 8.671984076499938965e-02 8.708769083023071289e-02 8.521158993244171143e-02 7.895341515541076660e-02 6.626428663730621338e-02 5.277962982654571533e-02 4.581816494464874268e-02 4.269959032535552979e-02 4.073834419250488281e-02 4.067593812942504883e-02 4.110211133956909180e-02 4.199828207492828369e-02 4.285286366939544678e-02 4.374709725379943848e-02 4.408840835094451904e-02 4.441040754318237305e-02 4.432803392410278320e-02 4.354785382747650146e-02 4.231357574462890625e-02 4.081545770168304443e-02 3.951926529407501221e-02 3.866545855998992920e-02 3.858065605163574219e-02 3.885208070278167725e-02 3.935988247394561768e-02 4.034581780433654785e-02 4.143443703651428223e-02 4.241712391376495361e-02 4.327967762947082520e-02 4.390133917331695557e-02 4.433935880661010742e-02 4.460002481937408447e-02 4.476785659790039062e-02 4.481713473796844482e-02 4.492823779582977295e-02 4.498158395290374756e-02 4.483169317245483398e-02 4.477733373641967773e-02 4.486882686614990234e-02 4.512338340282440186e-02 4.569482803344726562e-02 4.577803611755371094e-02 4.521253705024719238e-02 4.367367923259735107e-02 4.175777733325958252e-02 4.103057086467742920e-02 4.123316705226898193e-02 4.239492118358612061e-02 4.291319847106933594e-02 4.276096820831298828e-02 4.146252572536468506e-02 4.209533333778381348e-02 4.454161226749420166e-02 4.573898017406463623e-02 4.723215103149414062e-02 4.904328286647796631e-02 5.079372227191925049e-02 5.413922667503356934e-02 6.439767777919769287e-02 1.025317758321762085e-01 1.392496377229690552e-01 1.206735670566558838e-01 1.215417534112930298e-01 8.159138262271881104e-02 4.366342723369598389e-02 4.849244654178619385e-02
9.418526291847229004e-02 1.149301677942276001e-01 1.546604484319686890e-01 9.993339776992797852e-01 9.998315572738647461e-01 0.000000000000000000e+00 9.999279975891113281e-01 9.997600317001342773e-01 1.881622672080993652e-01 1.097272783517837524e-01 9.439080953598022461e-02 8.828751742839813232e-02 1.042609810829162598e-01 1.095112413167953491e-01 1.275733709335327148e-01 1.590666770935058594e-01 1.377243399620056152e-01 1.264195293188095093e-01 1.171601563692092896e-01 9.262949228286743164e-02 6.923042237758636475e-02 5.838078260421752930e-02 5.066011846065521240e-02 4.652279615402221680e-02 4.627223312854766846e-02 4.752191901206970215e-02 4.949387907981872559e-02 5.156451463699340820e-02 5.305199325084686279e-02 5.360554158687591553e-02 5.296863615512847900e-02 5.139787495136260986e-02 4.954834282398223877e-02 4.783669114112854004e-02 4.642805457115173340e-02 4.526908695697784424e-02 4.471178352832794189e-02 4.479607939720153809e-02 4.532971978187561035e-02 4.605834186077117920e-02 4.673473536968231201e-02 4.751706123352050781e-02 4.822064936161041260e-02 4.885272681713104248e-02 4.959043860435485840e-02 5.024686455726623535e-02 5.063368380069732666e-02 5.076849460601806641e-02 5.110377073287963867e-02 5.130930244922637939e-02 5.116553604602813721e-02 5.073943734169006348e-02 5.013938248157501221e-02 4.971210658550262451e-02 4.965257644653320312e-02 4.923176765441894531e-02 4.903820157051086426e-02 4.822438955307006836e-02 4.679445922374725342e-02 4.677040874958038330e-02 4.830832779407501221e-02 5.084887146949768066e-02 4.971599578857421875e-02 4.962457716464996338e-02 4.926413297653198242e-02 5.219696462154388428e-02 5.559727549552917480e-02 5.899356305599212646e-02 5.897733569145202637e-02 5.756570398807525635e-02 5.775825679302215576e-02 6.113916635513305664e-02 7.848386466503143311e-02 9.437264502048492432e-02 1.137762665748596191e-01 1.225656867027282715e-01 8.343888819217681885e-02 4.671216011047363281e-02 4.340258240699768066e-02 5.239669978618621826e-02
6.462475657463073730e-02 9.179683029651641846e-02 1.157174557447433472e-01 1.690724045038223267e-01 9.996218085289001465e-01 9.999279975891113281e-01 0.000000000000000000e+00 9.999641180038452148e-01 9.998233914375305176e-01 2.174069732427597046e-01 1.287116855382919312e-01 1.188535243272781372e-01 1.404181271791458130e-01 1.745074540376663208e-01 1.802220493555068970e-01 1.953939646482467651e-01 2.065289616584777832e-01 1.850678324699401855e-01 1.788968592882156372e-01 1.697640120983123779e-01 1.350926756858825684e-01 9.848390519618988037e-02 7.448543608188629150e-02 6.324164569377899170e-02 5.888701975345611572e-02 5.838267505168914795e-02 6.136749684810638428e-02 6.574544310569763184e-02 6.792066991329193115e-02 6.841847300529479980e-02 6.725436449050903320e-02 6.388343870639801025e-02 5.979876220226287842e-02 5.643223226070404053e-02 5.417563021183013916e-02 5.232608318328857422e-02 5.147466063499450684e-02 5.203092098236083984e-02 5.328211188316345215e-02 5.476285517215728760e-02 5.672615766525268555e-02 5.887277424335479736e-02 6.090264022350311279e-02 6.296752393245697021e-02 6.509880721569061279e-02 6.748558580875396729e-02 6.953336298465728760e-02 7.108420133590698242e-02 7.220023870468139648e-02 7.267580926418304443e-02 7.194155454635620117e-02 6.969229876995086670e-02 6.572568416595458984e-02 6.092776358127593994e-02 5.757252871990203857e-02 5.598239600658416748e-02 5.524095892906188965e-02 5.424718558788299561e-02 5.190433561801910400e-02 5.248643457889556885e-02 5.711908638477325439e-02 5.882763862609863281e-02 5.746848881244659424e-02 6.023670732975006104e-02 6.660427153110504150e-02 7.442934811115264893e-02 7.340264320373535156e-02 6.906169652938842773e-02 6.448017060756683350e-02 5.861040949821472168e-02 5.720424652099609375e-02 5.458858609199523926e-02 5.713418126106262207e-02 6.255611777305603027e-02 6.433206796646118164e-02 5.725869536399841309e-02 4.799859225749969482e-02 4.611854255199432373e-02 4.749025404453277588e-02 5.070826411247253418e-02
6.104966998100280762e-02 5.876985192298889160e-02 8.391177654266357422e-02 1.135580092668533325e-01 1.752090454101562500e-01 9.997600317001342773e-01 9.999641180038452148e-01 0.000000000000000000e+00 9.999782443046569824e-01 9.998267889022827148e-01 2.868334650993347168e-01 1.584906876087188721e-01 1.462961286306381226e-01 1.585512310266494751e-01 1.919002383947372437e-01 1.995787471532821655e-01 2.528252601623535156e-01 2.631012797355651855e-01 2.629314661026000977e-01 2.754444479942321777e-01 2.437170445919036865e-01 1.841980814933776855e-01 1.322176754474639893e-01 9.717071056365966797e-02 8.050110936164855957e-02 7.752959430217742920e-02 8.256392180919647217e-02 8.922666311264038086e-02 9.243518114089965820e-02 8.982332050800323486e-02 8.484587073326110840e-02 7.910288870334625244e-02 7.456892728805541992e-02 7.066154479980468750e-02 6.782783567905426025e-02 6.604458391666412354e-02 6.532555818557739258e-02 6.605273485183715820e-02 6.757241487503051758e-02 6.942085921764373779e-02 7.133822143077850342e-02 7.336626946926116943e-02 7.508318126201629639e-02 7.657890021800994873e-02 7.757969200611114502e-02 7.851421833038330078e-02 7.929465174674987793e-02 7.984426617622375488e-02 8.034445345401763916e-02 8.072368800640106201e-02 8.004751801490783691e-02 7.729560136795043945e-02 7.161110639572143555e-02 6.539365649223327637e-02 6.222918629646301270e-02 6.071360409259796143e-02 5.912032723426818848e-02 5.601514875888824463e-02 5.547830462455749512e-02 5.785802006721496582e-02 6.188796460628509521e-02 6.555619835853576660e-02 8.082430064678192139e-02 9.099309146404266357e-02 9.943622350692749023e-02 9.601679444313049316e-02 8.157458901405334473e-02 7.295206189155578613e-02 6.059706211090087891e-02 5.177739262580871582e-02 4.849705100059509277e-02 4.598312079906463623e-02 4.694192111492156982e-02 4.901693761348724365e-02 4.860860109329223633e-02 4.562860727310180664e-02 4.724302887916564941e-02 4.782496392726898193e-02 4.702115058898925781e-02 4.515559971332550049e-02
5.618977546691894531e-02 5.665627121925354004e-02 5.875687301158905029e-02 8.123569190502166748e-02 1.080946177244186401e-01 1.881622672080993652e-01 9.998233914375305176e-01 9.999782443046569824e-01 0.000000000000000000e+00 9.999797344207763672e-01 9.998278617858886719e-01 4.494479894638061523e-01 1.780200600624084473e-01 1.783453375101089478e-01 1.879811435937881470e-01 2.158154398202896118e-01 2.245476543903350830e-01 3.001134097576141357e-01 3.281981348991394043e-01 3.267964720726013184e-01 3.209978938102722168e-01 2.724503278732299805e-01 2.260788977146148682e-01 1.745046526193618774e-01 1.388354301452636719e-01 1.212751716375350952e-01 1.204087436199188232e-01 1.188776493072509766e-01 1.114874184131622314e-01 1.045604348182678223e-01 9.526978433132171631e-02 8.481834828853607178e-02 7.596573233604431152e-02 7.101981341838836670e-02 6.714850664138793945e-02 6.464320421218872070e-02 6.393544375896453857e-02 6.430731713771820068e-02 6.530886888504028320e-02 6.705042719841003418e-02 6.880694627761840820e-02 7.022000849246978760e-02 7.131984829902648926e-02 7.167245447635650635e-02 7.192136347293853760e-02 7.288573682308197021e-02 7.404868304729461670e-02 7.610796391963958740e-02 7.869258522987365723e-02 8.055011928081512451e-02 7.983905076980590820e-02 7.379138469696044922e-02 6.952485442161560059e-02 6.584335863590240479e-02 6.286525726318359375e-02 6.011335551738739014e-02 5.818620324134826660e-02 5.530069768428802490e-02 5.445355176925659180e-02 5.598923563957214355e-02 6.045845150947570801e-02 7.578487694263458252e-02 9.942983090877532959e-02 1.230850070714950562e-01 1.406925767660140991e-01 1.173161119222640991e-01 9.219346940517425537e-02 7.210490107536315918e-02 5.721867084503173828e-02 4.756271839141845703e-02 4.372091591358184814e-02 4.316525161266326904e-02 4.391884803771972656e-02 4.559281468391418457e-02 4.516749083995819092e-02 4.506140947341918945e-02 4.559557139873504639e-02 4.657080769538879395e-02 4.445055127143859863e-02 4.294103384017944336e-02
5.676141381263732910e-02 5.549857020378112793e-02 5.882082879543304443e-02 6.326499581336975098e-02 8.319859206676483154e-02 1.097272783517837524e-01 2.174069732427597046e-01 9.998267889022827148e-01 9.999797344207763672e-01 0.000000000000000000e+00 9.999833106994628906e-01 9.998456835746765137e-01 4.869497418403625488e-01 2.351344972848892212e-01 2.466487139463424683e-01 3.191624283790588379e-01 2.853513062000274658e-01 2.780398130416870117e-01 2.957608699798583984e-01 3.243984580039978027e-01 2.933387160301208496e-01 2.819154858589172363e-01 2.604142427444458008e-01 2.359013408422470093e-01 2.030161321163177490e-01 1.692669093608856201e-01 1.435279697179794312e-01 1.250150203704833984e-01 1.114290356636047363e-01 1.000233888626098633e-01 9.093366563320159912e-02 8.159920573234558105e-02 7.216587662696838379e-02 6.542418897151947021e-02 6.162984669208526611e-02 5.880965292453765869e-02 5.700893700122833252e-02 5.653484165668487549e-02 5.682651698589324951e-02 5.798898637294769287e-02 5.981138348579406738e-02 6.185638904571533203e-02 6.350073218345642090e-02 6.470991671085357666e-02 6.567934155464172363e-02 6.606429815292358398e-02 6.728540360927581787e-02 6.760446727275848389e-02 6.698545813560485840e-02 6.639201939105987549e-02 6.487050652503967285e-02 6.246024370193481445e-02 6.131197512149810791e-02 6.083133816719055176e-02 5.962283909320831299e-02 5.749845504760742188e-02 5.462443828582763672e-02 5.235780775547027588e-02 5.153544247150421143e-02 5.333699285984039307e-02 6.054069101810455322e-02 7.319751381874084473e-02 9.264063835144042969e-02 1.034626513719558716e-01 1.160931885242462158e-01 1.173286139965057373e-01 1.002284884452819824e-01 7.003521919250488281e-02 5.375872552394866943e-02 4.392556846141815186e-02 4.314355552196502686e-02 4.359024763107299805e-02 4.391252994537353516e-02 4.439292848110198975e-02 4.408724606037139893e-02 4.320904612541198730e-02 4.279983043670654297e-02 4.472786188125610352e-02 4.289920628070831299e-02 4.216249287128448486e-02
5.792519450187683105e-02 5.267082154750823975e-02 5.288186669349670410e-02 6.301306188106536865e-02 6.656245887279510498e-02 9.439080953598022461e-02 1.287116855382919312e-01 2.868334650993347168e-01 9.998278617858886719e-01 9.999833106994628906e-01 0.000000000000000000e+00 9.999862313270568848e-01 9.998543858528137207e-01 6.655982136726379395e-01 4.006362557411193848e-01 3.339255452156066895e-01 3.809748291969299316e-01 2.282578051090240479e-01 2.161580175161361694e-01 2.658665776252746582e-01 2.667485475540161133e-01 2.599696516990661621e-01 2.772546410560607910e-01 2.720345854759216309e-01 2.456349432468414307e-01 1.945250779390335083e-01 1.480996757745742798e-01 1.146025210618972778e-01 9.425295889377593994e-02 8.265800774097442627e-02 7.367134094238281250e-02 6.645821034908294678e-02 6.082613766193389893e-02 5.650492012500762939e-02 5.301748216152191162e-02 5.056446790695190430e-02 4.983216524124145508e-02 4.929222166538238525e-02 4.915548861026763916e-02 4.948683083057403564e-02 5.042080581188201904e-02 5.173026025295257568e-02 5.280327796936035156e-02 5.357745289802551270e-02 5.390703678131103516e-02 5.377532541751861572e-02 5.363200604915618896e-02 5.349013209342956543e-02 5.341506004333496094e-02 5.337519943714141846e-02 5.325791239738464355e-02 5.286717414855957031e-02 5.241392552852630615e-02 5.179062485694885254e-02 5.013588070869445801e-02 4.846531152725219727e-02 4.644285142421722412e-02 4.512733221054077148e-02 4.685968160629272461e-02 4.987139999866485596e-02 5.099698901176452637e-02 5.919638276100158691e-02 6.624849140644073486e-02 8.363871276378631592e-02 8.757758140563964844e-02 8.503156900405883789e-02 7.124857604503631592e-02 5.758090317249298096e-02 5.096571147441864014e-02 4.306289553642272949e-02 4.220300912857055664e-02 4.338680207729339600e-02 4.253512620925903320e-02 4.269587993621826172e-02 4.250435531139373779e-02 4.147498309612274170e-02 4.105167090892791748e-02 4.426333308219909668e-02 4.178465902805328369e-02 4.218052327632904053e-02
5.457085371017456055e-02 5.417779088020324707e-02 5.030049383640289307e-02 5.485615134239196777e-02 7.150523364543914795e-02 8.828751742839813232e-02 1.188535243272781372e-01 1.584906876087188721e-01 4.494479894638061523e-01 9.998456835746765137e-01 9.999862313270568848e-01 0.000000000000000000e+00 9.999914169311523438e-01 9.999015331268310547e-01 7.752412557601928711e-01 4.002004265785217285e-01 2.846434414386749268e-01 1.786182522773742676e-01 1.695811450481414795e-01 1.871831864118576050e-01 2.297852039337158203e-01 2.593154311180114746e-01 2.755227386951446533e-01 2.837003171443939209e-01 2.640757858753204346e-01 2.090216875076293945e-01 1.469625532627105713e-01 1.037891805171966553e-01 7.875460386276245117e-02 6.569389998912811279e-02 5.887860059738159180e-02 5.386744439601898193e-02 5.018298327922821045e-02 4.736569523811340332e-02 4.472748935222625732e-02 4.339078068733215332e-02 4.254354536533355713e-02 4.241865873336791992e-02 4.275888204574584961e-02 4.345913231372833252e-02 4.413798451423645020e-02 4.481697082519531250e-02 4.528783261775970459e-02 4.539057612419128418e-02 4.514394700527191162e-02 4.465673863887786865e-02 4.428613185882568359e-02 4.379923641681671143e-02 4.332931339740753174e-02 4.294799268245697021e-02 4.261150956153869629e-02 4.236470162868499756e-02 4.184116423130035400e-02 4.110835492610931396e-02 4.000890254974365234e-02 3.894022107124328613e-02 3.776340186595916748e-02 3.797300159931182861e-02 4.141408205032348633e-02 4.334154725074768066e-02 4.424050450325012207e-02 4.838748276233673096e-02 5.205015838146209717e-02 5.540275573730468750e-02 6.353077292442321777e-02 7.804262638092041016e-02 6.670667231082916260e-02 5.277402698993682861e-02 4.738757014274597168e-02 4.287171363830566406e-02 4.133048653602600098e-02 4.053859412670135498e-02 4.066008329391479492e-02 4.199944436550140381e-02 4.354935884475708008e-02 4.235582053661346436e-02 4.228965938091278076e-02 4.327487945556640625e-02 3.893530368804931641e-02 3.888033330440521240e-02
4.671345651149749756e-02 5.037216842174530029e-02 5.231925845146179199e-02 5.496704578399658203e-02 6.639610230922698975e-02 1.042609810829162598e-01 1.404181271791458130e-01 1.462961286306381226e-01 1.780200600624084473e-01 4.869497418403625488e-01 9.998543858528137207e-01 9.999914169311523438e-01 0.000000000000000000e+00 9.999938011169433594e-01 9.999302625656127930e-01 6.564866304397583008e-01 2.635998725891113281e-01 2.127851694822311401e-01 1.679376959800720215e-01 1.660708487033843994e-01 1.774865090847015381e-01 2.309029400348663330e-01 2.600877285003662109e-01 2.606126666069030762e-01 2.510908246040344238e-01 2.076832354068756104e-01 1.490291506052017212e-01 9.995080530643463135e-02 6.951215863227844238e-02 5.768869817256927490e-02 5.090792477130889893e-02 4.601825773715972900e-02 4.246674478054046631e-02 3.968009352684020996e-02 3.772379457950592041e-02 3.676742315292358398e-02 3.667809069156646729e-02 3.718808293342590332e-02 3.786040842533111572e-02 3.858621418476104736e-02 3.929395973682403564e-02 3.977246582508087158e-02 3.994771838188171387e-02 3.974868357181549072e-02 3.932347893714904785e-02 3.865697979927062988e-02 3.774496912956237793e-02 3.672628104686737061e-02 3.575210273265838623e-02 3.506124019622802734e-02 3.426800668239593506e-02 3.349456191062927246e-02 3.297510743141174316e-02 3.285722434520721436e-02 3.278703987598419189e-02 3.250563144683837891e-02 3.257964551448822021e-02 3.323160111904144287e-02 3.486801683902740479e-02 3.743848204612731934e-02 3.832790255546569824e-02 4.043556749820709229e-02 4.200178384780883789e-02 4.853081703186035156e-02 5.772569775581359863e-02 6.342177093029022217e-02 6.056220829486846924e-02 4.818968474864959717e-02 4.506222903728485107e-02 4.290349781513214111e-02 4.088796675205230713e-02 3.964708745479583740e-02 4.223197698593139648e-02 4.624620079994201660e-02 4.706263542175292969e-02 4.432372748851776123e-02 4.357753694057464600e-02 4.044899344444274902e-02 3.597065806388854980e-02 3.546153008937835693e-02
4.115207493305206299e-02 4.631607234477996826e-02 5.213408172130584717e-02 5.938370525836944580e-02 7.151944935321807861e-02 1.095112413167953491e-01 1.745074540376663208e-01 1.585512310266494751e-01 1.783453375101089478e-01 2.351344972848892212e-01 6.655982136726379395e-01 9.999015331268310547e-01 9.999938011169433594e-01 0.000000000000000000e+00 9.999960660934448242e-01 9.999291896820068359e-01 5.489929318428039551e-01 2.467835098505020142e-01 1.924912035465240479e-01 1.580226570367813110e-01 1.595545709133148193e-01 1.641762703657150269e-01 2.129638493061065674e-01 2.316769361495971680e-01 2.164478600025177002e-01 1.839877068996429443e-01 1.436220258474349976e-01 9.902490675449371338e-02 6.850329041481018066e-02 5.533595383167266846e-02 4.620002210140228271e-02 4.038737714290618896e-02 3.653895854949951172e-02 3.436198830604553223e-02 3.309389948844909668e-02 3.228141367435455322e-02 3.188399970531463623e-02 3.198675811290740967e-02 3.242950141429901123e-02 3.317505121231079102e-02 3.373628854751586914e-02 3.401856124401092529e-02 3.404423594474792480e-02 3.372040390968322754e-02 3.313216567039489746e-02 3.241060674190521240e-02 3.175488114356994629e-02 3.108938038349151611e-02 3.045628964900970459e-02 2.998118102550506592e-02 2.959093451499938965e-02 2.934044599533081055e-02 2.928894758224487305e-02 2.946799993515014648e-02 2.957136929035186768e-02 2.963428199291229248e-02 3.002816438674926758e-02 3.066980838775634766e-02 3.221531212329864502e-02 3.386907279491424561e-02 3.540928661823272705e-02 3.594996035099029541e-02 3.840145468711853027e-02 4.698128998279571533e-02 5.430144071578979492e-02 5.612212419509887695e-02 5.323958396911621094e-02 4.998861253261566162e-02 4.538120329380035400e-02 4.380904138088226318e-02 4.212632775306701660e-02 4.333628714084625244e-02 5.009450018405914307e-02 5.552037060260772705e-02 4.995872080326080322e-02 4.687522351741790771e-02 4.293148219585418701e-02 3.942744433879852295e-02 3.509865701198577881e-02 3.604605793952941895e-02
3.811471164226531982e-02 4.256536066532135010e-02 5.081982910633087158e-02 5.970779061317443848e-02 8.671984076499938965e-02 1.275733709335327148e-01 1.802220493555068970e-01 1.919002383947372437e-01 1.879811435937881470e-01 2.466487139463424683e-01 4.006362557411193848e-01 7.752412557601928711e-01 9.999302625656127930e-01 9.999960660934448242e-01 0.000000000000000000e+00 9.999958276748657227e-01 9.999341964721679688e-01 5.497871041297912598e-01 2.421159446239471436e-01 1.749581992626190186e-01 1.459703743457794189e-01 1.518534123897552490e-01 1.470821052789688110e-01 1.865614801645278931e-01 1.900269687175750732e-01 1.629306077957153320e-01 1.347722262144088745e-01 1.020671576261520386e-01 7.545109093189239502e-02 5.831606686115264893e-02 4.724037647247314453e-02 3.986673057079315186e-02 3.515198826789855957e-02 3.243830800056457520e-02 3.100009262561798096e-02 3.029519319534301758e-02 3.002822399139404297e-02 3.007993102073669434e-02 3.029030561447143555e-02 3.057758510112762451e-02 3.083853423595428467e-02 3.093771636486053467e-02 3.082637488842010498e-02 3.052727878093719482e-02 3.009186685085296631e-02 2.960139513015747070e-02 2.910847961902618408e-02 2.866752445697784424e-02 2.833668887615203857e-02 2.809859812259674072e-02 2.799645066261291504e-02 2.797868847846984863e-02 2.795641124248504639e-02 2.803513407707214355e-02 2.831937372684478760e-02 2.873423695564270020e-02 2.926805615425109863e-02 3.023476898670196533e-02 3.133815526962280273e-02 3.202046453952789307e-02 3.308399021625518799e-02 3.486944735050201416e-02 3.906466066837310791e-02 4.406473040580749512e-02 4.749664664268493652e-02 5.061763525009155273e-02 5.333179235458374023e-02 5.789484083652496338e-02 4.802566766738891602e-02 4.643875360488891602e-02 4.557076096534729004e-02 5.221293866634368896e-02 7.066318392753601074e-02 6.323696672916412354e-02 5.463230609893798828e-02 4.940047860145568848e-02 4.261524975299835205e-02 3.644561767578125000e-02 3.659197688102722168e-02 3.701996803283691406e-02
3.674469888210296631e-02 3.981836140155792236e-02 4.947561025619506836e-02 5.981951951980590820e-02 8.708769083023071289e-02 1.590666770935058594e-01 1.953939646482467651e-01 1.995787471532821655e-01 2.158154398202896118e-01 3.191624283790588379e-01 3.339255452156066895e-01 4.002004265785217285e-01 6.564866304397583008e-01 9.999291896820068359e-01 9.999958276748657227e-01 0.000000000000000000e+00 9.999955296516418457e-01 9.999408125877380371e-01 5.346674919128417969e-01 2.337217032909393311e-01 1.635983735322952271e-01 1.372852623462677002e-01 1.484464257955551147e-01 1.436321586370468140e-01 1.661330759525299072e-01 1.584263443946838379e-01 1.301033347845077515e-01 1.092987060546875000e-01 8.584812283515930176e-02 6.710329651832580566e-02 5.361098051071166992e-02 4.410162568092346191e-02 3.736548125743865967e-02 3.352589905261993408e-02 3.110170364379882812e-02 2.993895113468170166e-02 2.936294674873352051e-02 2.925945818424224854e-02 2.939252555370330811e-02 2.960418164730072021e-02 2.976860105991363525e-02 2.983684837818145752e-02 2.970552444458007812e-02 2.942015230655670166e-02 2.902078628540039062e-02 2.855335175991058350e-02 2.811515331268310547e-02 2.771081030368804932e-02 2.736873924732208252e-02 2.723716199398040771e-02 2.729353308677673340e-02 2.734877169132232666e-02 2.755624055862426758e-02 2.774502336978912354e-02 2.804856002330780029e-02 2.881024777889251709e-02 2.996048331260681152e-02 3.076763451099395752e-02 3.085656464099884033e-02 3.094220161437988281e-02 3.193967044353485107e-02 3.404456377029418945e-02 3.792342543601989746e-02 4.015791416168212891e-02 4.190477728843688965e-02 4.564401507377624512e-02 6.189131736755371094e-02 7.759420573711395264e-02 5.183398723602294922e-02 5.234818160533905029e-02 5.930432677268981934e-02 1.030754148960113525e-01 8.956526219844818115e-02 6.599536538124084473e-02 5.866467952728271484e-02 5.196996033191680908e-02 3.790691494941711426e-02 3.727599978446960449e-02 3.830230236053466797e-02 3.750523924827575684e-02
3.584307432174682617e-02 3.820830583572387695e-02 4.685266315937042236e-02 5.767653882503509521e-02 8.521158993244171143e-02 1.377243399620056152e-01 2.065289616584777832e-01 2.528252601623535156e-01 2.245476543903350830e-01 2.853513062000274658e-01 3.809748291969299316e-01 2.846434414386749268e-01 2.635998725891113281e-01 5.489929318428039551e-01 9.999341964721679688e-01 9.999955296516418457e-01 0.000000000000000000e+00 9.999958276748657227e-01 9.999461770057678223e-01 4.973506927490234375e-01 2.144405841827392578e-01 1.538012027740478516e-01 1.365166902542114258e-01 1.495959311723709106e-01 1.417394876480102539e-01 1.553022563457489014e-01 1.431659758090972900e-01 1.176878213882446289e-01 9.926716983318328857e-02 8.167558908462524414e-02 6.630887091159820557e-02 5.272349715232849121e-02 4.344467818737030029e-02 3.686331212520599365e-02 3.302951157093048096e-02 3.074449300765991211e-02 2.956901490688323975e-02 2.906224131584167480e-02 2.914601564407348633e-02 2.925187349319458008e-02 2.923907339572906494e-02 2.908213436603546143e-02 2.897688746452331543e-02 2.864283323287963867e-02 2.822068333625793457e-02 2.774696052074432373e-02 2.730804681777954102e-02 2.696217596530914307e-02 2.678339183330535889e-02 2.685768902301788330e-02 2.711686491966247559e-02 2.754946053028106689e-02 2.771288156509399414e-02 2.793344855308532715e-02 2.879637479782104492e-02 2.978925406932830811e-02 3.118197619915008545e-02 3.170682489871978760e-02 3.166432678699493408e-02 3.179307281970977783e-02 3.271299600601196289e-02 3.446896374225616455e-02 3.669747710227966309e-02 3.802481293678283691e-02 4.032722115516662598e-02 4.933097958564758301e-02 8.501462638378143311e-02 9.824284911155700684e-02 6.789578497409820557e-02 7.400450110435485840e-02 1.441305726766586304e-01 1.390364766120910645e-01 7.900893688201904297e-02 6.940719485282897949e-02 6.519275903701782227e-02 4.112818837165832520e-02 3.853772580623626709e-02 3.883521258831024170e-02 3.825895488262176514e-02 3.659398853778839111e-02
3.524804115295410156e-02 3.635001182556152344e-02 4.342301189899444580e-02 5.229447782039642334e-02 7.895341515541076660e-02 1.264195293188095093e-01 1.850678324699401855e-01 2.631012797355651855e-01 3.001134097576141357e-01 2.780398130416870117e-01 2.282578051090240479e-01 1.786182522773742676e-01 2.127851694822311401e-01 2.467835098505020142e-01 5.497871041297912598e-01 9.999408125877380371e-01 9.999958276748657227e-01 0.000000000000000000e+00 9.999960660934448242e-01 9.999489784240722656e-01 4.700682163238525391e-01 2.085789591073989868e-01 1.542251408100128174e-01 1.395978629589080811e-01 1.505756229162216187e-01 1.412401199340820312e-01 1.513137519359588623e-01 1.391439437866210938e-01 1.144737005233764648e-01 1.003418564796447754e-01 8.486947417259216309e-02 6.994128227233886719e-02 5.374209582805633545e-02 4.368683695793151855e-02 3.673180937767028809e-02 3.275376558303833008e-02 3.040446341037750244e-02 2.934770286083221436e-02 2.890732884407043457e-02 2.874755859375000000e-02 2.867594361305236816e-02 2.854689955711364746e-02 2.837601304054260254e-02 2.810877561569213867e-02 2.772060036659240723e-02 2.729301154613494873e-02 2.690009772777557373e-02 2.661874890327453613e-02 2.661749720573425293e-02 2.690194547176361084e-02 2.735415101051330566e-02 2.777832746505737305e-02 2.800881862640380859e-02 2.903939783573150635e-02 3.035211563110351562e-02 3.173981606960296631e-02 3.333158791065216064e-02 3.391917049884796143e-02 3.386187553405761719e-02 3.397464752197265625e-02 3.492081165313720703e-02 3.664788603782653809e-02 3.870223462581634521e-02 4.053808748722076416e-02 4.614388942718505859e-02 6.452271342277526855e-02 1.105991899967193604e-01 1.188661009073257446e-01 1.215370446443557739e-01 1.806451082229614258e-01 1.814405173063278198e-01 1.046790480613708496e-01 7.650911808013916016e-02 8.290486037731170654e-02 4.479612410068511963e-02 3.773149847984313965e-02 3.730660676956176758e-02 3.683719038963317871e-02 3.664779663085937500e-02 3.614296019077301025e-02
3.500412404537200928e-02 3.478227555751800537e-02 3.912016749382019043e-02 4.561103880405426025e-02 6.626428663730621338e-02 1.171601563692092896e-01 1.788968592882156372e-01 2.629314661026000977e-01 3.281981348991394043e-01 2.957608699798583984e-01 2.161580175161361694e-01 1.695811450481414795e-01 1.679376959800720215e-01 1.924912035465240479e-01 2.421159446239471436e-01 5.346674919128417969e-01 9.999461770057678223e-01 9.999960660934448242e-01 0.000000000000000000e+00 9.999961853027343750e-01 9.999530911445617676e-01 4.713504314422607422e-01 2.116705477237701416e-01 1.583947837352752686e-01 1.408067345619201660e-01 1.513012200593948364e-01 1.406167298555374146e-01 1.496764719486236572e-01 1.396736502647399902e-01 1.176314055919647217e-01 1.048266887664794922e-01 8.868817985057830811e-02 7.068984210491180420e-02 5.392923951148986816e-02 4.314224421977996826e-02 3.595981001853942871e-02 3.180880844593048096e-02 2.963706851005554199e-02 2.870208024978637695e-02 2.831624448299407959e-02 2.811467647552490234e-02 2.791751921176910400e-02 2.773578464984893799e-02 2.746400237083435059e-02 2.711038291454315186e-02 2.674908936023712158e-02 2.645893394947052002e-02 2.638320624828338623e-02 2.661681175231933594e-02 2.708204090595245361e-02 2.768482267856597900e-02 2.820996940135955811e-02 2.940990030765533447e-02 3.095628321170806885e-02 3.284853696823120117e-02 3.480850160121917725e-02 3.624817728996276855e-02 3.652386367321014404e-02 3.709483146667480469e-02 3.898727893829345703e-02 4.084272682666778564e-02 4.321242868900299072e-02 4.609537124633789062e-02 5.346851050853729248e-02 6.665800511837005615e-02 9.210573136806488037e-02 1.012762933969497681e-01 1.194349080324172974e-01 1.947254091501235962e-01 1.908642500638961792e-01 1.346433460712432861e-01 8.954124152660369873e-02 9.613560140132904053e-02 4.535520076751708984e-02 3.695076704025268555e-02 3.464269638061523438e-02 3.471024334430694580e-02 3.443686664104461670e-02 3.437949717044830322e-02 3.504569828510284424e-02
3.476244211196899414e-02 3.332616388797760010e-02 3.609062731266021729e-02 4.060330986976623535e-02 5.277962982654571533e-02 9.262949228286743164e-02 1.697640120983123779e-01 2.754444479942321777e-01 3.267964720726013184e-01 3.243984580039978027e-01 2.658665776252746582e-01 1.871831864118576050e-01 1.660708487033843994e-01 1.580226570367813110e-01 1.749581992626190186e-01 2.337217032909393311e-01 4.973506927490234375e-01 9.999489784240722656e-01 9.999961853027343750e-01 0.000000000000000000e+00 9.999965429306030273e-01 9.999579787254333496e-01 4.917466044425964355e-01 2.169994115829467773e-01 1.631156951189041138e-01 1.412511169910430908e-01 1.494110822677612305e-01 1.399531066417694092e-01 1.474541723728179932e-01 1.379260718822479248e-01 1.177732795476913452e-01 1.010876446962356567e-01 8.371128141880035400e-02 6.625196337699890137e-02 5.049490928649902344e-02 4.080484807491302490e-02 3.372114896774291992e-02 3.016081452369689941e-02 2.856312692165374756e-02 2.770328521728515625e-02 2.718816697597503662e-02 2.697718143463134766e-02 2.676641941070556641e-02 2.656173706054687500e-02 2.635385096073150635e-02 2.615818381309509277e-02 2.614699304103851318e-02 2.635721862316131592e-02 2.681906521320343018e-02 2.753910422325134277e-02 2.844059467315673828e-02 2.948884665966033936e-02 3.145043551921844482e-02 3.373700380325317383e-02 3.630319237709045410e-02 3.916867077350616455e-02 4.102267324924468994e-02 4.275223612785339355e-02 4.476435482501983643e-02 4.694570600986480713e-02 4.904548823833465576e-02 5.232232809066772461e-02 6.649020314216613770e-02 9.364908933639526367e-02 1.101351082324981689e-01 1.176577061414718628e-01 1.151078641414642334e-01 1.408202499151229858e-01 1.506352424621582031e-01 1.386145651340484619e-01 9.323784708976745605e-02 9.249979257583618164e-02 4.838767647743225098e-02 3.876017034053802490e-02 3.432653844356536865e-02 3.140945732593536377e-02 3.110626339912414551e-02 3.258663415908813477e-02 3.226304054260253906e-02 3.305464982986450195e-02
