0.000000000000000000e+00 9.991906881332397461e-01 9.989300966262817383e-01 1.334169059991836548e-01 1.240451484918594360e-01 1.041875779628753662e-01 7.442894577980041504e-02 7.699766755104064941e-02 6.954257190227508545e-02 7.518830895423889160e-02 7.032513618469238281e-02 6.175556778907775879e-02 5.311965942382812500e-02 4.550129175186157227e-02 3.932529687881469727e-02 3.592897951602935791e-02 3.641958534717559814e-02 4.181824624538421631e-02 5.179949104785919189e-02 4.837360978126525879e-02 4.911243915557861328e-02 5.460977554321289062e-02 5.580183863639831543e-02 4.896636307239532471e-02 4.351268708705902100e-02 3.796352446079254150e-02 3.615543246269226074e-02 3.580613434314727783e-02 3.608375787734985352e-02 3.620693087577819824e-02 3.737725317478179932e-02 3.767029941082000732e-02 3.707483410835266113e-02 3.630124032497406006e-02 3.511084616184234619e-02 3.406070172786712646e-02 3.372892737388610840e-02 3.390400111675262451e-02 3.429089486598968506e-02 3.517079353332519531e-02 3.704889118671417236e-02 3.918127715587615967e-02 4.126277565956115723e-02 4.201200604438781738e-02 4.095879197120666504e-02 3.844910860061645508e-02 3.608621656894683838e-02 3.501558303833007812e-02 3.456023335456848145e-02 3.424052894115447998e-02 3.446359932422637939e-02 3.551207482814788818e-02 3.775806725025177002e-02 4.223676025867462158e-02 4.713043570518493652e-02 5.054038763046264648e-02 4.953818023204803467e-02 4.676899313926696777e-02 4.412896931171417236e-02 4.290403425693511963e-02 4.201559722423553467e-02 4.047013819217681885e-02 3.852654993534088135e-02 3.783260285854339600e-02 3.950612246990203857e-02 4.314336180686950684e-02 4.729959368705749512e-02 5.380195379257202148e-02 5.954934656620025635e-02 5.867417156696319580e-02 5.158495903015136719e-02 4.504966735839843750e-02 4.270355403423309326e-02 4.128098487854003906e-02 4.118332266807556152e-02
9.991906881332397461e-01 0.000000000000000000e+00 9.997221231460571289e-01 9.996777772903442383e-01 1.529795974493026733e-01 1.367235332727432251e-01 1.118583232164382935e-01 7.774844765663146973e-02 7.519713044166564941e-02 7.290743291378021240e-02 6.663070619106292725e-02 6.536202132701873779e-02 5.887301266193389893e-02 4.964104294776916504e-02 4.501265287399291992e-02 4.336248338222503662e-02 4.955761134624481201e-02 5.793675780296325684e-02 5.645164847373962402e-02 5.031725764274597168e-02 6.115947663784027100e-02 7.902540266513824463e-02 6.215444207191467285e-02 5.187678337097167969e-02 4.273061454296112061e-02 3.599378466606140137e-02 3.289683163166046143e-02 3.266622126102447510e-02 3.350029885768890381e-02 3.387759625911712646e-02 3.475737571716308594e-02 3.547762334346771240e-02 3.579667210578918457e-02 3.494644165039062500e-02 3.421714901924133301e-02 3.343456983566284180e-02 3.281982243061065674e-02 3.326465189456939697e-02 3.466540575027465820e-02 3.621330857276916504e-02 3.921994566917419434e-02 4.383760690689086914e-02 4.859183728694915771e-02 4.845124483108520508e-02 4.402796924114227295e-02 4.015465080738067627e-02 3.723451495170593262e-02 3.493610024452209473e-02 3.378374874591827393e-02 3.334066271781921387e-02 3.374968469142913818e-02 3.534084558486938477e-02 3.758014738559722900e-02 4.265137016773223877e-02 4.818975925445556641e-02 5.184245109558105469e-02 5.120287835597991943e-02 4.845148324966430664e-02 4.543337225914001465e-02 4.411154985427856445e-02 4.245077073574066162e-02 4.142300784587860107e-02 4.069206118583679199e-02 4.162465035915374756e-02 4.546566307544708252e-02 5.371871590614318848e-02 6.388263404369354248e-02 7.170881330966949463e-02 7.230222225189208984e-02 6.409563124179840088e-02 5.229644477367401123e-02 4.249130189418792725e-02 3.952024877071380615e-02 3.713738918304443359e-02 3.814734518527984619e-02
9.989300966262817383e-01 9.997221231460571289e-01 0.000000000000000000e+00 9.998815059661865234e-01 9.995445013046264648e-01 1.693642139434814453e-01 1.393650174140930176e-01 1.028882265090942383e-01 8.260978758335113525e-02 8.018690347671508789e-02 7.024939358234405518e-02 6.251490116119384766e-02 6.270211935043334961e-02 5.750189721584320068e-02 5.696141719818115234e-02 6.385625898838043213e-02 8.648692071437835693e-02 7.255961000919342041e-02 5.901430547237396240e-02 6.707635521888732910e-02 8.555634319782257080e-02 7.719226181507110596e-02 6.440070271492004395e-02 5.295792222023010254e-02 4.140983521938323975e-02 3.540138900279998779e-02 3.302396833896636963e-02 3.295348584651947021e-02 3.354319930076599121e-02 3.497716784477233887e-02 3.733225166797637939e-02 3.719575703144073486e-02 3.596539795398712158e-02 3.448779881000518799e-02 3.353387117385864258e-02 3.309525549411773682e-02 3.299969434738159180e-02 3.348290920257568359e-02 3.536728024482727051e-02 3.905986249446868896e-02 4.520462453365325928e-02 5.364964902400970459e-02 6.334948539733886719e-02 6.266814470291137695e-02 5.144937336444854736e-02 4.420171678066253662e-02 3.964863717555999756e-02 3.700026869773864746e-02 3.535743057727813721e-02 3.471864759922027588e-02 3.512924909591674805e-02 3.649006783962249756e-02 3.912691771984100342e-02 4.334060847759246826e-02 4.778102040290832520e-02 5.200843513011932373e-02 5.303660035133361816e-02 5.104641616344451904e-02 4.942624270915985107e-02 4.844552278518676758e-02 4.563103616237640381e-02 4.448689520359039307e-02 4.651333391666412354e-02 5.075576901435852051e-02 5.484040081501007080e-02 6.051471829414367676e-02 6.813484430313110352e-02 7.363134622573852539e-02 7.015971839427947998e-02 6.127735972404479980e-02 5.104076862335205078e-02 4.124681651592254639e-02 3.631831705570220947e-02 3.476518392562866211e-02 3.537367284297943115e-02
1.334169059991836548e-01 9.996777772903442383e-01 9.998815059661865234e-01 0.000000000000000000e+00 9.999011754989624023e-01 9.997889995574951172e-01 1.884122341871261597e-01 1.337018162012100220e-01 9.134718775749206543e-02 7.934284210205078125e-02 8.319033682346343994e-02 6.948320567607879639e-02 6.516705453395843506e-02 7.462690770626068115e-02 8.129452168941497803e-02 1.039907038211822510e-01 9.545095264911651611e-02 8.871614933013916016e-02 8.525322377681732178e-02 1.150022447109222412e-01 1.274259984493255615e-01 1.036506146192550659e-01 7.161439955234527588e-02 4.999738931655883789e-02 4.257565736770629883e-02 3.878410160541534424e-02 3.588901460170745850e-02 3.534002602100372314e-02 3.642879426479339600e-02 3.837707638740539551e-02 4.035159945487976074e-02 3.888133168220520020e-02 3.636007010936737061e-02 3.493039309978485107e-02 3.426039218902587891e-02 3.429570794105529785e-02 3.457094728946685791e-02 3.561867773532867432e-02 3.770253062248229980e-02 4.323959350585937500e-02 5.376701056957244873e-02 8.194459974765777588e-02 1.030357182025909424e-01 9.705939888954162598e-02 7.286408543586730957e-02 5.189156532287597656e-02 4.501555860042572021e-02 4.208615422248840332e-02 3.960244357585906982e-02 3.845728933811187744e-02 3.731027245521545410e-02 3.634355962276458740e-02 3.727172315120697021e-02 4.128856956958770752e-02 4.754871129989624023e-02 5.235300958156585693e-02 5.279976129531860352e-02 5.466812849044799805e-02 5.560882389545440674e-02 5.219969153404235840e-02 4.986155033111572266e-02 4.961742460727691650e-02 5.270422995090484619e-02 6.745494902133941650e-02 8.212815225124359131e-02 9.062626957893371582e-02 9.635648131370544434e-02 8.720278739929199219e-02 7.234509289264678955e-02 6.073562800884246826e-02 4.880419373512268066e-02 4.119826853275299072e-02 3.738167881965637207e-02 3.600855171680450439e-02 3.613564372062683105e-02
1.240451484918594360e-01 1.529795974493026733e-01 9.995445013046264648e-01 9.999011754989624023e-01 0.000000000000000000e+00 9.999603629112243652e-01 9.998983144760131836e-01 1.937143355607986450e-01 1.271630823612213135e-01 8.971446752548217773e-02 7.740260660648345947e-02 8.020791411399841309e-02 7.492640614509582520e-02 8.070643246173858643e-02 1.089597642421722412e-01 1.157588362693786621e-01 1.141543239355087280e-01 1.248655319213867188e-01 2.386445105075836182e-01 2.424163371324539185e-01 1.747846454381942749e-01 1.333837211132049561e-01 8.422335982322692871e-02 5.424717068672180176e-02 4.786416888236999512e-02 4.302461445331573486e-02 3.948992490768432617e-02 3.859208524227142334e-02 3.994169831275939941e-02 4.301081597805023193e-02 4.353371262550354004e-02 4.138331115245819092e-02 4.003871977329254150e-02 3.870031237602233887e-02 3.854511678218841553e-02 3.856922686100006104e-02 3.823734819889068604e-02 3.942415118217468262e-02 4.345744848251342773e-02 5.263300240039825439e-02 7.514658570289611816e-02 1.077649295330047607e-01 1.351910978555679321e-01 1.233556717634201050e-01 8.385919034481048584e-02 5.897231400012969971e-02 5.178058147430419922e-02 4.644368588924407959e-02 4.353612661361694336e-02 4.143087565898895264e-02 3.956706821918487549e-02 3.810156881809234619e-02 3.748513758182525635e-02 4.158790409564971924e-02 5.111922323703765869e-02 5.762794613838195801e-02 5.660121142864227295e-02 5.380323529243469238e-02 5.384780466556549072e-02 5.490152537822723389e-02 5.637831985950469971e-02 6.314955651760101318e-02 8.489120006561279297e-02 1.281534433364868164e-01 1.541523039340972900e-01 1.542682349681854248e-01 1.290442794561386108e-01 9.270699322223663330e-02 6.541825830936431885e-02 5.379739403724670410e-02 4.438163340091705322e-02 3.950643539428710938e-02 3.840987384319305420e-02 3.762508928775787354e-02 3.806121647357940674e-02
1.041875779628753662e-01 1.367235332727432251e-01 1.693642139434814453e-01 9.997889995574951172e-01 9.999603629112243652e-01 0.000000000000000000e+00 9.999859929084777832e-01 9.999438524246215820e-01 2.102138549089431763e-01 1.302182078361511230e-01 9.897029399871826172e-02 8.940167725086212158e-02 9.229654073715209961e-02 9.976512193679809570e-02 1.229189038276672363e-01 1.674226969480514526e-01 1.356297880411148071e-01 4.933342933654785156e-01 4.750157594680786133e-01 3.992512226104736328e-01 2.696444392204284668e-01 2.360503822565078735e-01 7.692325115203857422e-02 6.300561130046844482e-02 5.450516939163208008e-02 4.869036376476287842e-02 4.518449306488037109e-02 4.501411318778991699e-02 4.962565004825592041e-02 4.910896718502044678e-02 4.480755329132080078e-02 4.430617392063140869e-02 4.439435899257659912e-02 4.374685883522033691e-02 4.329213500022888184e-02 4.309669137001037598e-02 4.266682267189025879e-02 4.600352048873901367e-02 5.205361545085906982e-02 6.851698458194732666e-02 1.092230677604675293e-01 1.462543904781341553e-01 1.693977564573287964e-01 1.549123078584671021e-01 1.065344810485839844e-01 7.347507774829864502e-02 5.826409161090850830e-02 5.148950219154357910e-02 4.832750558853149414e-02 4.654493927955627441e-02 4.467582702636718750e-02 4.215009510517120361e-02 4.205353558063507080e-02 4.956959187984466553e-02 6.005539000034332275e-02 6.512771546840667725e-02 6.306955218315124512e-02 6.053946912288665771e-02 5.852848291397094727e-02 5.990459024906158447e-02 6.887249648571014404e-02 1.011460721492767334e-01 1.861695051193237305e-01 2.875064015388488770e-01 3.368549942970275879e-01 2.764076590538024902e-01 1.834281384944915771e-01 1.037205010652542114e-01 6.967580318450927734e-02 5.316349864006042480e-02 4.497130215167999268e-02 4.135794937610626221e-02 4.030130803585052490e-02 3.937555849552154541e-02 3.954167664051055908e-02
7.442894577980041504e-02 1.118583232164382935e-01 1.393650174140930176e-01 1.884122341871261597e-01 9.998983144760131836e-01 9.999859929084777832e-01 0.000000000000000000e+00 9.999935626983642578e-01 9.999613761901855469e-01 2.304984629154205322e-01 1.387655287981033325e-01 1.071289479732513428e-01 1.048620641231536865e-01 1.265889406204223633e-01 1.418648213148117065e-01 1.888726502656936646e-01 4.649125933647155762e-01 5.292929410934448242e-01 5.389339327812194824e-01 4.490664601325988770e-01 4.056665301322937012e-01 1.049555987119674683e-01 8.754462003707885742e-02 7.271829247474670410e-02 6.167557835578918457e-02 5.367316305637359619e-02 5.052022635936737061e-02 4.989318549633026123e-02 4.926599562168121338e-02 4.511412978172302246e-02 4.523624479770660400e-02 4.581938683986663818e-02 4.507762193679809570e-02 4.417179524898529053e-02 4.320807754993438721e-02 4.233878850936889648e-02 4.372721910476684570e-02 4.790748655796051025e-02 5.522595345973968506e-02 7.695634663105010986e-02 1.408839076757431030e-01 1.798106282949447632e-01 2.032670229673385620e-01 1.727593541145324707e-01 1.382548660039901733e-01 8.126898109912872314e-02 6.374651193618774414e-02 5.525977909564971924e-02 5.161488056182861328e-02 5.132044851779937744e-02 5.219054222106933594e-02 5.197605490684509277e-02 5.503146350383758545e-02 6.623207032680511475e-02 6.908458471298217773e-02 7.148277759552001953e-02 7.148069143295288086e-02 6.607747077941894531e-02 6.520952284336090088e-02 6.387977302074432373e-02 7.780398428440093994e-02 1.130105555057525635e-01 2.163074314594268799e-01 2.995661497116088867e-01 3.265072405338287354e-01 2.673987150192260742e-01 1.664743721485137939e-01 9.442773461341857910e-02 6.549699604511260986e-02 5.307751893997192383e-02 4.491302371025085449e-02 4.230497777462005615e-02 4.166992008686065674e-02 4.080739617347717285e-02 4.027122259140014648e-02
7.699766755104064941e-02 7.774844765663146973e-02 1.028882265090942383e-01 1.337018162012100220e-01 1.937143355607986450e-01 9.999438524246215820e-01 9.999935626983642578e-01 0.000000000000000000e+00 9.999958872795104980e-01 9.999580383300781250e-01 2.496337890625000000e-01 1.535149663686752319e-01 1.274275630712509155e-01 1.428677588701248169e-01 1.684683263301849365e-01 3.145893812179565430e-01 4.858750998973846436e-01 5.849213004112243652e-01 5.869040489196777344e-01 5.454604029655456543e-01 1.129993498325347900e-01 1.152832806110382080e-01 1.105791479349136353e-01 9.571433067321777344e-02 7.114234566688537598e-02 5.772534012794494629e-02 5.021312832832336426e-02 4.614157974720001221e-02 4.458206892013549805e-02 4.323048889636993408e-02 4.424248635768890381e-02 4.380625486373901367e-02 4.280412197113037109e-02 4.234349727630615234e-02 4.155676066875457764e-02 4.103407263755798340e-02 4.244866967201232910e-02 4.641383886337280273e-02 5.366751551628112793e-02 8.313618600368499756e-02 1.714094132184982300e-01 2.189768105745315552e-01 2.267622947692871094e-01 1.938489973545074463e-01 1.523285061120986938e-01 8.972606062889099121e-02 6.501230597496032715e-02 5.548660457134246826e-02 5.302052199840545654e-02 5.443893373012542725e-02 6.301379203796386719e-02 7.021516561508178711e-02 9.350897371768951416e-02 9.306289255619049072e-02 8.228401839733123779e-02 8.241374790668487549e-02 7.518874108791351318e-02 6.859080493450164795e-02 6.648761034011840820e-02 6.113114953041076660e-02 6.623190641403198242e-02 8.206833899021148682e-02 1.224105209112167358e-01 1.772465556859970093e-01 2.177490592002868652e-01 1.845632791519165039e-01 1.315045356750488281e-01 8.603458106517791748e-02 6.394259631633758545e-02 5.124755203723907471e-02 4.420129954814910889e-02 4.159505665302276611e-02 4.117253422737121582e-02 4.009243845939636230e-02 4.026646912097930908e-02
6.954257190227508545e-02 7.519713044166564941e-02 8.260978758335113525e-02 9.134718775749206543e-02 1.271630823612213135e-01 2.102138549089431763e-01 9.999613761901855469e-01 9.999958872795104980e-01 0.000000000000000000e+00 9.999957680702209473e-01 9.999524354934692383e-01 2.937332987785339355e-01 1.733499169349670410e-01 1.789419203996658325e-01 2.200467139482498169e-01 4.153051674365997314e-01 5.684067606925964355e-01 6.278563141822814941e-01 6.375532150268554688e-01 1.406575590372085571e-01 1.558265835046768188e-01 1.566952019929885864e-01 1.524324566125869751e-01 1.219567358493804932e-01 8.406047523021697998e-02 5.565418303012847900e-02 4.451921582221984863e-02 3.899930417537689209e-02 3.930918872356414795e-02 4.058399796485900879e-02 4.152783751487731934e-02 4.195100069046020508e-02 4.197378456592559814e-02 4.020485281944274902e-02 3.832051157951354980e-02 3.780525922775268555e-02 3.925611078739166260e-02 4.275439679622650146e-02 5.278292298316955566e-02 9.089820086956024170e-02 2.063169628381729126e-01 2.651839256286621094e-01 2.792088985443115234e-01 2.319355905055999756e-01 1.740880459547042847e-01 9.562636911869049072e-02 6.674240529537200928e-02 5.541077256202697754e-02 5.275043845176696777e-02 5.379912257194519043e-02 6.495648622512817383e-02 8.320450782775878906e-02 1.231081634759902954e-01 1.473699808120727539e-01 1.302011907100677490e-01 1.174768656492233276e-01 8.915124833583831787e-02 7.631812989711761475e-02 6.029942631721496582e-02 5.376014113426208496e-02 5.234980583190917969e-02 5.843010544776916504e-02 7.203297317028045654e-02 1.077712476253509521e-01 1.492750942707061768e-01 1.541630476713180542e-01 1.159017235040664673e-01 8.205518126487731934e-02 6.343254446983337402e-02 4.788656532764434814e-02 4.125356674194335938e-02 3.911989927291870117e-02 3.886041045188903809e-02 3.834514319896697998e-02 3.898006677627563477e-02
7.518830895423889160e-02 7.290743291378021240e-02 8.018690347671508789e-02 7.934284210205078125e-02 8.971446752548217773e-02 1.302182078361511230e-01 2.304984629154205322e-01 9.999580383300781250e-01 9.999957680702209473e-01 0.000000000000000000e+00 9.999958276748657227e-01 9.999541640281677246e-01 4.430601596832275391e-01 2.781860232353210449e-01 2.504011988639831543e-01 3.301152586936950684e-01 5.103551745414733887e-01 4.847376644611358643e-01 1.819703727960586548e-01 1.858436465263366699e-01 1.753118336200714111e-01 1.698838323354721069e-01 1.582592874765396118e-01 1.327612102031707764e-01 8.172598481178283691e-02 5.018864572048187256e-02 3.923316299915313721e-02 3.556090593338012695e-02 3.575725853443145752e-02 3.676384687423706055e-02 3.740024566650390625e-02 3.751331567764282227e-02 3.703063726425170898e-02 3.586892783641815186e-02 3.466434776782989502e-02 3.492653369903564453e-02 3.694109618663787842e-02 4.034826159477233887e-02 5.279469490051269531e-02 9.763109683990478516e-02 2.295398712158203125e-01 2.737364768981933594e-01 2.792618274688720703e-01 2.444187849760055542e-01 1.842926591634750366e-01 9.198470413684844971e-02 6.580330431461334229e-02 5.760958790779113770e-02 5.646362900733947754e-02 6.136234104633331299e-02 7.826867699623107910e-02 9.661170840263366699e-02 1.356082111597061157e-01 3.254334926605224609e-01 3.849489092826843262e-01 1.536136716604232788e-01 1.133818775415420532e-01 8.073084056377410889e-02 5.784337222576141357e-02 5.241547524929046631e-02 5.082471668720245361e-02 5.498103797435760498e-02 6.476600468158721924e-02 8.844955265522003174e-02 1.122579723596572876e-01 1.143218427896499634e-01 9.728060662746429443e-02 7.842467725276947021e-02 5.637435615062713623e-02 4.243981838226318359e-02 3.625296056270599365e-02 3.509469330310821533e-02 3.577899932861328125e-02 3.594721853733062744e-02 3.664599359035491943e-02
7.032513618469238281e-02 6.663070619106292725e-02 7.024939358234405518e-02 8.319033682346343994e-02 7.740260660648345947e-02 9.897029399871826172e-02 1.387655287981033325e-01 2.496337890625000000e-01 9.999524354934692383e-01 9.999958276748657227e-01 0.000000000000000000e+00 9.999966025352478027e-01 9.999642372131347656e-01 5.584126710891723633e-01 2.840184569358825684e-01 2.600556910037994385e-01 2.633754014968872070e-01 1.432716697454452515e-01 1.534814387559890747e-01 1.991505920886993408e-01 1.847784221172332764e-01 1.606627404689788818e-01 1.389553248882293701e-01 9.832648932933807373e-02 6.909093260765075684e-02 4.502113163471221924e-02 3.630076348781585693e-02 3.337830305099487305e-02 3.292152285575866699e-02 3.404675424098968506e-02 3.473086655139923096e-02 3.417211771011352539e-02 3.303292393684387207e-02 3.171609342098236084e-02 3.145430982112884521e-02 3.208231925964355469e-02 3.454007208347320557e-02 3.969848155975341797e-02 5.373109877109527588e-02 9.848098456859588623e-02 1.956942975521087646e-01 2.317093461751937866e-01 2.648406624794006348e-01 2.438532561063766479e-01 1.676650792360305786e-01 8.868493139743804932e-02 6.956203281879425049e-02 6.980602443218231201e-02 7.340073585510253906e-02 8.065234124660491943e-02 1.017540395259857178e-01 1.097962856292724609e-01 1.655834168195724487e-01 5.926116704940795898e-01 5.379678010940551758e-01 3.189144730567932129e-01 1.522359102964401245e-01 8.655314147472381592e-02 6.826961040496826172e-02 5.805173516273498535e-02 5.538459122180938721e-02 5.656601488590240479e-02 6.266792118549346924e-02 7.432137429714202881e-02 8.068075776100158691e-02 8.354774117469787598e-02 7.753224670886993408e-02 6.125010550022125244e-02 4.461470246315002441e-02 3.618137538433074951e-02 3.136299550533294678e-02 3.075464069843292236e-02 3.243266046047210693e-02 3.334668278694152832e-02 3.432692587375640869e-02
6.175556778907775879e-02 6.536202132701873779e-02 6.251490116119384766e-02 6.948320567607879639e-02 8.020791411399841309e-02 8.940167725086212158e-02 1.071289479732513428e-01 1.535149663686752319e-01 2.937332987785339355e-01 9.999541640281677246e-01 9.999966025352478027e-01 0.000000000000000000e+00 9.999973773956298828e-01 9.999710917472839355e-01 5.070523023605346680e-01 2.546530067920684814e-01 1.996918618679046631e-01 1.748636811971664429e-01 1.879826337099075317e-01 1.928435564041137695e-01 1.903721541166305542e-01 1.525992155075073242e-01 9.350766241550445557e-02 7.007195055484771729e-02 5.471156537532806396e-02 4.264663159847259521e-02 3.579638898372650146e-02 3.308261930942535400e-02 3.239588439464569092e-02 3.330971300601959229e-02 3.325198590755462646e-02 3.211724758148193359e-02 3.081277012825012207e-02 3.006456792354583740e-02 2.978990972042083740e-02 3.033433854579925537e-02 3.374923765659332275e-02 4.092265665531158447e-02 5.603845417499542236e-02 9.647829830646514893e-02 1.695575118064880371e-01 2.225693464279174805e-01 2.629288434982299805e-01 2.317395508289337158e-01 1.426659971475601196e-01 9.630529582500457764e-02 8.148419857025146484e-02 9.341344237327575684e-02 1.252147853374481201e-01 1.754045635461807251e-01 1.798834949731826782e-01 2.123021334409713745e-01 3.136995434761047363e-01 5.472077727317810059e-01 5.402463674545288086e-01 4.086744189262390137e-01 1.874041706323623657e-01 9.904339909553527832e-02 7.577916979789733887e-02 6.223230063915252686e-02 5.816985666751861572e-02 5.760407447814941406e-02 6.161551177501678467e-02 6.453743577003479004e-02 6.647115945816040039e-02 6.547908484935760498e-02 5.760690569877624512e-02 4.584464430809020996e-02 3.687635064125061035e-02 3.120668232440948486e-02 2.869404852390289307e-02 2.837103605270385742e-02 3.034585714340209961e-02 3.130315244197845459e-02 3.274205327033996582e-02
5.311965942382812500e-02 5.887301266193389893e-02 6.270211935043334961e-02 6.516705453395843506e-02 7.492640614509582520e-02 9.229654073715209961e-02 1.048620641231536865e-01 1.274275630712509155e-01 1.733499169349670410e-01 4.430601596832275391e-01 9.999642372131347656e-01 9.999973773956298828e-01 0.000000000000000000e+00 9.999978542327880859e-01 9.999701976776123047e-01 5.532832145690917969e-01 2.710264623165130615e-01 2.033980935811996460e-01 2.097254097461700439e-01 2.185537964105606079e-01 1.944220662117004395e-01 1.456006467342376709e-01 8.312328159809112549e-02 6.009115278720855713e-02 5.011816322803497314e-02 4.364894330501556396e-02 3.882564604282379150e-02 3.575183451175689697e-02 3.444561362266540527e-02 3.334552049636840820e-02 3.253529965877532959e-02 3.144125640392303467e-02 3.034117817878723145e-02 2.961958944797515869e-02 2.951367199420928955e-02 3.062917292118072510e-02 3.502173721790313721e-02 4.371152818202972412e-02 6.164735555648803711e-02 1.106680929660797119e-01 1.835327744483947754e-01 2.422301322221755981e-01 2.672951519489288330e-01 2.216701060533523560e-01 1.304612606763839722e-01 1.031972765922546387e-01 9.551069140434265137e-02 1.482318937778472900e-01 3.320573270320892334e-01 5.196036696434020996e-01 6.740604043006896973e-01 6.983084678649902344e-01 5.612353682518005371e-01 4.762494564056396484e-01 4.533544778823852539e-01 3.877353072166442871e-01 1.465591937303543091e-01 9.247291088104248047e-02 7.003630697727203369e-02 6.088735163211822510e-02 5.399775505065917969e-02 5.176065862178802490e-02 5.164189636707305908e-02 5.212192237377166748e-02 5.066849291324615479e-02 4.673680663108825684e-02 4.086877405643463135e-02 3.593142330646514893e-02 3.157691657543182373e-02 2.872946858406066895e-02 2.704896032810211182e-02 2.704530954360961914e-02 2.884818613529205322e-02 2.967292070388793945e-02 3.145618736743927002e-02
4.550129175186157227e-02 4.964104294776916504e-02 5.750189721584320068e-02 7.462690770626068115e-02 8.070643246173858643e-02 9.976512193679809570e-02 1.265889406204223633e-01 1.428677588701248169e-01 1.789419203996658325e-01 2.781860232353210449e-01 5.584126710891723633e-01 9.999710917472839355e-01 9.999978542327880859e-01 0.000000000000000000e+00 9.999973773956298828e-01 9.999671578407287598e-01 6.081622242927551270e-01 2.979885935783386230e-01 2.008523643016815186e-01 2.178866267204284668e-01 1.717084944248199463e-01 9.962737560272216797e-02 7.636527717113494873e-02 5.927990376949310303e-02 4.985612630844116211e-02 4.543557763099670410e-02 4.337476193904876709e-02 4.009348154067993164e-02 3.718352317810058594e-02 3.507620096206665039e-02 3.338107466697692871e-02 3.189609944820404053e-02 3.065896034240722656e-02 3.009630739688873291e-02 3.047230839729309082e-02 3.231602907180786133e-02 3.834679722785949707e-02 4.948137700557708740e-02 7.954588532447814941e-02 1.361238807439804077e-01 2.337210923433303833e-01 2.787484526634216309e-01 3.415009975433349609e-01 2.482019811868667603e-01 1.321327835321426392e-01 1.159607619047164917e-01 1.002785712480545044e-01 1.236750781536102295e-01 1.892603039741516113e-01 3.798010349273681641e-01 6.576269865036010742e-01 7.480679750442504883e-01 6.145930290222167969e-01 4.777328372001647949e-01 4.247305691242218018e-01 2.559256553649902344e-01 1.343616694211959839e-01 8.250673115253448486e-02 6.329755485057830811e-02 5.395288765430450439e-02 4.464465379714965820e-02 4.024340212345123291e-02 3.944051265716552734e-02 3.855139017105102539e-02 3.698773682117462158e-02 3.535720705986022949e-02 3.345037996768951416e-02 3.161109983921051025e-02 2.946169674396514893e-02 2.749341726303100586e-02 2.595733106136322021e-02 2.620761096477508545e-02 2.793575823307037354e-02 2.855557203292846680e-02 3.044091165065765381e-02
3.932529687881469727e-02 4.501265287399291992e-02 5.696141719818115234e-02 8.129452168941497803e-02 1.089597642421722412e-01 1.229189038276672363e-01 1.418648213148117065e-01 1.684683263301849365e-01 2.200467139482498169e-01 2.504011988639831543e-01 2.840184569358825684e-01 5.070523023605346680e-01 9.999701976776123047e-01 9.999973773956298828e-01 0.000000000000000000e+00 9.999973773956298828e-01 9.999711513519287109e-01 5.658043622970581055e-01 2.646173536777496338e-01 1.663730442523956299e-01 1.205436289310455322e-01 9.086187183856964111e-02 7.227802276611328125e-02 6.008492410182952881e-02 5.335330963134765625e-02 4.808863997459411621e-02 4.740074276924133301e-02 4.617166519165039062e-02 4.115983843803405762e-02 3.749632835388183594e-02 3.461199998855590820e-02 3.222976624965667725e-02 3.134173154830932617e-02 3.109772503376007080e-02 3.205682337284088135e-02 3.578852117061614990e-02 4.533503949642181396e-02 6.963224709033966064e-02 1.179675906896591187e-01 2.105420529842376709e-01 3.565967679023742676e-01 4.262163341045379639e-01 3.854923844337463379e-01 2.447853237390518188e-01 1.459640562534332275e-01 1.070223152637481689e-01 8.788852393627166748e-02 9.271781146526336670e-02 1.243112236261367798e-01 1.795071363449096680e-01 2.269104123115539551e-01 5.138425827026367188e-01 4.644927978515625000e-01 4.451729953289031982e-01 3.618422746658325195e-01 1.551867574453353882e-01 8.501543104648590088e-02 6.131026148796081543e-02 5.136103928089141846e-02 4.351973533630371094e-02 3.703655302524566650e-02 3.449368476867675781e-02 3.414699435234069824e-02 3.345909714698791504e-02 3.258487582206726074e-02 3.178422152996063232e-02 3.126220405101776123e-02 3.026604652404785156e-02 2.857445180416107178e-02 2.682083845138549805e-02 2.536469697952270508e-02 2.573923766613006592e-02 2.737835049629211426e-02 2.794007956981658936e-02 2.979896962642669678e-02
3.592897951602935791e-02 4.336248338222503662e-02 6.385625898838043213e-02 1.039907038211822510e-01 1.157588362693786621e-01 1.674226969480514526e-01 1.888726502656936646e-01 3.145893812179565430e-01 4.153051674365997314e-01 3.301152586936950684e-01 2.600556910037994385e-01 2.546530067920684814e-01 5.532832145690917969e-01 9.999671578407287598e-01 9.999973773956298828e-01 0.000000000000000000e+00 9.999976158142089844e-01 9.999725818634033203e-01 5.007066726684570312e-01 2.142193615436553955e-01 1.270491480827331543e-01 9.059527516365051270e-02 7.297596335411071777e-02 6.486447155475616455e-02 5.615746974945068359e-02 5.436769127845764160e-02 5.339001119136810303e-02 5.232416093349456787e-02 4.836013913154602051e-02 4.164631664752960205e-02 3.666703402996063232e-02 3.349004685878753662e-02 3.281123936176300049e-02 3.345865011215209961e-02 3.625600039958953857e-02 4.440483450889587402e-02 6.484308838844299316e-02 1.030447334051132202e-01 1.780003905296325684e-01 3.367376625537872314e-01 4.860679805278778076e-01 4.918000996112823486e-01 3.790680170059204102e-01 2.490606456995010376e-01 1.592840999364852905e-01 9.562024474143981934e-02 7.514211535453796387e-02 7.650649547576904297e-02 9.194687008857727051e-02 1.167328655719757080e-01 1.543175727128982544e-01 2.091568708419799805e-01 3.046070933341979980e-01 2.770418524742126465e-01 2.039437144994735718e-01 9.975068271160125732e-02 6.249980628490447998e-02 4.729111492633819580e-02 4.097360372543334961e-02 3.479942679405212402e-02 3.158405423164367676e-02 3.081691265106201172e-02 3.091654181480407715e-02 3.109052777290344238e-02 3.102274239063262939e-02 3.072945773601531982e-02 3.048190474510192871e-02 2.965378761291503906e-02 2.818237245082855225e-02 2.651390433311462402e-02 2.512219548225402832e-02 2.561859786510467529e-02 2.716371417045593262e-02 2.760568261146545410e-02 2.952979505062103271e-02
3.641958534717559814e-02 4.955761134624481201e-02 8.648692071437835693e-02 9.545095264911651611e-02 1.141543239355087280e-01 1.356297880411148071e-01 4.649125933647155762e-01 4.858750998973846436e-01 5.684067606925964355e-01 5.103551745414733887e-01 2.633754014968872070e-01 1.996918618679046631e-01 2.710264623165130615e-01 6.081622242927551270e-01 9.999711513519287109e-01 9.999976158142089844e-01 0.000000000000000000e+00 9.999976158142089844e-01 9.999712705612182617e-01 4.464761316776275635e-01 1.778558939695358276e-01 1.092360913753509521e-01 8.229877054691314697e-02 7.002641260623931885e-02 6.398709118366241455e-02 5.834601819515228271e-02 5.994123220443725586e-02 5.769599974155426025e-02 5.027820169925689697e-02 4.589052498340606689e-02 3.984332084655761719e-02 3.723110258579254150e-02 3.769463300704956055e-02 3.944917023181915283e-02 4.650659859180450439e-02 6.487025320529937744e-02 9.144043922424316406e-02 1.279642134904861450e-01 2.622655630111694336e-01 5.062724351882934570e-01 5.525493621826171875e-01 4.823971092700958252e-01 3.339590728282928467e-01 2.116553783416748047e-01 1.357024461030960083e-01 8.062295615673065186e-02 6.689053773880004883e-02 6.874674558639526367e-02 7.787080109119415283e-02 9.037375450134277344e-02 1.086893528699874878e-01 1.210597753524780273e-01 1.383419930934906006e-01 1.337358504533767700e-01 9.814302623271942139e-02 6.619052588939666748e-02 4.785422980785369873e-02 3.823947906494140625e-02 3.392596542835235596e-02 3.064344823360443115e-02 2.912019193172454834e-02 2.892470359802246094e-02 2.955472469329833984e-02 3.024786710739135742e-02 3.042505681514739990e-02 3.031885623931884766e-02 3.018866479396820068e-02 2.947211265563964844e-02 2.815219759941101074e-02 2.654197812080383301e-02 2.515821158885955811e-02 2.569642663002014160e-02 2.722890675067901611e-02 2.755653858184814453e-02 2.941682934761047363e-02
4.181824624538421631e-02 5.793675780296325684e-02 7.255961000919342041e-02 8.871614933013916016e-02 1.248655319213867188e-01 4.933342933654785156e-01 5.292929410934448242e-01 5.849213004112243652e-01 6.278563141822814941e-01 4.847376644611358643e-01 1.432716697454452515e-01 1.748636811971664429e-01 2.033980935811996460e-01 2.979885935783386230e-01 5.658043622970581055e-01 9.999725818634033203e-01 9.999976158142089844e-01 0.000000000000000000e+00 9.999977350234985352e-01 9.999749660491943359e-01 4.199124872684478760e-01 1.603714674711227417e-01 9.911280870437622070e-02 7.743100821971893311e-02 7.145217061042785645e-02 6.707687675952911377e-02 6.220763921737670898e-02 5.935448408126831055e-02 5.001665651798248291e-02 4.643316566944122314e-02 4.343703389167785645e-02 4.112811386585235596e-02 4.432202875614166260e-02 5.621640384197235107e-02 7.880263030529022217e-02 1.027641147375106812e-01 1.340363174676895142e-01 1.743438690900802612e-01 4.314056634902954102e-01 6.407103538513183594e-01 5.290986895561218262e-01 3.017167448997497559e-01 2.494757026433944702e-01 1.603885889053344727e-01 9.938031435012817383e-02 6.841331720352172852e-02 6.202079355716705322e-02 6.266330182552337646e-02 6.715416908264160156e-02 7.633404433727264404e-02 8.112940192222595215e-02 7.905356585979461670e-02 8.317424356937408447e-02 7.543830573558807373e-02 6.288012862205505371e-02 5.091932415962219238e-02 4.106546938419342041e-02 3.369289636611938477e-02 3.095422685146331787e-02 2.891267836093902588e-02 2.793024480342864990e-02 2.785715460777282715e-02 2.868558466434478760e-02 2.966454625129699707e-02 3.007294237613677979e-02 3.015567362308502197e-02 3.015050292015075684e-02 2.949689328670501709e-02 2.828423678874969482e-02 2.675473690032958984e-02 2.541871368885040283e-02 2.588494122028350830e-02 2.739582955837249756e-02 2.756144106388092041e-02 2.936695516109466553e-02
5.179949104785919189e-02 5.645164847373962402e-02 5.901430547237396240e-02 8.525322377681732178e-02 2.386445105075836182e-01 4.750157594680786133e-01 5.389339327812194824e-01 5.869040489196777344e-01 6.375532150268554688e-01 1.819703727960586548e-01 1.534814387559890747e-01 1.879826337099075317e-01 2.097254097461700439e-01 2.008523643016815186e-01 2.646173536777496338e-01 5.007066726684570312e-01 9.999712705612182617e-01 9.999977350234985352e-01 0.000000000000000000e+00 9.999982714653015137e-01 9.999815225601196289e-01 3.564007282257080078e-01 1.526530385017395020e-01 9.586903452873229980e-02 8.081935346126556396e-02 7.388639450073242188e-02 6.485417485237121582e-02 5.337624251842498779e-02 4.823635518550872803e-02 4.726977646350860596e-02 4.708878695964813232e-02 5.183702707290649414e-02 7.716724276542663574e-02 1.484879106283187866e-01 2.287248671054840088e-01 2.142161875963211060e-01 1.748655438423156738e-01 4.321545660495758057e-01 6.931057572364807129e-01 7.000489234924316406e-01 4.703116118907928467e-01 2.881563305854797363e-01 2.251335829496383667e-01 1.364327520132064819e-01 8.440358936786651611e-02 6.489603221416473389e-02 6.013078987598419189e-02 6.013651192188262939e-02 6.139485538005828857e-02 6.263652443885803223e-02 6.494326889514923096e-02 6.235383450984954834e-02 5.921970307826995850e-02 5.539931356906890869e-02 4.980169236660003662e-02 4.464536905288696289e-02 3.688317537307739258e-02 3.131221234798431396e-02 2.934245765209197998e-02 2.799959480762481689e-02 2.731993794441223145e-02 2.744451165199279785e-02 2.807195484638214111e-02 2.904069423675537109e-02 2.963934838771820068e-02 2.984830737113952637e-02 2.994765341281890869e-02 2.947261929512023926e-02 2.838727831840515137e-02 2.690163254737854004e-02 2.568458020687103271e-02 2.605177462100982666e-02 2.757453918457031250e-02 2.754323184490203857e-02 2.924375236034393311e-02
4.837360978126525879e-02 5.031725764274597168e-02 6.707635521888732910e-02 1.150022447109222412e-01 2.424163371324539185e-01 3.992512226104736328e-01 4.490664601325988770e-01 5.454604029655456543e-01 1.406575590372085571e-01 1.858436465263366699e-01 1.991505920886993408e-01 1.928435564041137695e-01 2.185537964105606079e-01 2.178866267204284668e-01 1.663730442523956299e-01 2.142193615436553955e-01 4.464761316776275635e-01 9.999749660491943359e-01 9.999982714653015137e-01 0.000000000000000000e+00 9.999989271163940430e-01 9.999868273735046387e-01 3.164808154106140137e-01 1.522899866104125977e-01 1.002717167139053345e-01 7.614459097385406494e-02 6.086204946041107178e-02 5.044390261173248291e-02 4.493780434131622314e-02 4.748961329460144043e-02 5.602964758872985840e-02 9.624876081943511963e-02 2.493301033973693848e-01 3.906765580177307129e-01 3.515846133232116699e-01 1.934367120265960693e-01 5.297434926033020020e-01 8.363051414489746094e-01 8.283910751342773438e-01 7.438969612121582031e-01 4.724429249763488770e-01 2.808558344841003418e-01 1.842983216047286987e-01 1.195523291826248169e-01 7.775257527828216553e-02 6.127020716667175293e-02 5.673767626285552979e-02 5.560408532619476318e-02 5.478271842002868652e-02 5.432258546352386475e-02 5.374458432197570801e-02 5.000007152557373047e-02 4.773294925689697266e-02 4.301193356513977051e-02 3.867763280868530273e-02 3.673473000526428223e-02 3.342102468013763428e-02 3.041972219944000244e-02 2.867905795574188232e-02 2.777478098869323730e-02 2.736134827136993408e-02 2.733732759952545166e-02 2.783340215682983398e-02 2.852432429790496826e-02 2.904824912548065186e-02 2.940085530281066895e-02 2.967244386672973633e-02 2.939714491367340088e-02 2.841907739639282227e-02 2.701471745967864990e-02 2.586168050765991211e-02 2.614045143127441406e-02 2.763640880584716797e-02 2.746908366680145264e-02 2.905614674091339111e-02
4.911243915557861328e-02 6.115947663784027100e-02 8.555634319782257080e-02 1.274259984493255615e-01 1.747846454381942749e-01 2.696444392204284668e-01 4.056665301322937012e-01 1.129993498325347900e-01 1.558265835046768188e-01 1.753118336200714111e-01 1.847784221172332764e-01 1.903721541166305542e-01 1.944220662117004395e-01 1.717084944248199463e-01 1.205436289310455322e-01 1.270491480827331543e-01 1.778558939695358276e-01 4.199124872684478760e-01 9.999815225601196289e-01 9.999989271163940430e-01 0.000000000000000000e+00 9.999991655349731445e-01 9.999877214431762695e-01 2.855186760425567627e-01 1.455146968364715576e-01 9.257619082927703857e-02 5.871708691120147705e-02 4.696838557720184326e-02 4.272475838661193848e-02 4.713934659957885742e-02 7.395417988300323486e-02 2.320370972156524658e-01 4.487718343734741211e-01 4.183842539787292480e-01 1.587687730789184570e-01 2.237319350242614746e-01 9.093272686004638672e-01 9.153939485549926758e-01 8.647661805152893066e-01 7.777299880981445312e-01 4.357921481132507324e-01 2.152770757675170898e-01 1.416037678718566895e-01 1.041374057531356812e-01 7.309322059154510498e-02 5.956155061721801758e-02 5.429790914058685303e-02 5.122923851013183594e-02 4.743649065494537354e-02 4.422669112682342529e-02 4.318614304065704346e-02 4.185307025909423828e-02 3.947329521179199219e-02 3.507573902606964111e-02 3.290934860706329346e-02 3.218770027160644531e-02 3.135259449481964111e-02 2.966283261775970459e-02 2.856858074665069580e-02 2.789759635925292969e-02 2.755743265151977539e-02 2.742570638656616211e-02 2.770195901393890381e-02 2.812819182872772217e-02 2.854667603969573975e-02 2.900648117065429688e-02 2.941949665546417236e-02 2.927720546722412109e-02 2.840141952037811279e-02 2.708308398723602295e-02 2.595838904380798340e-02 2.615797519683837891e-02 2.763900160789489746e-02 2.737772464752197266e-02 2.886728942394256592e-02
