0.000000000000000000e+00 9.993119835853576660e-01 9.990845322608947754e-01 1.359419375658035278e-01 1.289533078670501709e-01 1.142776757478713989e-01 8.126334846019744873e-02 8.180475234985351562e-02 7.161314785480499268e-02 7.137688994407653809e-02 6.509116291999816895e-02 5.753274261951446533e-02 5.182361602783203125e-02 4.478491842746734619e-02 3.827081620693206787e-02 3.508704900741577148e-02 3.344403207302093506e-02 3.232224285602569580e-02 3.238141536712646484e-02 3.295047581195831299e-02 3.381380438804626465e-02 3.454783558845520020e-02 3.514283895492553711e-02 3.583586215972900391e-02 3.752490878105163574e-02 4.465124011039733887e-02 5.801013112068176270e-02 5.298052728176116943e-02 4.094232618808746338e-02 4.540912806987762451e-02 1.792937666177749634e-01 1.081289201974868774e-01 7.287406921386718750e-02 7.599128782749176025e-02 6.804132461547851562e-02 4.478138685226440430e-02 4.187297821044921875e-02 3.803381323814392090e-02 3.692191839218139648e-02 3.678926825523376465e-02 3.626094758510589600e-02 3.539447486400604248e-02 3.502339124679565430e-02 3.614005446434020996e-02
9.993119835853576660e-01 0.000000000000000000e+00 9.997554421424865723e-01 9.997172355651855469e-01 1.557792872190475464e-01 1.427616924047470093e-01 1.133017987012863159e-01 7.817280292510986328e-02 7.343229651451110840e-02 6.843365728855133057e-02 5.921523272991180420e-02 5.667197704315185547e-02 5.338980257511138916e-02 4.862107336521148682e-02 4.372879862785339355e-02 3.861387073993682861e-02 3.481502830982208252e-02 3.302666544914245605e-02 3.179152309894561768e-02 3.118547797203063965e-02 3.210574388504028320e-02 3.339254856109619141e-02 3.459089994430541992e-02 3.782479465007781982e-02 4.583857953548431396e-02 6.676371395587921143e-02 5.541300773620605469e-02 4.700268805027008057e-02 5.022297799587249756e-02 1.085534691810607910e-01 1.070355325937271118e-01 7.042536139488220215e-02 6.132930517196655273e-02 7.624284923076629639e-02 5.244673788547515869e-02 4.909922182559967041e-02 4.202935099601745605e-02 3.986385464668273926e-02 3.714817762374877930e-02 3.492157161235809326e-02 3.374892473220825195e-02 3.240828216075897217e-02 3.155271708965301514e-02 3.390808403491973877e-02
9.990845322608947754e-01 9.997554421424865723e-01 0.000000000000000000e+00 9.998892545700073242e-01 9.995410442352294922e-01 1.703915446996688843e-01 1.386275738477706909e-01 9.821633994579315186e-02 7.704412937164306641e-02 7.211564481258392334e-02 6.172481179237365723e-02 5.458690226078033447e-02 5.548776686191558838e-02 5.215834081172943115e-02 4.932630062103271484e-02 4.605807363986968994e-02 4.213379323482513428e-02 3.955355286598205566e-02 3.713893890380859375e-02 3.503870964050292969e-02 3.442718088626861572e-02 3.503119945526123047e-02 3.772649168968200684e-02 4.259216785430908203e-02 4.795549809932708740e-02 5.030046403408050537e-02 5.049814283847808838e-02 5.974386632442474365e-02 1.540602445602416992e-01 9.421025216579437256e-02 6.776185333728790283e-02 6.592221558094024658e-02 7.694137096405029297e-02 5.300495028495788574e-02 4.955068230628967285e-02 4.904399812221527100e-02 4.618847370147705078e-02 4.210369288921356201e-02 3.964936733245849609e-02 3.674046695232391357e-02 3.418174386024475098e-02 3.193174302577972412e-02 3.009711205959320068e-02 3.085391223430633545e-02
1.359419375658035278e-01 9.997172355651855469e-01 9.998892545700073242e-01 0.000000000000000000e+00 9.999008774757385254e-01 9.997794628143310547e-01 1.905302107334136963e-01 1.345429420471191406e-01 8.777613937854766846e-02 7.064004242420196533e-02 6.812174618244171143e-02 6.077446043491363525e-02 5.665875971317291260e-02 5.928358435630798340e-02 5.719032883644104004e-02 5.544571578502655029e-02 5.483372509479522705e-02 5.156934261322021484e-02 4.671218991279602051e-02 4.229590296745300293e-02 3.854884207248687744e-02 3.961125016212463379e-02 4.522933065891265869e-02 4.799032211303710938e-02 5.025345087051391602e-02 5.354185402393341064e-02 6.839649379253387451e-02 1.302596777677536011e-01 1.105216890573501587e-01 7.320664823055267334e-02 5.798114836215972900e-02 8.351400494575500488e-02 4.991459846496582031e-02 4.486256837844848633e-02 4.604814946651458740e-02 4.759658873081207275e-02 4.624016582965850830e-02 4.294729232788085938e-02 4.021379351615905762e-02 3.651438653469085693e-02 3.422483801841735840e-02 3.228914737701416016e-02 3.004205226898193359e-02 3.074070811271667480e-02
1.289533078670501709e-01 1.557792872190475464e-01 9.995410442352294922e-01 9.999008774757385254e-01 0.000000000000000000e+00 9.999597668647766113e-01 9.999021887779235840e-01 1.989176124334335327e-01 1.281595975160598755e-01 8.370897173881530762e-02 6.872706115245819092e-02 6.945143640041351318e-02 6.710910797119140625e-02 6.565682590007781982e-02 7.137733697891235352e-02 7.178352773189544678e-02 7.414194941520690918e-02 7.197865843772888184e-02 6.515616178512573242e-02 5.472785234451293945e-02 5.244044959545135498e-02 5.469311773777008057e-02 5.683389306068420410e-02 5.679385364055633545e-02 5.856512486934661865e-02 7.472859323024749756e-02 1.141360253095626831e-01 1.143795549869537354e-01 8.087147772312164307e-02 5.925299227237701416e-02 6.625132262706756592e-02 4.412561655044555664e-02 4.198659956455230713e-02 4.358115792274475098e-02 4.480153322219848633e-02 4.310344159603118896e-02 4.245713353157043457e-02 4.131650924682617188e-02 3.935934603214263916e-02 3.593948483467102051e-02 3.373870253562927246e-02 3.269344568252563477e-02 3.049881756305694580e-02 3.117448091506958008e-02
1.142776757478713989e-01 1.427616924047470093e-01 1.703915446996688843e-01 9.997794628143310547e-01 9.999597668647766113e-01 0.000000000000000000e+00 9.999861717224121094e-01 9.999520778656005859e-01 2.178145796060562134e-01 1.337145715951919556e-01 8.901675045490264893e-02 8.151273429393768311e-02 8.617560565471649170e-02 8.706717193126678467e-02 9.029933810234069824e-02 1.089723408222198486e-01 9.963004291057586670e-02 9.626893699169158936e-02 9.321716427803039551e-02 9.254026412963867188e-02 9.344305098056793213e-02 8.324284851551055908e-02 7.268531620502471924e-02 6.969144940376281738e-02 8.694145083427429199e-02 1.364912986755371094e-01 1.202774196863174438e-01 8.929403126239776611e-02 7.773604989051818848e-02 7.897530496120452881e-02 4.445672035217285156e-02 4.291549324989318848e-02 4.258453845977783203e-02 4.203632473945617676e-02 4.037742316722869873e-02 4.058636724948883057e-02 3.964386880397796631e-02 3.943541646003723145e-02 3.797976672649383545e-02 3.563334047794342041e-02 3.404110670089721680e-02 3.290568292140960693e-02 3.110456466674804688e-02 3.191238641738891602e-02
8.126334846019744873e-02 1.133017987012863159e-01 1.386275738477706909e-01 1.905302107334136963e-01 9.999021887779235840e-01 9.999861717224121094e-01 0.000000000000000000e+00 9.999941587448120117e-01 9.999716281890869141e-01 2.445308864116668701e-01 1.462748795747756958e-01 1.046439260244369507e-01 1.037115454673767090e-01 1.260014474391937256e-01 1.350533366203308105e-01 1.470797359943389893e-01 1.595001220703125000e-01 1.418618708848953247e-01 1.452621519565582275e-01 1.696057319641113281e-01 1.790221631526947021e-01 1.490557342767715454e-01 1.125903278589248657e-01 1.081416755914688110e-01 1.446950733661651611e-01 1.247211098670959473e-01 9.139870107173919678e-02 6.624127924442291260e-02 8.731040358543395996e-02 4.640820622444152832e-02 4.313515126705169678e-02 4.288350045680999756e-02 4.132825136184692383e-02 3.819049894809722900e-02 3.651936352252960205e-02 3.541824221611022949e-02 3.576202690601348877e-02 3.603120148181915283e-02 3.517694771289825439e-02 3.365449607372283936e-02 3.338629007339477539e-02 3.244061768054962158e-02 3.101256489753723145e-02 3.215514123439788818e-02
8.180475234985351562e-02 7.817280292510986328e-02 9.821633994579315186e-02 1.345429420471191406e-01 1.989176124334335327e-01 9.999520778656005859e-01 9.999941587448120117e-01 0.000000000000000000e+00 9.999967813491821289e-01 9.999756813049316406e-01 2.743814587593078613e-01 1.738886982202529907e-01 1.287248730659484863e-01 1.283545196056365967e-01 1.680558174848556519e-01 1.873360574245452881e-01 2.048771977424621582e-01 2.132765352725982666e-01 2.223017811775207520e-01 2.696214318275451660e-01 3.096767067909240723e-01 2.798695564270019531e-01 2.475326657295227051e-01 2.228366881608963013e-01 1.706321388483047485e-01 1.066602915525436401e-01 7.132923603057861328e-02 8.070331811904907227e-02 4.850125312805175781e-02 4.407115280628204346e-02 4.239681363105773926e-02 4.016108810901641846e-02 3.710405528545379639e-02 3.457161784172058105e-02 3.334245085716247559e-02 3.260654211044311523e-02 3.199705481529235840e-02 3.214624524116516113e-02 3.154623508453369141e-02 3.087134659290313721e-02 3.158427774906158447e-02 3.143838047981262207e-02 3.063946962356567383e-02 3.178957104682922363e-02
7.161314785480499268e-02 7.343229651451110840e-02 7.704412937164306641e-02 8.777613937854766846e-02 1.281595975160598755e-01 2.178145796060562134e-01 9.999716281890869141e-01 9.999967813491821289e-01 0.000000000000000000e+00 9.999970793724060059e-01 9.999765157699584961e-01 3.117173910140991211e-01 1.935413181781768799e-01 1.597053706645965576e-01 1.569248139858245850e-01 1.986751854419708252e-01 2.241454720497131348e-01 2.478063106536865234e-01 2.768684029579162598e-01 3.251774013042449951e-01 3.919101953506469727e-01 4.053093194961547852e-01 3.726149797439575195e-01 2.825315594673156738e-01 1.760851442813873291e-01 9.985302388668060303e-02 9.558248519897460938e-02 5.073323845863342285e-02 4.542565345764160156e-02 4.224939644336700439e-02 3.920461237430572510e-02 3.615765273571014404e-02 3.352236747741699219e-02 3.233614563941955566e-02 3.130260109901428223e-02 3.048586845397949219e-02 2.975885570049285889e-02 2.953839302062988281e-02 2.926585078239440918e-02 2.876210212707519531e-02 2.967201173305511475e-02 3.053869307041168213e-02 3.015755116939544678e-02 3.142429888248443604e-02
7.137688994407653809e-02 6.843365728855133057e-02 7.211564481258392334e-02 7.064004242420196533e-02 8.370897173881530762e-02 1.337145715951919556e-01 2.445308864116668701e-01 9.999756813049316406e-01 9.999970793724060059e-01 0.000000000000000000e+00 9.999972581863403320e-01 9.999785423278808594e-01 3.472611308097839355e-01 2.096050381660461426e-01 1.785053014755249023e-01 1.764350384473800659e-01 1.944813579320907593e-01 2.236606776714324951e-01 2.767374515533447266e-01 3.338509202003479004e-01 4.009112119674682617e-01 4.320397973060607910e-01 3.901943862438201904e-01 2.974308133125305176e-01 1.686341017484664917e-01 1.270934194326400757e-01 5.976264178752899170e-02 4.860863089561462402e-02 4.394607245922088623e-02 3.961302340030670166e-02 3.563317656517028809e-02 3.309535980224609375e-02 3.171925246715545654e-02 3.060738742351531982e-02 2.983689308166503906e-02 2.948188781738281250e-02 2.908313274383544922e-02 2.869142591953277588e-02 2.807147800922393799e-02 2.728982269763946533e-02 2.803596854209899902e-02 2.971489727497100830e-02 2.957601845264434814e-02 3.097839653491973877e-02
6.509116291999816895e-02 5.921523272991180420e-02 6.172481179237365723e-02 6.812174618244171143e-02 6.872706115245819092e-02 8.901675045490264893e-02 1.462748795747756958e-01 2.743814587593078613e-01 9.999765157699584961e-01 9.999972581863403320e-01 0.000000000000000000e+00 9.999977350234985352e-01 9.999817609786987305e-01 3.771615028381347656e-01 2.168934196233749390e-01 1.817120313644409180e-01 1.776711344718933105e-01 1.881316751241683960e-01 2.237776815891265869e-01 3.171322643756866455e-01 3.884148299694061279e-01 3.825947046279907227e-01 3.555431962013244629e-01 2.930651307106018066e-01 2.028006911277770996e-01 8.801063895225524902e-02 6.103745102882385254e-02 5.136498808860778809e-02 4.376025497913360596e-02 3.706204891204833984e-02 3.335748612880706787e-02 3.128220140933990479e-02 2.996158599853515625e-02 2.919265627861022949e-02 2.899812161922454834e-02 2.912053465843200684e-02 2.909913659095764160e-02 2.855917811393737793e-02 2.742286026477813721e-02 2.634604275226593018e-02 2.681975066661834717e-02 2.894806861877441406e-02 2.882386744022369385e-02 3.052529692649841309e-02
5.753274261951446533e-02 5.667197704315185547e-02 5.458690226078033447e-02 6.077446043491363525e-02 6.945143640041351318e-02 8.151273429393768311e-02 1.046439260244369507e-01 1.738886982202529907e-01 3.117173910140991211e-01 9.999785423278808594e-01 9.999977350234985352e-01 0.000000000000000000e+00 9.999983906745910645e-01 9.999856948852539062e-01 3.931678533554077148e-01 2.166405022144317627e-01 1.829587221145629883e-01 1.792436689138412476e-01 2.091271579265594482e-01 2.890771329402923584e-01 3.362894058227539062e-01 3.643678426742553711e-01 3.399683833122253418e-01 2.331444919109344482e-01 1.501790285110473633e-01 9.671834111213684082e-02 7.372321188449859619e-02 5.689622461795806885e-02 4.528522491455078125e-02 3.672038018703460693e-02 3.231158852577209473e-02 2.990601956844329834e-02 2.855195105075836182e-02 2.823919057846069336e-02 2.853478491306304932e-02 2.923782169818878174e-02 2.938428521156311035e-02 2.858394384384155273e-02 2.711685001850128174e-02 2.587175369262695312e-02 2.604076266288757324e-02 2.816936373710632324e-02 2.819851040840148926e-02 2.992819249629974365e-02
5.182361602783203125e-02 5.338980257511138916e-02 5.548776686191558838e-02 5.665875971317291260e-02 6.710910797119140625e-02 8.617560565471649170e-02 1.037115454673767090e-01 1.287248730659484863e-01 1.935413181781768799e-01 3.472611308097839355e-01 9.999817609786987305e-01 9.999983906745910645e-01 0.000000000000000000e+00 9.999989271163940430e-01 9.999884366989135742e-01 4.043568968772888184e-01 2.274174392223358154e-01 1.854669004678726196e-01 1.933670789003372192e-01 2.205944955348968506e-01 2.534952759742736816e-01 3.034549951553344727e-01 2.343774735927581787e-01 1.773237735033035278e-01 1.531944274902343750e-01 1.287788599729537964e-01 1.011203825473785400e-01 7.203508913516998291e-02 5.091892182826995850e-02 3.857877850532531738e-02 3.242181241512298584e-02 2.935874462127685547e-02 2.786538004875183105e-02 2.765595912933349609e-02 2.835303544998168945e-02 2.922019362449645996e-02 2.937272191047668457e-02 2.857422828674316406e-02 2.703978121280670166e-02 2.572327852249145508e-02 2.573551237583160400e-02 2.769002318382263184e-02 2.777135372161865234e-02 2.939078211784362793e-02
4.478491842746734619e-02 4.862107336521148682e-02 5.215834081172943115e-02 5.928358435630798340e-02 6.565682590007781982e-02 8.706717193126678467e-02 1.260014474391937256e-01 1.283545196056365967e-01 1.597053706645965576e-01 2.096050381660461426e-01 3.771615028381347656e-01 9.999856948852539062e-01 9.999989271163940430e-01 0.000000000000000000e+00 9.999991655349731445e-01 9.999899268150329590e-01 4.514944851398468018e-01 2.394568473100662231e-01 1.846227198839187622e-01 1.754683554172515869e-01 1.709691584110260010e-01 1.475564986467361450e-01 1.704741716384887695e-01 1.849612295627593994e-01 1.769155114889144897e-01 1.657457202672958374e-01 1.336272060871124268e-01 9.613370895385742188e-02 6.264364719390869141e-02 4.305061697959899902e-02 3.410159051418304443e-02 3.004433214664459229e-02 2.815066277980804443e-02 2.770183980464935303e-02 2.809201180934906006e-02 2.890531718730926514e-02 2.905520796775817871e-02 2.827337384223937988e-02 2.684712409973144531e-02 2.558493614196777344e-02 2.560913562774658203e-02 2.746750414371490479e-02 2.756436169147491455e-02 2.905975282192230225e-02
3.827081620693206787e-02 4.372879862785339355e-02 4.932630062103271484e-02 5.719032883644104004e-02 7.137733697891235352e-02 9.029933810234069824e-02 1.350533366203308105e-01 1.680558174848556519e-01 1.569248139858245850e-01 1.785053014755249023e-01 2.168934196233749390e-01 3.931678533554077148e-01 9.999884366989135742e-01 9.999991655349731445e-01 0.000000000000000000e+00 9.999993443489074707e-01 9.999917745590209961e-01 4.808746278285980225e-01 2.187811583280563354e-01 1.625569164752960205e-01 1.303788721561431885e-01 1.293377429246902466e-01 1.469822376966476440e-01 1.896166950464248657e-01 2.150758653879165649e-01 1.999798864126205444e-01 1.662594825029373169e-01 1.187004595994949341e-01 7.708229124546051025e-02 5.070240795612335205e-02 3.820466995239257812e-02 3.223946690559387207e-02 2.954040467739105225e-02 2.819496393203735352e-02 2.796365320682525635e-02 2.848048508167266846e-02 2.857659757137298584e-02 2.782087028026580811e-02 2.654528617858886719e-02 2.545464038848876953e-02 2.560910582542419434e-02 2.743266522884368896e-02 2.755087614059448242e-02 2.893581986427307129e-02
3.508704900741577148e-02 3.861387073993682861e-02 4.605807363986968994e-02 5.544571578502655029e-02 7.178352773189544678e-02 1.089723408222198486e-01 1.470797359943389893e-01 1.873360574245452881e-01 1.986751854419708252e-01 1.764350384473800659e-01 1.817120313644409180e-01 2.166405022144317627e-01 4.043568968772888184e-01 9.999899268150329590e-01 9.999993443489074707e-01 0.000000000000000000e+00 9.999994635581970215e-01 9.999920129776000977e-01 4.465141296386718750e-01 2.002475112676620483e-01 1.449652761220932007e-01 1.347883641719818115e-01 1.514714509248733521e-01 1.743012070655822754e-01 2.224916219711303711e-01 2.327520251274108887e-01 1.862517744302749634e-01 1.363285332918167114e-01 9.171958267688751221e-02 6.159870326519012451e-02 4.511350393295288086e-02 3.629985451698303223e-02 3.175041079521179199e-02 2.935127913951873779e-02 2.821886539459228516e-02 2.816921472549438477e-02 2.804946899414062500e-02 2.727518975734710693e-02 2.612133324146270752e-02 2.522377669811248779e-02 2.559624612331390381e-02 2.741932868957519531e-02 2.765004336833953857e-02 2.890291810035705566e-02
3.344403207302093506e-02 3.481502830982208252e-02 4.213379323482513428e-02 5.483372509479522705e-02 7.414194941520690918e-02 9.963004291057586670e-02 1.595001220703125000e-01 2.048771977424621582e-01 2.241454720497131348e-01 1.944813579320907593e-01 1.776711344718933105e-01 1.829587221145629883e-01 2.274174392223358154e-01 4.514944851398468018e-01 9.999917745590209961e-01 9.999994635581970215e-01 0.000000000000000000e+00 9.999994039535522461e-01 9.999907016754150391e-01 4.566119611263275146e-01 2.202664762735366821e-01 1.544707119464874268e-01 1.483830958604812622e-01 1.749040782451629639e-01 1.919776946306228638e-01 2.285054028034210205e-01 2.048581093549728394e-01 1.448805481195449829e-01 1.043035238981246948e-01 7.445770502090454102e-02 5.544258654117584229e-02 4.295095801353454590e-02 3.580442070960998535e-02 3.161166608333587646e-02 2.915598452091217041e-02 2.822822332382202148e-02 2.774451673030853271e-02 2.673661708831787109e-02 2.560679614543914795e-02 2.490025758743286133e-02 2.550035715103149414e-02 2.735668420791625977e-02 2.767260372638702393e-02 2.896890044212341309e-02
3.232224285602569580e-02 3.302666544914245605e-02 3.955355286598205566e-02 5.156934261322021484e-02 7.197865843772888184e-02 9.626893699169158936e-02 1.418618708848953247e-01 2.132765352725982666e-01 2.478063106536865234e-01 2.236606776714324951e-01 1.881316751241683960e-01 1.792436689138412476e-01 1.854669004678726196e-01 2.394568473100662231e-01 4.808746278285980225e-01 9.999920129776000977e-01 9.999994039535522461e-01 0.000000000000000000e+00 9.999994039535522461e-01 9.999911189079284668e-01 5.097821950912475586e-01 2.430736124515533447e-01 1.753576993942260742e-01 1.677572429180145264e-01 1.882067620754241943e-01 1.849436461925506592e-01 1.932242363691329956e-01 1.537372022867202759e-01 1.135807335376739502e-01 8.399303257465362549e-02 6.636571884155273438e-02 5.306655168533325195e-02 4.177328944206237793e-02 3.522500395774841309e-02 3.116834163665771484e-02 2.902178466320037842e-02 2.778445184230804443e-02 2.643723785877227783e-02 2.514536678791046143e-02 2.450363337993621826e-02 2.529585361480712891e-02 2.721290290355682373e-02 2.764105796813964844e-02 2.912321686744689941e-02
3.238141536712646484e-02 3.179152309894561768e-02 3.713893890380859375e-02 4.671218991279602051e-02 6.515616178512573242e-02 9.321716427803039551e-02 1.452621519565582275e-01 2.223017811775207520e-01 2.768684029579162598e-01 2.767374515533447266e-01 2.237776815891265869e-01 2.091271579265594482e-01 1.933670789003372192e-01 1.846227198839187622e-01 2.187811583280563354e-01 4.465141296386718750e-01 9.999907016754150391e-01 9.999994039535522461e-01 0.000000000000000000e+00 9.999994039535522461e-01 9.999915361404418945e-01 5.504364967346191406e-01 2.560931444168090820e-01 1.896502971649169922e-01 1.706604957580566406e-01 1.796939373016357422e-01 1.646233201026916504e-01 1.509788632392883301e-01 1.235113888978958130e-01 9.449076652526855469e-02 7.438187301158905029e-02 6.246459484100341797e-02 5.100399255752563477e-02 4.074527323246002197e-02 3.463496267795562744e-02 3.094336390495300293e-02 2.854202687740325928e-02 2.653332054615020752e-02 2.489246428012847900e-02 2.410863339900970459e-02 2.501830458641052246e-02 2.700582146644592285e-02 2.764441072940826416e-02 2.933000028133392334e-02
3.295047581195831299e-02 3.118547797203063965e-02 3.503870964050292969e-02 4.229590296745300293e-02 5.472785234451293945e-02 9.254026412963867188e-02 1.696057319641113281e-01 2.696214318275451660e-01 3.251774013042449951e-01 3.338509202003479004e-01 3.171322643756866455e-01 2.890771329402923584e-01 2.205944955348968506e-01 1.754683554172515869e-01 1.625569164752960205e-01 2.002475112676620483e-01 4.566119611263275146e-01 9.999911189079284668e-01 9.999994039535522461e-01 0.000000000000000000e+00 9.999993443489074707e-01 9.999907612800598145e-01 5.701275467872619629e-01 2.545164823532104492e-01 1.846626549959182739e-01 1.591417193412780762e-01 1.635433733463287354e-01 1.424853205680847168e-01 1.249915510416030884e-01 1.052238792181015015e-01 8.424894511699676514e-02 6.913504004478454590e-02 5.968947708606719971e-02 4.938355088233947754e-02 3.971108794212341309e-02 3.407594561576843262e-02 3.033268451690673828e-02 2.727240324020385742e-02 2.508024871349334717e-02 2.389886975288391113e-02 2.469572424888610840e-02 2.681246399879455566e-02 2.763883769512176514e-02 2.963727712631225586e-02
3.381380438804626465e-02 3.210574388504028320e-02 3.442718088626861572e-02 3.854884207248687744e-02 5.244044959545135498e-02 9.344305098056793213e-02 1.790221631526947021e-01 3.096767067909240723e-01 3.919101953506469727e-01 4.009112119674682617e-01 3.884148299694061279e-01 3.362894058227539062e-01 2.534952759742736816e-01 1.709691584110260010e-01 1.303788721561431885e-01 1.449652761220932007e-01 2.202664762735366821e-01 5.097821950912475586e-01 9.999915361404418945e-01 9.999993443489074707e-01 0.000000000000000000e+00 9.999994039535522461e-01 9.999895095825195312e-01 5.614545345306396484e-01 2.456109225749969482e-01 1.704104244709014893e-01 1.456827968358993530e-01 1.471649557352066040e-01 1.237128973007202148e-01 1.089983284473419189e-01 9.551537036895751953e-02 8.002470433712005615e-02 6.720304489135742188e-02 5.818417668342590332e-02 4.791203141212463379e-02 3.874422609806060791e-02 3.302219510078430176e-02 2.886269986629486084e-02 2.586212754249572754e-02 2.418151497840881348e-02 2.462089061737060547e-02 2.672126889228820801e-02 2.767223119735717773e-02 2.992047369480133057e-02
3.454783558845520020e-02 3.339254856109619141e-02 3.503119945526123047e-02 3.961125016212463379e-02 5.469311773777008057e-02 8.324284851551055908e-02 1.490557342767715454e-01 2.798695564270019531e-01 4.053093194961547852e-01 4.320397973060607910e-01 3.825947046279907227e-01 3.643678426742553711e-01 3.034549951553344727e-01 1.475564986467361450e-01 1.293377429246902466e-01 1.347883641719818115e-01 1.544707119464874268e-01 2.430736124515533447e-01 5.504364967346191406e-01 9.999907612800598145e-01 9.999994039535522461e-01 0.000000000000000000e+00 9.999993443489074707e-01 9.999881982803344727e-01 5.476975440979003906e-01 2.335280776023864746e-01 1.580939441919326782e-01 1.309475004673004150e-01 1.289018541574478149e-01 1.108511090278625488e-01 1.008988618850708008e-01 9.191821515560150146e-02 7.895919680595397949e-02 6.652797758579254150e-02 5.692724883556365967e-02 4.655620455741882324e-02 3.752166032791137695e-02 3.156821429729461670e-02 2.740094065666198730e-02 2.496103942394256592e-02 2.508728206157684326e-02 2.688261866569519043e-02 2.779375016689300537e-02 3.013198077678680420e-02
3.514283895492553711e-02 3.459089994430541992e-02 3.772649168968200684e-02 4.522933065891265869e-02 5.683389306068420410e-02 7.268531620502471924e-02 1.125903278589248657e-01 2.475326657295227051e-01 3.726149797439575195e-01 3.901943862438201904e-01 3.555431962013244629e-01 3.399683833122253418e-01 2.343774735927581787e-01 1.704741716384887695e-01 1.469822376966476440e-01 1.514714509248733521e-01 1.483830958604812622e-01 1.753576993942260742e-01 2.560931444168090820e-01 5.701275467872619629e-01 9.999895095825195312e-01 9.999993443489074707e-01 0.000000000000000000e+00 9.999992251396179199e-01 9.999867677688598633e-01 5.283935070037841797e-01 2.212382256984710693e-01 1.430601030588150024e-01 1.208204776048660278e-01 1.199240982532501221e-01 1.052848100662231445e-01 9.862993657588958740e-02 9.076184034347534180e-02 7.851673662662506104e-02 6.542778015136718750e-02 5.482247471809387207e-02 4.463478922843933105e-02 3.594571352005004883e-02 3.043633699417114258e-02 2.663816511631011963e-02 2.617171406745910645e-02 2.749593555927276611e-02 2.810037136077880859e-02 3.035615384578704834e-02
3.583586215972900391e-02 3.782479465007781982e-02 4.259216785430908203e-02 4.799032211303710938e-02 5.679385364055633545e-02 6.969144940376281738e-02 1.081416755914688110e-01 2.228366881608963013e-01 2.825315594673156738e-01 2.974308133125305176e-01 2.930651307106018066e-01 2.331444919109344482e-01 1.773237735033035278e-01 1.849612295627593994e-01 1.896166950464248657e-01 1.743012070655822754e-01 1.749040782451629639e-01 1.677572429180145264e-01 1.896502971649169922e-01 2.545164823532104492e-01 5.614545345306396484e-01 9.999881982803344727e-01 9.999992251396179199e-01 0.000000000000000000e+00 9.999991655349731445e-01 9.999850392341613770e-01 4.991388618946075439e-01 2.119371891021728516e-01 1.363009214401245117e-01 1.175623089075088501e-01 1.183952391147613525e-01 1.045070141553878784e-01 9.843339025974273682e-02 8.989273011684417725e-02 7.689757645130157471e-02 6.307069957256317139e-02 5.101242661476135254e-02 4.274566471576690674e-02 3.509734570980072021e-02 3.020234405994415283e-02 2.851596474647521973e-02 2.867402136325836182e-02 2.860985696315765381e-02 3.049403429031372070e-02
3.752490878105163574e-02 4.583857953548431396e-02 4.795549809932708740e-02 5.025345087051391602e-02 5.856512486934661865e-02 8.694145083427429199e-02 1.446950733661651611e-01 1.706321388483047485e-01 1.760851442813873291e-01 1.686341017484664917e-01 2.028006911277770996e-01 1.501790285110473633e-01 1.531944274902343750e-01 1.769155114889144897e-01 2.150758653879165649e-01 2.224916219711303711e-01 1.919776946306228638e-01 1.882067620754241943e-01 1.706604957580566406e-01 1.846626549959182739e-01 2.456109225749969482e-01 5.476975440979003906e-01 9.999867677688598633e-01 9.999991655349731445e-01 0.000000000000000000e+00 9.999989867210388184e-01 9.999831914901733398e-01 4.738716185092926025e-01 2.103572338819503784e-01 1.358169168233871460e-01 1.168134361505508423e-01 1.188927292823791504e-01 1.040569096803665161e-01 9.792643785476684570e-02 8.731865882873535156e-02 7.280568778514862061e-02 5.872635543346405029e-02 4.882855713367462158e-02 4.173612594604492188e-02 3.534837067127227783e-02 3.202416002750396729e-02 3.044222295284271240e-02 2.943010628223419189e-02 3.063943982124328613e-02
4.465124011039733887e-02 6.676371395587921143e-02 5.030046403408050537e-02 5.354185402393341064e-02 7.472859323024749756e-02 1.364912986755371094e-01 1.247211098670959473e-01 1.066602915525436401e-01 9.985302388668060303e-02 1.270934194326400757e-01 8.801063895225524902e-02 9.671834111213684082e-02 1.287788599729537964e-01 1.657457202672958374e-01 1.999798864126205444e-01 2.327520251274108887e-01 2.285054028034210205e-01 1.849436461925506592e-01 1.796939373016357422e-01 1.591417193412780762e-01 1.704104244709014893e-01 2.335280776023864746e-01 5.283935070037841797e-01 9.999850392341613770e-01 9.999989867210388184e-01 0.000000000000000000e+00 9.999988675117492676e-01 9.999808669090270996e-01 4.648647904396057129e-01 2.101979702711105347e-01 1.347319036722183228e-01 1.160857826471328735e-01 1.176660656929016113e-01 1.016306281089782715e-01 9.574230015277862549e-02 8.187401294708251953e-02 6.694918870925903320e-02 5.483007431030273438e-02 4.790402948856353760e-02 4.177540540695190430e-02 3.646951913833618164e-02 3.351102769374847412e-02 3.062555193901062012e-02 3.085316717624664307e-02
5.801013112068176270e-02 5.541300773620605469e-02 5.049814283847808838e-02 6.839649379253387451e-02 1.141360253095626831e-01 1.202774196863174438e-01 9.139870107173919678e-02 7.132923603057861328e-02 9.558248519897460938e-02 5.976264178752899170e-02 6.103745102882385254e-02 7.372321188449859619e-02 1.011203825473785400e-01 1.336272060871124268e-01 1.662594825029373169e-01 1.862517744302749634e-01 2.048581093549728394e-01 1.932242363691329956e-01 1.646233201026916504e-01 1.635433733463287354e-01 1.456827968358993530e-01 1.580939441919326782e-01 2.212382256984710693e-01 4.991388618946075439e-01 9.999831914901733398e-01 9.999988675117492676e-01 0.000000000000000000e+00 9.999985694885253906e-01 9.999777674674987793e-01 4.406403303146362305e-01 2.051918208599090576e-01 1.329689472913742065e-01 1.142420768737792969e-01 1.154492795467376709e-01 9.833382070064544678e-02 8.957755565643310547e-02 7.526379823684692383e-02 6.213389337062835693e-02 5.376993119716644287e-02 4.786156117916107178e-02 4.187054932117462158e-02 3.733800351619720459e-02 3.268463909626007080e-02 3.149271011352539062e-02
5.298052728176116943e-02 4.700268805027008057e-02 5.974386632442474365e-02 1.302596777677536011e-01 1.143795549869537354e-01 8.929403126239776611e-02 6.624127924442291260e-02 8.070331811904907227e-02 5.073323845863342285e-02 4.860863089561462402e-02 5.136498808860778809e-02 5.689622461795806885e-02 7.203508913516998291e-02 9.613370895385742188e-02 1.187004595994949341e-01 1.363285332918167114e-01 1.448805481195449829e-01 1.537372022867202759e-01 1.509788632392883301e-01 1.424853205680847168e-01 1.471649557352066040e-01 1.309475004673004150e-01 1.430601030588150024e-01 2.119371891021728516e-01 4.738716185092926025e-01 9.999808669090270996e-01 9.999985694885253906e-01 0.000000000000000000e+00 9.999980926513671875e-01 9.999744296073913574e-01 4.064152836799621582e-01 1.982822865247726440e-01 1.314831227064132690e-01 1.126083135604858398e-01 1.126669198274612427e-01 9.353569149971008301e-02 8.138912916183471680e-02 7.088738679885864258e-02 5.998151004314422607e-02 5.338881909847259521e-02 4.804113507270812988e-02 4.208952188491821289e-02 3.542016446590423584e-02 3.272032737731933594e-02
4.094232618808746338e-02 5.022297799587249756e-02 1.540602445602416992e-01 1.105216890573501587e-01 8.087147772312164307e-02 7.773604989051818848e-02 8.731040358543395996e-02 4.850125312805175781e-02 4.542565345764160156e-02 4.394607245922088623e-02 4.376025497913360596e-02 4.528522491455078125e-02 5.091892182826995850e-02 6.264364719390869141e-02 7.708229124546051025e-02 9.171958267688751221e-02 1.043035238981246948e-01 1.135807335376739502e-01 1.235113888978958130e-01 1.249915510416030884e-01 1.237128973007202148e-01 1.289018541574478149e-01 1.208204776048660278e-01 1.363009214401245117e-01 2.103572338819503784e-01 4.648647904396057129e-01 9.999777674674987793e-01 9.999980926513671875e-01 0.000000000000000000e+00 9.999976158142089844e-01 9.999703168869018555e-01 3.765439391136169434e-01 1.949026882648468018e-01 1.298255026340484619e-01 1.107258200645446777e-01 1.088065803050994873e-01 8.769753575325012207e-02 7.698582112789154053e-02 6.820182502269744873e-02 5.983793735504150391e-02 5.263374745845794678e-02 4.763652384281158447e-02 3.946630656719207764e-02 3.469018638134002686e-02
4.540912806987762451e-02 1.085534691810607910e-01 9.421025216579437256e-02 7.320664823055267334e-02 5.925299227237701416e-02 7.897530496120452881e-02 4.640820622444152832e-02 4.407115280628204346e-02 4.224939644336700439e-02 3.961302340030670166e-02 3.706204891204833984e-02 3.672038018703460693e-02 3.857877850532531738e-02 4.305061697959899902e-02 5.070240795612335205e-02 6.159870326519012451e-02 7.445770502090454102e-02 8.399303257465362549e-02 9.449076652526855469e-02 1.052238792181015015e-01 1.089983284473419189e-01 1.108511090278625488e-01 1.199240982532501221e-01 1.175623089075088501e-01 1.358169168233871460e-01 2.101979702711105347e-01 4.406403303146362305e-01 9.999744296073913574e-01 9.999976158142089844e-01 0.000000000000000000e+00 9.999967813491821289e-01 9.999637603759765625e-01 3.508336842060089111e-01 1.887623518705368042e-01 1.273694038391113281e-01 1.085002124309539795e-01 1.033857017755508423e-01 8.350045979022979736e-02 7.365806400775909424e-02 6.710827350616455078e-02 5.805985629558563232e-02 5.153858661651611328e-02 4.442492127418518066e-02 3.738930821418762207e-02
1.792937666177749634e-01 1.070355325937271118e-01 6.776185333728790283e-02 5.798114836215972900e-02 6.625132262706756592e-02 4.445672035217285156e-02 4.313515126705169678e-02 4.239681363105773926e-02 3.920461237430572510e-02 3.563317656517028809e-02 3.335748612880706787e-02 3.231158852577209473e-02 3.242181241512298584e-02 3.410159051418304443e-02 3.820466995239257812e-02 4.511350393295288086e-02 5.544258654117584229e-02 6.636571884155273438e-02 7.438187301158905029e-02 8.424894511699676514e-02 9.551537036895751953e-02 1.008988618850708008e-01 1.052848100662231445e-01 1.183952391147613525e-01 1.168134361505508423e-01 1.347319036722183228e-01 2.051918208599090576e-01 4.064152836799621582e-01 9.999703168869018555e-01 9.999967813491821289e-01 0.000000000000000000e+00 9.999954104423522949e-01 9.999530911445617676e-01 3.230469226837158203e-01 1.823134869337081909e-01 1.256702840328216553e-01 1.072318404912948608e-01 9.875787794589996338e-02 8.016844093799591064e-02 7.000938057899475098e-02 6.315264105796813965e-02 5.545970797538757324e-02 4.903174936771392822e-02 4.150028526782989502e-02
1.081289201974868774e-01 7.042536139488220215e-02 6.592221558094024658e-02 8.351400494575500488e-02 4.412561655044555664e-02 4.291549324989318848e-02 4.288350045680999756e-02 4.016108810901641846e-02 3.615765273571014404e-02 3.309535980224609375e-02 3.128220140933990479e-02 2.990601956844329834e-02 2.935874462127685547e-02 3.004433214664459229e-02 3.223946690559387207e-02 3.629985451698303223e-02 4.295095801353454590e-02 5.306655168533325195e-02 6.246459484100341797e-02 6.913504004478454590e-02 8.002470433712005615e-02 9.191821515560150146e-02 9.862993657588958740e-02 1.045070141553878784e-01 1.188927292823791504e-01 1.160857826471328735e-01 1.329689472913742065e-01 1.982822865247726440e-01 3.765439391136169434e-01 9.999637603759765625e-01 9.999954104423522949e-01 0.000000000000000000e+00 9.999930858612060547e-01 9.999362230300903320e-01 3.006498813629150391e-01 1.766850203275680542e-01 1.252685338258743286e-01 1.039552092552185059e-01 9.163472056388854980e-02 7.548533380031585693e-02 6.302244961261749268e-02 5.846838653087615967e-02 5.270420014858245850e-02 4.509596526622772217e-02
7.287406921386718750e-02 6.132930517196655273e-02 7.694137096405029297e-02 4.991459846496582031e-02 4.198659956455230713e-02 4.258453845977783203e-02 4.132825136184692383e-02 3.710405528545379639e-02 3.352236747741699219e-02 3.171925246715545654e-02 2.996158599853515625e-02 2.855195105075836182e-02 2.786538004875183105e-02 2.815066277980804443e-02 2.954040467739105225e-02 3.175041079521179199e-02 3.580442070960998535e-02 4.177328944206237793e-02 5.100399255752563477e-02 5.968947708606719971e-02 6.720304489135742188e-02 7.895919680595397949e-02 9.076184034347534180e-02 9.843339025974273682e-02 1.040569096803665161e-01 1.176660656929016113e-01 1.142420768737792969e-01 1.314831227064132690e-01 1.949026882648468018e-01 3.508336842060089111e-01 9.999530911445617676e-01 9.999930858612060547e-01 0.000000000000000000e+00 9.999896287918090820e-01 9.999135732650756836e-01 2.811692655086517334e-01 1.710132211446762085e-01 1.227540373802185059e-01 9.567180275917053223e-02 8.350303769111633301e-02 6.548811495304107666e-02 5.855353176593780518e-02 5.289104580879211426e-02 4.915052652359008789e-02
7.599128782749176025e-02 7.624284923076629639e-02 5.300495028495788574e-02 4.486256837844848633e-02 4.358115792274475098e-02 4.203632473945617676e-02 3.819049894809722900e-02 3.457161784172058105e-02 3.233614563941955566e-02 3.060738742351531982e-02 2.919265627861022949e-02 2.823919057846069336e-02 2.765595912933349609e-02 2.770183980464935303e-02 2.819496393203735352e-02 2.935127913951873779e-02 3.161166608333587646e-02 3.522500395774841309e-02 4.074527323246002197e-02 4.938355088233947754e-02 5.818417668342590332e-02 6.652797758579254150e-02 7.851673662662506104e-02 8.989273011684417725e-02 9.792643785476684570e-02 1.016306281089782715e-01 1.154492795467376709e-01 1.126083135604858398e-01 1.298255026340484619e-01 1.887623518705368042e-01 3.230469226837158203e-01 9.999362230300903320e-01 9.999896287918090820e-01 0.000000000000000000e+00 9.999850392341613770e-01 9.998841285705566406e-01 2.593517899513244629e-01 1.612552106380462646e-01 1.151768714189529419e-01 8.492408692836761475e-02 6.870323419570922852e-02 5.786378681659698486e-02 5.083779990673065186e-02 5.044604837894439697e-02
6.804132461547851562e-02 5.244673788547515869e-02 4.955068230628967285e-02 4.604814946651458740e-02 4.480153322219848633e-02 4.037742316722869873e-02 3.651936352252960205e-02 3.334245085716247559e-02 3.130260109901428223e-02 2.983689308166503906e-02 2.899812161922454834e-02 2.853478491306304932e-02 2.835303544998168945e-02 2.809201180934906006e-02 2.796365320682525635e-02 2.821886539459228516e-02 2.915598452091217041e-02 3.116834163665771484e-02 3.463496267795562744e-02 3.971108794212341309e-02 4.791203141212463379e-02 5.692724883556365967e-02 6.542778015136718750e-02 7.689757645130157471e-02 8.731865882873535156e-02 9.574230015277862549e-02 9.833382070064544678e-02 1.126669198274612427e-01 1.107258200645446777e-01 1.273694038391113281e-01 1.823134869337081909e-01 3.006498813629150391e-01 9.999135732650756836e-01 9.999850392341613770e-01 0.000000000000000000e+00 9.999796152114868164e-01 9.998359084129333496e-01 2.344351559877395630e-01 1.507134437561035156e-01 1.029665619134902954e-01 6.865389645099639893e-02 5.554242432117462158e-02 4.843774437904357910e-02 4.340335726737976074e-02
4.478138685226440430e-02 4.909922182559967041e-02 4.904399812221527100e-02 4.759658873081207275e-02 4.310344159603118896e-02 4.058636724948883057e-02 3.541824221611022949e-02 3.260654211044311523e-02 3.048586845397949219e-02 2.948188781738281250e-02 2.912053465843200684e-02 2.923782169818878174e-02 2.922019362449645996e-02 2.890531718730926514e-02 2.848048508167266846e-02 2.816921472549438477e-02 2.822822332382202148e-02 2.902178466320037842e-02 3.094336390495300293e-02 3.407594561576843262e-02 3.874422609806060791e-02 4.655620455741882324e-02 5.482247471809387207e-02 6.307069957256317139e-02 7.280568778514862061e-02 8.187401294708251953e-02 8.957755565643310547e-02 9.353569149971008301e-02 1.088065803050994873e-01 1.085002124309539795e-01 1.256702840328216553e-01 1.766850203275680542e-01 2.811692655086517334e-01 9.998841285705566406e-01 9.999796152114868164e-01 0.000000000000000000e+00 9.999666213989257812e-01 9.997004270553588867e-01 2.116072326898574829e-01 1.420290172100067139e-01 8.513182401657104492e-02 5.445562303066253662e-02 4.547485709190368652e-02 4.030701518058776855e-02
