0.000000000000000000e+00 9.990472197532653809e-01 9.986935257911682129e-01 1.302233338356018066e-01 1.205810308456420898e-01 9.985284507274627686e-02 6.956838071346282959e-02 6.720043718814849854e-02 5.763278901576995850e-02 5.858074128627777100e-02 5.842669308185577393e-02 5.560852587223052979e-02 4.926024377346038818e-02 4.298648238182067871e-02 3.866082429885864258e-02 3.692911565303802490e-02 3.633821010589599609e-02 3.608810901641845703e-02 3.618034720420837402e-02 3.613556921482086182e-02 3.556801378726959229e-02 3.462013602256774902e-02 3.368620574474334717e-02 3.305000066757202148e-02 3.311803936958312988e-02 3.425243496894836426e-02 3.474645316600799561e-02 3.434033691883087158e-02 3.405427932739257812e-02 3.430555760860443115e-02 3.435613214969635010e-02 3.424045443534851074e-02 3.434012830257415771e-02 3.433920443058013916e-02 3.413988649845123291e-02 3.381241858005523682e-02 3.374156355857849121e-02 3.432902693748474121e-02 3.584839403629302979e-02 3.718172013759613037e-02 3.960724174976348877e-02 4.420399665832519531e-02 5.795128643512725830e-02 1.003909409046173096e-01 1.829514503479003906e-01 1.032672375440597534e-01 5.026450753211975098e-02 5.845858156681060791e-02 1.704871505498886108e-01 2.371977865695953369e-01 1.692452281713485718e-01 1.166640073060989380e-01 7.944822311401367188e-02 5.021157860755920410e-02 3.929947316646575928e-02 3.132671117782592773e-02 2.941273152828216553e-02 2.985225617885589600e-02 3.165028989315032959e-02 3.357519209384918213e-02 3.572568297386169434e-02 3.835017979145050049e-02 4.072614014148712158e-02 4.307119548320770264e-02 4.536098241806030273e-02 4.613411426544189453e-02 4.501776397228240967e-02 4.216948151588439941e-02 4.065047204494476318e-02 3.960087895393371582e-02 4.036979377269744873e-02
9.990472197532653809e-01 0.000000000000000000e+00 9.996428489685058594e-01 9.995703697204589844e-01 1.508636027574539185e-01 1.260890960693359375e-01 1.006641536951065063e-01 6.547316908836364746e-02 5.834591388702392578e-02 5.572645366191864014e-02 5.324152112007141113e-02 5.634488165378570557e-02 5.262085795402526855e-02 4.701988399028778076e-02 4.311501979827880859e-02 3.946854174137115479e-02 3.766980767250061035e-02 3.670369088649749756e-02 3.661814332008361816e-02 3.640991449356079102e-02 3.513717651367187500e-02 3.344988822937011719e-02 3.258669376373291016e-02 3.266942501068115234e-02 3.338779509067535400e-02 3.402280807495117188e-02 3.403030335903167725e-02 3.400114178657531738e-02 3.439289331436157227e-02 3.471033275127410889e-02 3.468431532382965088e-02 3.440965712070465088e-02 3.404466807842254639e-02 3.346015512943267822e-02 3.264464437961578369e-02 3.201742470264434814e-02 3.214836120605468750e-02 3.288792073726654053e-02 3.370094299316406250e-02 3.509108722209930420e-02 3.758764266967773438e-02 4.686571657657623291e-02 8.981719613075256348e-02 1.703087538480758667e-01 1.068880558013916016e-01 5.146583914756774902e-02 5.752119421958923340e-02 2.374394387006759644e-01 2.999077439308166504e-01 2.176287323236465454e-01 1.826752573251724243e-01 1.294719576835632324e-01 7.701708376407623291e-02 5.965647101402282715e-02 4.111595451831817627e-02 3.295691311359405518e-02 2.977697551250457764e-02 2.951572835445404053e-02 3.103022277355194092e-02 3.360952436923980713e-02 3.679232299327850342e-02 3.956869244575500488e-02 4.211463034152984619e-02 4.449506103992462158e-02 4.651817679405212402e-02 4.735656082630157471e-02 4.382890462875366211e-02 3.902333974838256836e-02 3.714667260646820068e-02 3.511059284210205078e-02 3.635665774345397949e-02
9.986935257911682129e-01 9.996428489685058594e-01 0.000000000000000000e+00 9.998352527618408203e-01 9.993495941162109375e-01 1.624184399843215942e-01 1.265766173601150513e-01 8.683441579341888428e-02 6.110578775405883789e-02 5.936874449253082275e-02 5.477094650268554688e-02 5.287922918796539307e-02 5.604918301105499268e-02 5.319105088710784912e-02 5.023854970932006836e-02 4.771065711975097656e-02 4.505865275859832764e-02 4.299543797969818115e-02 4.111848771572113037e-02 3.771904110908508301e-02 3.533899784088134766e-02 3.387460112571716309e-02 3.329603374004364014e-02 3.324247896671295166e-02 3.375230729579925537e-02 3.423078358173370361e-02 3.453604876995086670e-02 3.465621173381805420e-02 3.530231118202209473e-02 3.535369038581848145e-02 3.547500073909759521e-02 3.481850028038024902e-02 3.398080170154571533e-02 3.339219093322753906e-02 3.252921998500823975e-02 3.211267292499542236e-02 3.223954141139984131e-02 3.346216678619384766e-02 3.499086201190948486e-02 3.616011142730712891e-02 3.994502127170562744e-02 5.551223456859588623e-02 1.182911098003387451e-01 1.138004660606384277e-01 5.606347322463989258e-02 5.977487564086914062e-02 2.749811410903930664e-01 2.240577787160873413e-01 1.477527022361755371e-01 1.619599461555480957e-01 1.620663106441497803e-01 8.294978737831115723e-02 7.594433426856994629e-02 6.654576957225799561e-02 5.508045852184295654e-02 4.301694035530090332e-02 3.626413643360137939e-02 3.525666892528533936e-02 3.580780327320098877e-02 3.658330440521240234e-02 3.829447925090789795e-02 3.957737982273101807e-02 3.949743509292602539e-02 4.058156907558441162e-02 4.208946228027343750e-02 4.212294518947601318e-02 4.085010290145874023e-02 3.642244637012481689e-02 3.355273604393005371e-02 3.302881121635437012e-02 3.338980674743652344e-02
1.302233338356018066e-01 9.995703697204589844e-01 9.998352527618408203e-01 0.000000000000000000e+00 9.998391866683959961e-01 9.996721744537353516e-01 1.780637204647064209e-01 1.195742636919021606e-01 7.790626585483551025e-02 6.312818825244903564e-02 6.429691612720489502e-02 5.844326317310333252e-02 5.740593373775482178e-02 6.305618584156036377e-02 6.143422424793243408e-02 6.103001534938812256e-02 6.081025302410125732e-02 5.871844291687011719e-02 5.280736088752746582e-02 4.309877753257751465e-02 3.933337330818176270e-02 3.715834021568298340e-02 3.575025498867034912e-02 3.596720099449157715e-02 3.655256330966949463e-02 3.685231506824493408e-02 3.787641227245330811e-02 3.945060074329376221e-02 3.997443616390228271e-02 3.975504636764526367e-02 3.943468630313873291e-02 3.761595487594604492e-02 3.541506826877593994e-02 3.496870398521423340e-02 3.448747098445892334e-02 3.365401923656463623e-02 3.349214792251586914e-02 3.446392714977264404e-02 3.546525537967681885e-02 3.805267810821533203e-02 4.636041820049285889e-02 7.281969487667083740e-02 8.501885831356048584e-02 6.082133948802947998e-02 6.894673407077789307e-02 3.662102818489074707e-01 2.229591906070709229e-01 1.451525390148162842e-01 1.546710729598999023e-01 1.961181610822677612e-01 6.495547294616699219e-02 6.168900430202484131e-02 7.181307673454284668e-02 6.820440292358398438e-02 6.074959039688110352e-02 5.380879342555999756e-02 4.789948463439941406e-02 4.323482513427734375e-02 4.046283662319183350e-02 4.042273759841918945e-02 3.863748908042907715e-02 3.868320584297180176e-02 3.927327692508697510e-02 3.929239511489868164e-02 4.017162322998046875e-02 3.996674716472625732e-02 3.722722828388214111e-02 3.431013226509094238e-02 3.339074552059173584e-02 3.367471694946289062e-02 3.374767303466796875e-02
1.205810308456420898e-01 1.508636027574539185e-01 9.993495941162109375e-01 9.998391866683959961e-01 0.000000000000000000e+00 9.999240636825561523e-01 9.998283386230468750e-01 1.811629235744476318e-01 1.139381825923919678e-01 7.960951328277587891e-02 6.803824007511138916e-02 7.403476536273956299e-02 7.080891728401184082e-02 7.003995776176452637e-02 8.170056343078613281e-02 8.357924222946166992e-02 8.998145163059234619e-02 9.602341055870056152e-02 8.079504966735839844e-02 6.081141531467437744e-02 4.932573437690734863e-02 4.411630332469940186e-02 4.113969206809997559e-02 3.973104059696197510e-02 3.893370926380157471e-02 4.039387404918670654e-02 4.385440051555633545e-02 4.745301604270935059e-02 4.873351752758026123e-02 4.629667103290557861e-02 4.331214725971221924e-02 4.064050316810607910e-02 3.895577788352966309e-02 3.807495534420013428e-02 3.720022737979888916e-02 3.644232451915740967e-02 3.591704368591308594e-02 3.664107620716094971e-02 3.755791485309600830e-02 4.353696107864379883e-02 5.636990070343017578e-02 6.926971673965454102e-02 7.110437750816345215e-02 7.594491541385650635e-02 3.208002448081970215e-01 2.693691849708557129e-01 1.875556260347366333e-01 1.663741618394851685e-01 2.017762362957000732e-01 5.138421058654785156e-02 4.363539814949035645e-02 4.757846891880035400e-02 5.593024194240570068e-02 5.596381425857543945e-02 5.313405394554138184e-02 5.029541254043579102e-02 4.722876846790313721e-02 4.387961328029632568e-02 4.058919847011566162e-02 3.834278881549835205e-02 3.855550289154052734e-02 3.919751942157745361e-02 3.962947428226470947e-02 3.981170058250427246e-02 4.004797339439392090e-02 3.716890513896942139e-02 3.410963714122772217e-02 3.213258087635040283e-02 3.372335433959960938e-02 3.398214280605316162e-02 3.497400879859924316e-02
9.985284507274627686e-02 1.260890960693359375e-01 1.624184399843215942e-01 9.996721744537353516e-01 9.999240636825561523e-01 0.000000000000000000e+00 9.999706745147705078e-01 9.998995065689086914e-01 1.935255527496337891e-01 1.209814250469207764e-01 9.538680315017700195e-02 9.083391726016998291e-02 1.002324521541595459e-01 9.778615832328796387e-02 1.133180111646652222e-01 1.518881916999816895e-01 1.656684428453445435e-01 1.748654693365097046e-01 1.454665660858154297e-01 1.030999869108200073e-01 7.524356245994567871e-02 5.914287269115447998e-02 5.276183784008026123e-02 4.868675768375396729e-02 4.795065522193908691e-02 5.206821858882904053e-02 6.106455624103546143e-02 6.501351296901702881e-02 6.197252869606018066e-02 5.580900609493255615e-02 4.961408674716949463e-02 4.694464802742004395e-02 4.540282487869262695e-02 4.414768517017364502e-02 4.268710315227508545e-02 4.111398756504058838e-02 4.036943614482879639e-02 4.097351431846618652e-02 4.342362284660339355e-02 5.411925911903381348e-02 7.025223970413208008e-02 7.794609665870666504e-02 1.013681143522262573e-01 2.806844413280487061e-01 3.482139706611633301e-01 2.596363425254821777e-01 2.054272741079330444e-01 2.336455136537551880e-01 5.155748128890991211e-02 3.764560818672180176e-02 3.826825320720672607e-02 4.431352019309997559e-02 4.884783923625946045e-02 5.112908780574798584e-02 4.969534277915954590e-02 4.906816780567169189e-02 4.680564999580383301e-02 4.433079063892364502e-02 4.064424335956573486e-02 3.951574862003326416e-02 4.015593230724334717e-02 4.075576364994049072e-02 4.084992408752441406e-02 4.095409810543060303e-02 3.862649202346801758e-02 3.490406274795532227e-02 3.204865753650665283e-02 3.258557617664337158e-02 3.436474502086639404e-02 3.509885072708129883e-02 3.602959215641021729e-02
6.956838071346282959e-02 1.006641536951065063e-01 1.265766173601150513e-01 1.780637204647064209e-01 9.998283386230468750e-01 9.999706745147705078e-01 0.000000000000000000e+00 9.999860525131225586e-01 9.999305605888366699e-01 2.232581675052642822e-01 1.399578154087066650e-01 1.148070245981216431e-01 1.170367896556854248e-01 1.372006386518478394e-01 1.671852469444274902e-01 2.420902550220489502e-01 2.974863350391387939e-01 2.794992923736572266e-01 2.341260462999343872e-01 1.867657601833343506e-01 1.455560624599456787e-01 9.853608906269073486e-02 7.206900417804718018e-02 6.784245371818542480e-02 6.880833208560943604e-02 7.294104993343353271e-02 8.089417219161987305e-02 7.249291241168975830e-02 6.794963777065277100e-02 6.177157163619995117e-02 6.046092510223388672e-02 5.836997926235198975e-02 5.542431771755218506e-02 5.223867297172546387e-02 4.971867799758911133e-02 4.731804132461547852e-02 4.572048783302307129e-02 4.733119904994964600e-02 5.821652710437774658e-02 7.783581316471099854e-02 9.399101138114929199e-02 1.284308880567550659e-01 2.588227987289428711e-01 3.223327994346618652e-01 2.989011108875274658e-01 2.332582026720046997e-01 2.430499792098999023e-01 5.692416429519653320e-02 3.828908503055572510e-02 3.529639542102813721e-02 3.612345457077026367e-02 3.890796005725860596e-02 4.285183548927307129e-02 4.282552003860473633e-02 4.286794364452362061e-02 4.295024275779724121e-02 4.245688021183013916e-02 4.272551834583282471e-02 4.211761057376861572e-02 4.088379442691802979e-02 4.074291884899139404e-02 4.051838815212249756e-02 4.016609489917755127e-02 3.926205635070800781e-02 3.690452873706817627e-02 3.439050912857055664e-02 3.238378465175628662e-02 3.324824571609497070e-02 3.506526350975036621e-02 3.547993302345275879e-02 3.682345151901245117e-02
6.720043718814849854e-02 6.547316908836364746e-02 8.683441579341888428e-02 1.195742636919021606e-01 1.811629235744476318e-01 9.998995065689086914e-01 9.999860525131225586e-01 0.000000000000000000e+00 9.999914765357971191e-01 9.999352097511291504e-01 2.654722332954406738e-01 1.630754172801971436e-01 1.414770931005477905e-01 1.488478779792785645e-01 2.530235052108764648e-01 3.302913308143615723e-01 3.768349587917327881e-01 3.781315982341766357e-01 3.187834918498992920e-01 2.313317954540252686e-01 1.905325502157211304e-01 1.621900200843811035e-01 1.334168165922164917e-01 1.104686856269836426e-01 1.020530611276626587e-01 1.023128926753997803e-01 8.414186537265777588e-02 7.682396471500396729e-02 7.998953759670257568e-02 8.282871544361114502e-02 7.967188954353332520e-02 7.111921906471252441e-02 6.347021460533142090e-02 5.793802440166473389e-02 5.406618118286132812e-02 5.207921564579010010e-02 5.412393808364868164e-02 6.307303905487060547e-02 7.873113453388214111e-02 1.069138199090957642e-01 1.409547924995422363e-01 1.924996525049209595e-01 2.078192085027694702e-01 2.062898129224777222e-01 1.902371048927307129e-01 1.817085444927215576e-01 6.564758718013763428e-02 4.345841705799102783e-02 3.848914802074432373e-02 3.571432828903198242e-02 3.494651615619659424e-02 3.595153987407684326e-02 3.625503182411193848e-02 3.570058941841125488e-02 3.591066598892211914e-02 3.747627139091491699e-02 3.892131149768829346e-02 3.945003449916839600e-02 4.078866541385650635e-02 4.114192724227905273e-02 4.193452000617980957e-02 4.052869975566864014e-02 3.989757597446441650e-02 3.835003077983856201e-02 3.559106588363647461e-02 3.349548578262329102e-02 3.207142651081085205e-02 3.331080079078674316e-02 3.511258959770202637e-02 3.540162742137908936e-02 3.731448948383331299e-02
5.763278901576995850e-02 5.834591388702392578e-02 6.110578775405883789e-02 7.790626585483551025e-02 1.139381825923919678e-01 1.935255527496337891e-01 9.999305605888366699e-01 9.999914765357971191e-01 0.000000000000000000e+00 9.999924302101135254e-01 9.999310970306396484e-01 3.131949305534362793e-01 1.919410079717636108e-01 1.893298923969268799e-01 3.075399398803710938e-01 4.557442665100097656e-01 3.847772479057312012e-01 3.515314459800720215e-01 2.589978575706481934e-01 2.333249002695083618e-01 2.293670624494552612e-01 2.430440485477447510e-01 2.393057197332382202e-01 2.042382359504699707e-01 1.568426191806793213e-01 1.101730018854141235e-01 9.014257788658142090e-02 8.547826111316680908e-02 9.157596528530120850e-02 9.393942356109619141e-02 8.643393218517303467e-02 7.493813335895538330e-02 6.822785735130310059e-02 6.286950409412384033e-02 6.001934409141540527e-02 6.021808087825775146e-02 6.675171852111816406e-02 8.412122726440429688e-02 1.065683215856552124e-01 1.402650177478790283e-01 1.715454906225204468e-01 1.429739743471145630e-01 1.286491006612777710e-01 1.194962859153747559e-01 1.292621493339538574e-01 7.653994858264923096e-02 5.411022901535034180e-02 4.645882546901702881e-02 4.091161489486694336e-02 3.708037734031677246e-02 3.532277047634124756e-02 3.361165523529052734e-02 3.175069391727447510e-02 3.028810024261474609e-02 3.115488588809967041e-02 3.286200761795043945e-02 3.531818091869354248e-02 3.654555976390838623e-02 3.791806101799011230e-02 3.887505829334259033e-02 3.972508013248443604e-02 4.065930843353271484e-02 4.002954065799713135e-02 3.772054612636566162e-02 3.465268015861511230e-02 3.198973834514617920e-02 3.070981800556182861e-02 3.261956572532653809e-02 3.427037596702575684e-02 3.468665480613708496e-02 3.625485301017761230e-02
5.858074128627777100e-02 5.572645366191864014e-02 5.936874449253082275e-02 6.312818825244903564e-02 7.960951328277587891e-02 1.209814250469207764e-01 2.232581675052642822e-01 9.999352097511291504e-01 9.999924302101135254e-01 0.000000000000000000e+00 9.999928474426269531e-01 9.999341964721679688e-01 4.191921651363372803e-01 2.776772379875183105e-01 3.131367862224578857e-01 3.330336511135101318e-01 2.381105870008468628e-01 1.631829291582107544e-01 2.113703787326812744e-01 2.371929287910461426e-01 2.520890831947326660e-01 2.870080471038818359e-01 2.855225205421447754e-01 2.401769608259201050e-01 1.767968386411666870e-01 1.260629594326019287e-01 9.691953659057617188e-02 8.629305660724639893e-02 8.220946788787841797e-02 7.779721915721893311e-02 7.082015275955200195e-02 6.546707451343536377e-02 6.179578602313995361e-02 6.085586547851562500e-02 6.177587807178497314e-02 6.533795595169067383e-02 7.120598852634429932e-02 9.185113012790679932e-02 1.227745711803436279e-01 1.404679566621780396e-01 1.274079382419586182e-01 1.043506860733032227e-01 8.871583640575408936e-02 8.280161023139953613e-02 8.178929984569549561e-02 6.326064467430114746e-02 5.565461516380310059e-02 4.706427454948425293e-02 4.167285561561584473e-02 3.776633739471435547e-02 3.340336680412292480e-02 3.069424629211425781e-02 2.848361432552337646e-02 2.757520973682403564e-02 2.812102437019348145e-02 2.996727824211120605e-02 3.223934769630432129e-02 3.393502533435821533e-02 3.594113886356353760e-02 3.713017702102661133e-02 3.777325153350830078e-02 3.907495737075805664e-02 3.817093372344970703e-02 3.594575822353363037e-02 3.267748653888702393e-02 3.071554005146026611e-02 2.918525040149688721e-02 3.040979802608489990e-02 3.230206668376922607e-02 3.362701833248138428e-02 3.469158709049224854e-02
5.842669308185577393e-02 5.324152112007141113e-02 5.477094650268554688e-02 6.429691612720489502e-02 6.803824007511138916e-02 9.538680315017700195e-02 1.399578154087066650e-01 2.654722332954406738e-01 9.999310970306396484e-01 9.999928474426269531e-01 0.000000000000000000e+00 9.999940395355224609e-01 9.999498724937438965e-01 5.845468044281005859e-01 3.712078630924224854e-01 2.563351690769195557e-01 1.428417414426803589e-01 1.442864984273910522e-01 1.800923496484756470e-01 2.297221422195434570e-01 2.584595680236816406e-01 2.811142504215240479e-01 2.878893017768859863e-01 2.459088861942291260e-01 1.843540519475936890e-01 1.330438554286956787e-01 9.929755330085754395e-02 8.006531000137329102e-02 6.825554370880126953e-02 5.990710854530334473e-02 5.591410398483276367e-02 5.358329415321350098e-02 5.194063484668731689e-02 5.395120382308959961e-02 5.999656021595001221e-02 6.431613862514495850e-02 7.203292846679687500e-02 8.646748960018157959e-02 1.039942651987075806e-01 9.749712049961090088e-02 8.925062417984008789e-02 7.956327497959136963e-02 7.099276781082153320e-02 6.947351992130279541e-02 6.903448700904846191e-02 6.172092258930206299e-02 5.452899634838104248e-02 4.640237987041473389e-02 4.118715226650238037e-02 3.537988662719726562e-02 3.127788007259368896e-02 2.853892743587493896e-02 2.710187435150146484e-02 2.663421630859375000e-02 2.741079032421112061e-02 2.885493636131286621e-02 3.046678006649017334e-02 3.239153325557708740e-02 3.398326039314270020e-02 3.469465672969818115e-02 3.491222858428955078e-02 3.469631075859069824e-02 3.427475690841674805e-02 3.321896493434906006e-02 3.126350045204162598e-02 2.914178371429443359e-02 2.820564806461334229e-02 2.903492748737335205e-02 3.080746531486511230e-02 3.205575048923492432e-02 3.347732126712799072e-02
5.560852587223052979e-02 5.634488165378570557e-02 5.287922918796539307e-02 5.844326317310333252e-02 7.403476536273956299e-02 9.083391726016998291e-02 1.148070245981216431e-01 1.630754172801971436e-01 3.131949305534362793e-01 9.999341964721679688e-01 9.999940395355224609e-01 0.000000000000000000e+00 9.999966025352478027e-01 9.999626874923706055e-01 5.167911648750305176e-01 2.082889229059219360e-01 1.707504093647003174e-01 1.529397964477539062e-01 1.689602285623550415e-01 1.959778070449829102e-01 2.371546328067779541e-01 2.607944011688232422e-01 2.485538572072982788e-01 2.191089391708374023e-01 1.732411235570907593e-01 1.309201121330261230e-01 9.783132374286651611e-02 7.174964249134063721e-02 5.858543515205383301e-02 5.048111081123352051e-02 4.686321318149566650e-02 4.527412354946136475e-02 4.489009082317352295e-02 4.742147028446197510e-02 5.228023231029510498e-02 5.622009932994842529e-02 6.505843997001647949e-02 7.189290225505828857e-02 7.424376904964447021e-02 7.511135935783386230e-02 7.293477654457092285e-02 6.721577048301696777e-02 6.256628036499023438e-02 6.435798108577728271e-02 6.294043362140655518e-02 5.785609781742095947e-02 5.267493426799774170e-02 4.358443617820739746e-02 3.797981142997741699e-02 3.324852883815765381e-02 2.959333360195159912e-02 2.773645520210266113e-02 2.672401070594787598e-02 2.667130529880523682e-02 2.743208408355712891e-02 2.862466871738433838e-02 2.976836264133453369e-02 3.103682398796081543e-02 3.182403743267059326e-02 3.195278346538543701e-02 3.164960443973541260e-02 3.142447769641876221e-02 3.181360661983489990e-02 3.140331804752349854e-02 3.002886474132537842e-02 2.835720777511596680e-02 2.724085748195648193e-02 2.799955010414123535e-02 2.988414466381072998e-02 3.064139187335968018e-02 3.239697217941284180e-02
4.926024377346038818e-02 5.262085795402526855e-02 5.604918301105499268e-02 5.740593373775482178e-02 7.080891728401184082e-02 1.002324521541595459e-01 1.170367896556854248e-01 1.414770931005477905e-01 1.919410079717636108e-01 4.191921651363372803e-01 9.999498724937438965e-01 9.999966025352478027e-01 0.000000000000000000e+00 9.999968409538269043e-01 9.999616742134094238e-01 4.414976835250854492e-01 2.076981663703918457e-01 1.701390892267227173e-01 1.533155441284179688e-01 1.679223030805587769e-01 1.753352284431457520e-01 2.009689062833786011e-01 2.057174295186996460e-01 1.702032536268234253e-01 1.408075839281082153e-01 1.141297072172164917e-01 8.911445736885070801e-02 6.621114909648895264e-02 5.393140017986297607e-02 4.634743928909301758e-02 4.156225919723510742e-02 3.951004147529602051e-02 3.961640596389770508e-02 4.240918159484863281e-02 4.556664824485778809e-02 4.949468374252319336e-02 5.315154790878295898e-02 5.489426851272583008e-02 5.925650894641876221e-02 6.260851025581359863e-02 6.162835657596588135e-02 6.017212569713592529e-02 5.895201861858367920e-02 5.985170602798461914e-02 5.991955101490020752e-02 5.750136077404022217e-02 5.122339725494384766e-02 4.188485443592071533e-02 3.619706630706787109e-02 3.182937204837799072e-02 2.922309935092926025e-02 2.775353193283081055e-02 2.713342010974884033e-02 2.715753018856048584e-02 2.776145935058593750e-02 2.857647836208343506e-02 2.938245236873626709e-02 3.011211752891540527e-02 3.047764301300048828e-02 3.055189549922943115e-02 3.059525787830352783e-02 3.062656521797180176e-02 3.069344162940979004e-02 3.037609159946441650e-02 2.928239107131958008e-02 2.774709463119506836e-02 2.645196020603179932e-02 2.708773314952850342e-02 2.917605638504028320e-02 2.953737974166870117e-02 3.136950731277465820e-02
4.298648238182067871e-02 4.701988399028778076e-02 5.319105088710784912e-02 6.305618584156036377e-02 7.003995776176452637e-02 9.778615832328796387e-02 1.372006386518478394e-01 1.488478779792785645e-01 1.893298923969268799e-01 2.776772379875183105e-01 5.845468044281005859e-01 9.999626874923706055e-01 9.999968409538269043e-01 0.000000000000000000e+00 9.999971389770507812e-01 9.999698996543884277e-01 4.772230982780456543e-01 2.331571131944656372e-01 1.620615720748901367e-01 1.446593105792999268e-01 1.481641232967376709e-01 1.377155035734176636e-01 1.458603143692016602e-01 1.320987194776535034e-01 1.101344972848892212e-01 9.444820880889892578e-02 8.120815455913543701e-02 6.497944891452789307e-02 5.222599208354949951e-02 4.484283924102783203e-02 3.906469047069549561e-02 3.640922904014587402e-02 3.631782531738281250e-02 3.899134695529937744e-02 4.272095859050750732e-02 4.491007328033447266e-02 4.582874476909637451e-02 4.749374091625213623e-02 5.383926630020141602e-02 5.744826793670654297e-02 5.936138331890106201e-02 6.031450629234313965e-02 6.035557389259338379e-02 6.062749028205871582e-02 6.046602129936218262e-02 5.680505931377410889e-02 4.772183299064636230e-02 3.982883691787719727e-02 3.488384187221527100e-02 3.102849423885345459e-02 2.921423316001892090e-02 2.827702462673187256e-02 2.783335745334625244e-02 2.795405685901641846e-02 2.837102115154266357e-02 2.877797186374664307e-02 2.916067838668823242e-02 2.942603826522827148e-02 2.963085472583770752e-02 2.997687458992004395e-02 3.017476201057434082e-02 3.030721843242645264e-02 3.050267696380615234e-02 3.012013435363769531e-02 2.888134121894836426e-02 2.724331617355346680e-02 2.590061724185943604e-02 2.648711204528808594e-02 2.842912077903747559e-02 2.872112393379211426e-02 3.051078319549560547e-02
3.866082429885864258e-02 4.311501979827880859e-02 5.023854970932006836e-02 6.143422424793243408e-02 8.170056343078613281e-02 1.133180111646652222e-01 1.671852469444274902e-01 2.530235052108764648e-01 3.075399398803710938e-01 3.131367862224578857e-01 3.712078630924224854e-01 5.167911648750305176e-01 9.999616742134094238e-01 9.999971389770507812e-01 0.000000000000000000e+00 9.999974966049194336e-01 9.999746680259704590e-01 5.206846594810485840e-01 2.303293347358703613e-01 1.557709276676177979e-01 1.303925961256027222e-01 1.328310668468475342e-01 1.167729049921035767e-01 1.108562052249908447e-01 9.653533995151519775e-02 8.668071031570434570e-02 7.636988162994384766e-02 6.704084575176239014e-02 5.537809431552886963e-02 4.577569663524627686e-02 4.000709950923919678e-02 3.578372299671173096e-02 3.522345423698425293e-02 3.784728050231933594e-02 4.060417413711547852e-02 4.274851083755493164e-02 4.523681104183197021e-02 5.094353854656219482e-02 5.824337899684906006e-02 6.357038021087646484e-02 7.053437829017639160e-02 7.874383032321929932e-02 7.813103497028350830e-02 6.401325762271881104e-02 6.058356165885925293e-02 5.340062081813812256e-02 4.447685182094573975e-02 3.844220936298370361e-02 3.334242105484008789e-02 3.054182231426239014e-02 2.946421504020690918e-02 2.878686785697937012e-02 2.856618165969848633e-02 2.871622145175933838e-02 2.888828516006469727e-02 2.899913489818572998e-02 2.901917695999145508e-02 2.905026078224182129e-02 2.927955985069274902e-02 2.967739105224609375e-02 2.988588809967041016e-02 3.008988499641418457e-02 3.036352992057800293e-02 2.993525564670562744e-02 2.863900363445281982e-02 2.698148787021636963e-02 2.560721337795257568e-02 2.610845863819122314e-02 2.789045870304107666e-02 2.810998260974884033e-02 2.986858785152435303e-02
3.692911565303802490e-02 3.946854174137115479e-02 4.771065711975097656e-02 6.103001534938812256e-02 8.357924222946166992e-02 1.518881916999816895e-01 2.420902550220489502e-01 3.302913308143615723e-01 4.557442665100097656e-01 3.330336511135101318e-01 2.563351690769195557e-01 2.082889229059219360e-01 4.414976835250854492e-01 9.999698996543884277e-01 9.999974966049194336e-01 0.000000000000000000e+00 9.999979734420776367e-01 9.999766349792480469e-01 5.049844980239868164e-01 2.238224893808364868e-01 1.443001776933670044e-01 1.207931488752365112e-01 1.231801807880401611e-01 1.027884781360626221e-01 9.341059625148773193e-02 8.319623768329620361e-02 7.723538577556610107e-02 6.919518113136291504e-02 6.203630566596984863e-02 5.230470001697540283e-02 4.464045166969299316e-02 3.932575881481170654e-02 3.741313517093658447e-02 3.894540667533874512e-02 4.085360467433929443e-02 4.507251083850860596e-02 5.306646227836608887e-02 6.228253245353698730e-02 6.981532275676727295e-02 8.145195245742797852e-02 1.167836934328079224e-01 1.370336413383483887e-01 1.003872305154800415e-01 7.512293756008148193e-02 5.960042774677276611e-02 4.937504231929779053e-02 4.185572266578674316e-02 3.669846057891845703e-02 3.232698142528533936e-02 3.036746382713317871e-02 2.953512966632843018e-02 2.915513515472412109e-02 2.901712059974670410e-02 2.915869653224945068e-02 2.922186255455017090e-02 2.918171882629394531e-02 2.903679013252258301e-02 2.906379103660583496e-02 2.930246293544769287e-02 2.946981787681579590e-02 2.978499233722686768e-02 3.000761568546295166e-02 3.022795915603637695e-02 2.970512211322784424e-02 2.847963571548461914e-02 2.679601311683654785e-02 2.545747160911560059e-02 2.592904865741729736e-02 2.753388881683349609e-02 2.768141031265258789e-02 2.942779660224914551e-02
3.633821010589599609e-02 3.766980767250061035e-02 4.505865275859832764e-02 6.081025302410125732e-02 8.998145163059234619e-02 1.656684428453445435e-01 2.974863350391387939e-01 3.768349587917327881e-01 3.847772479057312012e-01 2.381105870008468628e-01 1.428417414426803589e-01 1.707504093647003174e-01 2.076981663703918457e-01 4.772230982780456543e-01 9.999746680259704590e-01 9.999979734420776367e-01 0.000000000000000000e+00 9.999982118606567383e-01 9.999786615371704102e-01 4.718434512615203857e-01 2.129956632852554321e-01 1.339725255966186523e-01 1.138536185026168823e-01 1.156888753175735474e-01 9.140254557132720947e-02 8.335518836975097656e-02 7.932896912097930908e-02 7.492774724960327148e-02 6.984031200408935547e-02 6.297279894351959229e-02 5.460256338119506836e-02 4.618035256862640381e-02 4.214479029178619385e-02 4.196819663047790527e-02 4.533836245536804199e-02 5.431103706359863281e-02 7.234007120132446289e-02 8.063820004463195801e-02 9.045518934726715088e-02 1.501714587211608887e-01 2.483846992254257202e-01 1.857294738292694092e-01 1.143570393323898315e-01 7.411976158618927002e-02 5.448585748672485352e-02 4.578724503517150879e-02 4.012672603130340576e-02 3.473798930644989014e-02 3.093850612640380859e-02 2.996742725372314453e-02 2.943320572376251221e-02 2.916043996810913086e-02 2.920155227184295654e-02 2.936111390590667725e-02 2.946077287197113037e-02 2.942754328250885010e-02 2.937161922454833984e-02 2.944378554821014404e-02 2.935950458049774170e-02 2.942816913127899170e-02 2.963319420814514160e-02 2.980485558509826660e-02 2.995495498180389404e-02 2.945631742477416992e-02 2.829243242740631104e-02 2.662914991378784180e-02 2.533963322639465332e-02 2.575871348381042480e-02 2.730911970138549805e-02 2.737128734588623047e-02 2.906200289726257324e-02
3.608810901641845703e-02 3.670369088649749756e-02 4.299543797969818115e-02 5.871844291687011719e-02 9.602341055870056152e-02 1.748654693365097046e-01 2.794992923736572266e-01 3.781315982341766357e-01 3.515314459800720215e-01 1.631829291582107544e-01 1.442864984273910522e-01 1.529397964477539062e-01 1.701390892267227173e-01 2.331571131944656372e-01 5.206846594810485840e-01 9.999766349792480469e-01 9.999982118606567383e-01 0.000000000000000000e+00 9.999984502792358398e-01 9.999821186065673828e-01 4.364445507526397705e-01 2.028056979179382324e-01 1.260688900947570801e-01 1.065595895051956177e-01 1.086403578519821167e-01 8.814054727554321289e-02 8.444558084011077881e-02 8.372424542903900146e-02 8.070088922977447510e-02 7.622964680194854736e-02 6.939305365085601807e-02 6.236119568347930908e-02 5.348776280879974365e-02 5.121316015720367432e-02 5.768619477748870850e-02 7.021223008632659912e-02 8.632749319076538086e-02 9.543086588382720947e-02 1.658919751644134521e-01 3.854036331176757812e-01 3.190911114215850830e-01 1.799854487180709839e-01 1.025901734828948975e-01 7.104337215423583984e-02 5.210828781127929688e-02 4.508987069129943848e-02 3.825996816158294678e-02 3.256715834140777588e-02 3.000278770923614502e-02 2.932542562484741211e-02 2.905076742172241211e-02 2.892427146434783936e-02 2.910751104354858398e-02 2.935232222080230713e-02 2.949275076389312744e-02 2.948801219463348389e-02 2.946533262729644775e-02 2.943396568298339844e-02 2.933913469314575195e-02 2.926924824714660645e-02 2.931752800941467285e-02 2.944415807723999023e-02 2.958434820175170898e-02 2.915571630001068115e-02 2.808703482151031494e-02 2.649551630020141602e-02 2.524079382419586182e-02 2.560445666313171387e-02 2.716854214668273926e-02 2.713747322559356689e-02 2.878721058368682861e-02
3.618034720420837402e-02 3.661814332008361816e-02 4.111848771572113037e-02 5.280736088752746582e-02 8.079504966735839844e-02 1.454665660858154297e-01 2.341260462999343872e-01 3.187834918498992920e-01 2.589978575706481934e-01 2.113703787326812744e-01 1.800923496484756470e-01 1.689602285623550415e-01 1.533155441284179688e-01 1.620615720748901367e-01 2.303293347358703613e-01 5.049844980239868164e-01 9.999786615371704102e-01 9.999984502792358398e-01 0.000000000000000000e+00 9.999988079071044922e-01 9.999858736991882324e-01 4.125737547874450684e-01 1.944878548383712769e-01 1.223256736993789673e-01 1.024329662322998047e-01 1.057185083627700806e-01 9.631863236427307129e-02 9.780646860599517822e-02 9.957924485206604004e-02 9.646162390708923340e-02 8.983926475048065186e-02 8.235587179660797119e-02 7.791408896446228027e-02 7.555063068866729736e-02 8.641661703586578369e-02 9.397684037685394287e-02 1.138710379600524902e-01 2.030822336673736572e-01 3.966718316078186035e-01 4.037827551364898682e-01 2.724754214286804199e-01 1.408878713846206665e-01 1.189732104539871216e-01 5.864006280899047852e-02 4.926906526088714600e-02 4.232466220855712891e-02 3.539277613162994385e-02 3.071683645248413086e-02 2.941311895847320557e-02 2.886214852333068848e-02 2.852027118206024170e-02 2.863328158855438232e-02 2.895845472812652588e-02 2.924357354640960693e-02 2.933797240257263184e-02 2.936321496963500977e-02 2.936026453971862793e-02 2.929599583148956299e-02 2.915659546852111816e-02 2.900032699108123779e-02 2.898266911506652832e-02 2.908244729042053223e-02 2.925749123096466064e-02 2.890974283218383789e-02 2.795188128948211670e-02 2.642409503459930420e-02 2.519948780536651611e-02 2.550134062767028809e-02 2.708582580089569092e-02 2.698431909084320068e-02 2.861361205577850342e-02
3.613556921482086182e-02 3.640991449356079102e-02 3.771904110908508301e-02 4.309877753257751465e-02 6.081141531467437744e-02 1.030999869108200073e-01 1.867657601833343506e-01 2.313317954540252686e-01 2.333249002695083618e-01 2.371929287910461426e-01 2.297221422195434570e-01 1.959778070449829102e-01 1.679223030805587769e-01 1.446593105792999268e-01 1.557709276676177979e-01 2.238224893808364868e-01 4.718434512615203857e-01 9.999821186065673828e-01 9.999988079071044922e-01 0.000000000000000000e+00 9.999990463256835938e-01 9.999889731407165527e-01 3.967401385307312012e-01 1.836172491312026978e-01 1.168145984411239624e-01 1.062758266925811768e-01 1.192794889211654663e-01 1.146436631679534912e-01 1.272908151149749756e-01 1.287900954484939575e-01 1.195057332515716553e-01 1.170471459627151489e-01 1.205342710018157959e-01 1.395861357450485229e-01 1.446669995784759521e-01 1.496045142412185669e-01 2.159382402896881104e-01 4.243004918098449707e-01 4.061968922615051270e-01 3.325011730194091797e-01 1.795711219310760498e-01 1.587108522653579712e-01 5.886253714561462402e-02 5.257457494735717773e-02 4.472976922988891602e-02 3.678482770919799805e-02 3.167058527469635010e-02 2.991135418415069580e-02 2.905087172985076904e-02 2.846437692642211914e-02 2.832755446434020996e-02 2.861213684082031250e-02 2.899311482906341553e-02 2.917017042636871338e-02 2.928750216960906982e-02 2.930812537670135498e-02 2.926902472972869873e-02 2.908430993556976318e-02 2.891667187213897705e-02 2.875682711601257324e-02 2.870808541774749756e-02 2.883894741535186768e-02 2.907691895961761475e-02 2.878436446189880371e-02 2.790929377079010010e-02 2.642209827899932861e-02 2.522452175617218018e-02 2.547632157802581787e-02 2.705328166484832764e-02 2.690100669860839844e-02 2.848827838897705078e-02
3.556801378726959229e-02 3.513717651367187500e-02 3.533899784088134766e-02 3.933337330818176270e-02 4.932573437690734863e-02 7.524356245994567871e-02 1.455560624599456787e-01 1.905325502157211304e-01 2.293670624494552612e-01 2.520890831947326660e-01 2.584595680236816406e-01 2.371546328067779541e-01 1.753352284431457520e-01 1.481641232967376709e-01 1.303925961256027222e-01 1.443001776933670044e-01 2.129956632852554321e-01 4.364445507526397705e-01 9.999858736991882324e-01 9.999990463256835938e-01 0.000000000000000000e+00 9.999992847442626953e-01 9.999908804893493652e-01 3.592977523803710938e-01 1.808146834373474121e-01 1.234006136655807495e-01 1.179663240909576416e-01 1.330792605876922607e-01 1.395879089832305908e-01 1.532177925109863281e-01 1.592075377702713013e-01 1.565165966749191284e-01 1.823805719614028931e-01 2.350646555423736572e-01 2.464962154626846313e-01 2.837870717048645020e-01 3.802232742309570312e-01 3.887594938278198242e-01 3.273250460624694824e-01 2.022923380136489868e-01 1.860572546720504761e-01 5.958934128284454346e-02 5.350477993488311768e-02 4.566311836242675781e-02 3.766107559204101562e-02 3.227484226226806641e-02 3.040996193885803223e-02 2.927659451961517334e-02 2.856084704399108887e-02 2.829015254974365234e-02 2.841940522193908691e-02 2.879796922206878662e-02 2.909280359745025635e-02 2.931568026542663574e-02 2.939696609973907471e-02 2.938379347324371338e-02 2.923804521560668945e-02 2.896808087825775146e-02 2.872991561889648438e-02 2.853395044803619385e-02 2.850395441055297852e-02 2.868351340293884277e-02 2.898135781288146973e-02 2.874904870986938477e-02 2.790898084640502930e-02 2.646727859973907471e-02 2.527855336666107178e-02 2.550487220287322998e-02 2.706772089004516602e-02 2.688749134540557861e-02 2.839590609073638916e-02
3.462013602256774902e-02 3.344988822937011719e-02 3.387460112571716309e-02 3.715834021568298340e-02 4.411630332469940186e-02 5.914287269115447998e-02 9.853608906269073486e-02 1.621900200843811035e-01 2.430440485477447510e-01 2.870080471038818359e-01 2.811142504215240479e-01 2.607944011688232422e-01 2.009689062833786011e-01 1.377155035734176636e-01 1.328310668468475342e-01 1.207931488752365112e-01 1.339725255966186523e-01 2.028056979179382324e-01 4.125737547874450684e-01 9.999889731407165527e-01 9.999992847442626953e-01 0.000000000000000000e+00 9.999992847442626953e-01 9.999915361404418945e-01 3.427281081676483154e-01 1.833621263504028320e-01 1.348969638347625732e-01 1.308467537164688110e-01 1.413233727216720581e-01 1.504318565130233765e-01 1.680458784103393555e-01 1.982921510934829712e-01 2.479914277791976929e-01 3.362815976142883301e-01 3.870357871055603027e-01 4.331932663917541504e-01 4.111069440841674805e-01 3.409799635410308838e-01 2.248488962650299072e-01 1.815502196550369263e-01 6.507726013660430908e-02 5.310347676277160645e-02 4.524613916873931885e-02 3.781832754611968994e-02 3.273515403270721436e-02 3.053097426891326904e-02 2.924324572086334229e-02 2.840861678123474121e-02 2.816095948219299316e-02 2.831076085567474365e-02 2.861398458480834961e-02 2.906142175197601318e-02 2.939142286777496338e-02 2.957051992416381836e-02 2.963373064994812012e-02 2.954384684562683105e-02 2.924624085426330566e-02 2.889518439769744873e-02 2.857901155948638916e-02 2.838093042373657227e-02 2.838258445262908936e-02 2.859917283058166504e-02 2.892610430717468262e-02 2.874484658241271973e-02 2.793075144290924072e-02 2.655352652072906494e-02 2.536404132843017578e-02 2.558188140392303467e-02 2.711234986782073975e-02 2.688874304294586182e-02 2.831864356994628906e-02
