0.000000000000000000e+00 9.991414546966552734e-01 9.989247322082519531e-01 1.338630318641662598e-01 1.312180310487747192e-01 1.189473867416381836e-01 8.526030182838439941e-02 8.623644709587097168e-02 7.707332074642181396e-02 7.596933841705322266e-02 6.668919324874877930e-02 5.751410126686096191e-02 5.133625864982604980e-02 4.497522115707397461e-02 3.848724067211151123e-02 3.498958051204681396e-02 3.372694551944732666e-02 3.376212716102600098e-02 3.434304893016815186e-02 3.491479158401489258e-02 3.547799587249755859e-02 3.535357117652893066e-02 3.513607382774353027e-02 3.481774032115936279e-02 3.463040292263031006e-02 3.495270013809204102e-02 3.605201840400695801e-02 3.893697261810302734e-02 4.125812649726867676e-02 4.414659738540649414e-02 4.797190427780151367e-02 5.149388313293457031e-02 4.854935407638549805e-02 4.314947128295898438e-02 4.142367839813232422e-02 4.019407927989959717e-02 3.878733515739440918e-02 3.854998946189880371e-02 3.831310570240020752e-02 3.770393133163452148e-02 3.811453282833099365e-02 3.871455788612365723e-02 3.858472406864166260e-02 3.742386400699615479e-02 3.641504049301147461e-02 3.581890463829040527e-02 3.559339046478271484e-02 3.500944375991821289e-02 3.445549309253692627e-02 3.426942229270935059e-02 3.478571772575378418e-02 3.558711707592010498e-02 3.616181015968322754e-02 3.628249466419219971e-02 3.607386350631713867e-02 3.619652986526489258e-02 3.639291226863861084e-02 3.630793094635009766e-02 4.009743034839630127e-02 6.968325376510620117e-02 1.850277334451675415e-01 1.666241735219955444e-01 6.456719338893890381e-02 7.130330801010131836e-02 5.252091884613037109e-01 6.624991893768310547e-01 6.899749040603637695e-01 6.987639665603637695e-01 4.858900308609008789e-01
9.991414546966552734e-01 0.000000000000000000e+00 9.996647834777832031e-01 9.996535778045654297e-01 1.534936875104904175e-01 1.458322554826736450e-01 1.185727268457412720e-01 8.312486112117767334e-02 7.850947976112365723e-02 7.222078740596771240e-02 6.075207889080047607e-02 5.667087435722351074e-02 5.230998992919921875e-02 4.785336554050445557e-02 4.290074110031127930e-02 3.857417404651641846e-02 3.581897914409637451e-02 3.522837162017822266e-02 3.526407480239868164e-02 3.485387563705444336e-02 3.434045612812042236e-02 3.402844071388244629e-02 3.361038863658905029e-02 3.309051692485809326e-02 3.318165242671966553e-02 3.319898247718811035e-02 3.437933325767517090e-02 3.683339059352874756e-02 4.031127691268920898e-02 4.590860009193420410e-02 4.938088357448577881e-02 5.214856564998626709e-02 4.869484901428222656e-02 4.298284649848937988e-02 3.935380280017852783e-02 3.754512965679168701e-02 3.647959232330322266e-02 3.604526817798614502e-02 3.634452819824218750e-02 3.635145723819732666e-02 3.659759461879730225e-02 3.756777942180633545e-02 3.769589960575103760e-02 3.753736615180969238e-02 3.707082569599151611e-02 3.631733357906341553e-02 3.494828939437866211e-02 3.345182538032531738e-02 3.327493369579315186e-02 3.356470167636871338e-02 3.423412144184112549e-02 3.526186943054199219e-02 3.594136238098144531e-02 3.642512857913970947e-02 3.671695291996002197e-02 3.661184012889862061e-02 3.599207103252410889e-02 3.715907037258148193e-02 4.748912155628204346e-02 1.175948828458786011e-01 1.288465261459350586e-01 6.832870841026306152e-02 7.187838852405548096e-02 5.446673035621643066e-01 5.229957699775695801e-01 5.639656782150268555e-01 6.487644910812377930e-01 6.580300331115722656e-01 4.822710156440734863e-02
9.989247322082519531e-01 9.996647834777832031e-01 0.000000000000000000e+00 9.998366832733154297e-01 9.993887543678283691e-01 1.707906275987625122e-01 1.431053727865219116e-01 1.038461178541183472e-01 8.108855783939361572e-02 7.557974755764007568e-02 6.382240355014801025e-02 5.436833202838897705e-02 5.359324812889099121e-02 5.057707428932189941e-02 4.864308238029479980e-02 4.615126550197601318e-02 4.291580617427825928e-02 4.167783260345458984e-02 4.074792563915252686e-02 3.842262923717498779e-02 3.655983507633209229e-02 3.506508469581604004e-02 3.455668687820434570e-02 3.490275144577026367e-02 3.506013751029968262e-02 3.534729778766632080e-02 3.752960264682769775e-02 4.145377874374389648e-02 4.455436766147613525e-02 4.832597076892852783e-02 5.208194255828857422e-02 5.227264761924743652e-02 4.633626341819763184e-02 3.992135822772979736e-02 3.830413520336151123e-02 3.647997975349426270e-02 3.635251522064208984e-02 3.641642630100250244e-02 3.644785284996032715e-02 3.773286938667297363e-02 3.904312849044799805e-02 3.922036290168762207e-02 3.813898563385009766e-02 3.785306215286254883e-02 3.725701570510864258e-02 3.582841157913208008e-02 3.407268226146697998e-02 3.315334022045135498e-02 3.336904942989349365e-02 3.428483009338378906e-02 3.525269031524658203e-02 3.630642592906951904e-02 3.659984469413757324e-02 3.696119785308837891e-02 3.762848675251007080e-02 3.784552216529846191e-02 3.886690735816955566e-02 4.495753347873687744e-02 6.467954814434051514e-02 8.918330073356628418e-02 7.069680094718933105e-02 7.887651026248931885e-02 5.072547197341918945e-01 4.178228080272674561e-01 3.225197196006774902e-01 4.167934656143188477e-01 7.314434051513671875e-01 4.826730489730834961e-02 4.665438830852508545e-02
1.338630318641662598e-01 9.996535778045654297e-01 9.998366832733154297e-01 0.000000000000000000e+00 9.998471736907958984e-01 9.997025728225708008e-01 1.925755143165588379e-01 1.401599347591400146e-01 9.381176531314849854e-02 7.350994646549224854e-02 6.955952942371368408e-02 6.090728938579559326e-02 5.484175682067871094e-02 5.598443746566772461e-02 5.409575998783111572e-02 5.347120761871337891e-02 5.306096374988555908e-02 5.257204174995422363e-02 4.902949929237365723e-02 4.453115165233612061e-02 4.046252369880676270e-02 3.805604577064514160e-02 3.736630082130432129e-02 3.641310334205627441e-02 3.585922718048095703e-02 3.714567422866821289e-02 4.151634871959686279e-02 4.722079634666442871e-02 5.007697641849517822e-02 5.560922622680664062e-02 6.081607937812805176e-02 5.252644419670104980e-02 4.382489621639251709e-02 4.100443422794342041e-02 4.072105884552001953e-02 3.949025273323059082e-02 3.836190700531005859e-02 3.886972367763519287e-02 3.974747657775878906e-02 4.132239520549774170e-02 4.153570532798767090e-02 4.124026000499725342e-02 4.093474149703979492e-02 4.046644270420074463e-02 3.919120132923126221e-02 3.855630755424499512e-02 3.678458929061889648e-02 3.669264912605285645e-02 3.750984370708465576e-02 3.873136639595031738e-02 4.046562314033508301e-02 4.160980880260467529e-02 4.190832376480102539e-02 4.206901788711547852e-02 4.140892624855041504e-02 4.158636927604675293e-02 4.427646100521087646e-02 5.363886058330535889e-02 6.462852656841278076e-02 8.607068657875061035e-02 1.024421900510787964e-01 3.250172734260559082e-01 4.826819300651550293e-01 3.710166513919830322e-01 2.416595071554183960e-01 5.790784358978271484e-01 5.539728701114654541e-02 4.457084834575653076e-02 4.590633511543273926e-02
1.312180310487747192e-01 1.534936875104904175e-01 9.993887543678283691e-01 9.998471736907958984e-01 0.000000000000000000e+00 9.999399781227111816e-01 9.998742341995239258e-01 2.034946680068969727e-01 1.339927613735198975e-01 8.792635798454284668e-02 6.968922913074493408e-02 6.778353452682495117e-02 6.448175013065338135e-02 6.061567366123199463e-02 6.488761305809020996e-02 6.532754004001617432e-02 6.819207966327667236e-02 6.697870790958404541e-02 6.072477996349334717e-02 5.238285660743713379e-02 4.700420796871185303e-02 4.289445281028747559e-02 4.020333290100097656e-02 3.804294764995574951e-02 3.755854070186614990e-02 4.278634488582611084e-02 4.988104104995727539e-02 5.636073648929595947e-02 6.103572249412536621e-02 6.857827305793762207e-02 6.607194244861602783e-02 5.137583613395690918e-02 4.400078952312469482e-02 4.158060252666473389e-02 3.975713253021240234e-02 3.885236382484436035e-02 3.883233666419982910e-02 3.991295397281646729e-02 4.183277487754821777e-02 4.448172450065612793e-02 4.566434025764465332e-02 4.688937962055206299e-02 4.712729156017303467e-02 4.553216695785522461e-02 4.401099681854248047e-02 4.209865629673004150e-02 3.963300585746765137e-02 4.004795849323272705e-02 4.098501801490783691e-02 4.274301230907440186e-02 4.398873448371887207e-02 4.485011100769042969e-02 4.492555558681488037e-02 4.369148612022399902e-02 4.352797567844390869e-02 4.493111371994018555e-02 5.117018520832061768e-02 6.332784891128540039e-02 7.601818442344665527e-02 1.039362847805023193e-01 2.125852704048156738e-01 3.531078696250915527e-01 3.761393427848815918e-01 2.628945708274841309e-01 3.185425400733947754e-01 5.431029200553894043e-02 3.928448259830474854e-02 3.729479014873504639e-02 4.320189356803894043e-02
1.189473867416381836e-01 1.458322554826736450e-01 1.707906275987625122e-01 9.997025728225708008e-01 9.999399781227111816e-01 0.000000000000000000e+00 9.999808073043823242e-01 9.999451637268066406e-01 2.216688692569732666e-01 1.383446604013442993e-01 8.938378095626831055e-02 7.886421680450439453e-02 7.943834364414215088e-02 7.707701623439788818e-02 7.823996245861053467e-02 8.829142153263092041e-02 8.715383708477020264e-02 8.243107795715332031e-02 7.404665648937225342e-02 6.583003699779510498e-02 5.909289419651031494e-02 5.341684818267822266e-02 4.751275479793548584e-02 4.479439556598663330e-02 4.911068081855773926e-02 5.648489296436309814e-02 6.109587848186492920e-02 7.551620900630950928e-02 9.065544605255126953e-02 1.003595143556594849e-01 7.398402690887451172e-02 5.814734101295471191e-02 5.219227075576782227e-02 4.598382115364074707e-02 4.247277975082397461e-02 4.160860180854797363e-02 4.307338595390319824e-02 4.567021131515502930e-02 5.035041272640228271e-02 5.480739474296569824e-02 5.335375666618347168e-02 5.260734260082244873e-02 5.383202433586120605e-02 5.314882099628448486e-02 5.123898386955261230e-02 4.972429573535919189e-02 4.895131289958953857e-02 5.075226724147796631e-02 5.370618402957916260e-02 5.640821158885955811e-02 5.817940831184387207e-02 5.780044198036193848e-02 5.454060435295104980e-02 5.212837457656860352e-02 5.287802219390869141e-02 5.540439486503601074e-02 5.996459722518920898e-02 6.842425465583801270e-02 8.811953663825988770e-02 1.613953411579132080e-01 2.122116088867187500e-01 2.523712515830993652e-01 2.645233869552612305e-01 2.624108195304870605e-01 6.238742172718048096e-02 4.172749817371368408e-02 3.541545569896697998e-02 3.568743169307708740e-02 3.974328935146331787e-02
8.526030182838439941e-02 1.185727268457412720e-01 1.431053727865219116e-01 1.925755143165588379e-01 9.998742341995239258e-01 9.999808073043823242e-01 0.000000000000000000e+00 9.999927282333374023e-01 9.999716281890869141e-01 2.434005290269851685e-01 1.485073864459991455e-01 9.987249970436096191e-02 9.561650454998016357e-02 1.128635257482528687e-01 1.078336238861083984e-01 1.121343076229095459e-01 1.145909875631332397e-01 1.007954180240631104e-01 9.392419457435607910e-02 8.415146172046661377e-02 8.855012059211730957e-02 7.973985373973846436e-02 7.113152742385864258e-02 6.840017437934875488e-02 7.138027250766754150e-02 7.571756839752197266e-02 8.077764511108398438e-02 1.247164905071258545e-01 1.788821816444396973e-01 1.256457865238189697e-01 9.045884013175964355e-02 6.846578419208526611e-02 5.713243782520294189e-02 4.986734688282012939e-02 4.863694310188293457e-02 4.853793978691101074e-02 5.091682076454162598e-02 5.638749897480010986e-02 6.156133115291595459e-02 6.500966846942901611e-02 6.070968508720397949e-02 5.865257978439331055e-02 5.859307944774627686e-02 5.807541310787200928e-02 5.777513980865478516e-02 6.108094751834869385e-02 6.609550118446350098e-02 7.370200753211975098e-02 7.909964025020599365e-02 8.461149036884307861e-02 8.781702816486358643e-02 7.823142409324645996e-02 6.845891475677490234e-02 6.100656092166900635e-02 6.082531809806823730e-02 6.192964315414428711e-02 6.359668076038360596e-02 7.284262776374816895e-02 9.139947593212127686e-02 1.029015183448791504e-01 1.272179782390594482e-01 1.352968961000442505e-01 1.916809082031250000e-01 6.821247935295104980e-02 4.605402052402496338e-02 3.800053894519805908e-02 3.429313004016876221e-02 3.311277925968170166e-02 3.637680411338806152e-02
8.623644709587097168e-02 8.312486112117767334e-02 1.038461178541183472e-01 1.401599347591400146e-01 2.034946680068969727e-01 9.999451637268066406e-01 9.999927282333374023e-01 0.000000000000000000e+00 9.999964237213134766e-01 9.999792575836181641e-01 2.694394290447235107e-01 1.698110401630401611e-01 1.170450299978256226e-01 1.116139739751815796e-01 1.498593837022781372e-01 1.375397592782974243e-01 1.406730711460113525e-01 1.336652040481567383e-01 1.253609955310821533e-01 1.359807252883911133e-01 1.602201908826828003e-01 2.344188541173934937e-01 2.267089188098907471e-01 1.882127523422241211e-01 1.429717391729354858e-01 1.085073798894882202e-01 1.365970373153686523e-01 2.838956415653228760e-01 2.545926272869110107e-01 1.917217224836349487e-01 1.013032943010330200e-01 7.362894713878631592e-02 5.995009839534759521e-02 5.735144019126892090e-02 5.431622266769409180e-02 5.393514037132263184e-02 5.867409706115722656e-02 6.488279998302459717e-02 6.639075279235839844e-02 6.459301710128784180e-02 6.184692680835723877e-02 5.999545753002166748e-02 6.099000573158264160e-02 5.878472328186035156e-02 5.876111984252929688e-02 6.745095551013946533e-02 7.269982993602752686e-02 7.602114975452423096e-02 8.119352161884307861e-02 8.622319996356964111e-02 8.319815993309020996e-02 7.778245210647583008e-02 6.801412999629974365e-02 6.534451246261596680e-02 6.279166042804718018e-02 6.016585230827331543e-02 6.047908961772918701e-02 6.290686130523681641e-02 6.185124814510345459e-02 7.228845357894897461e-02 7.116642594337463379e-02 8.242918550968170166e-02 7.066743075847625732e-02 5.133834481239318848e-02 4.390804469585418701e-02 3.786322474479675293e-02 3.256468474864959717e-02 3.155605494976043701e-02 3.351484239101409912e-02
7.707332074642181396e-02 7.850947976112365723e-02 8.108855783939361572e-02 9.381176531314849854e-02 1.339927613735198975e-01 2.216688692569732666e-01 9.999716281890869141e-01 9.999964237213134766e-01 0.000000000000000000e+00 9.999973177909851074e-01 9.999825954437255859e-01 2.883210778236389160e-01 1.879509389400482178e-01 1.345572471618652344e-01 1.279044598340988159e-01 1.439438164234161377e-01 1.542346626520156860e-01 1.672866791486740112e-01 1.840455532073974609e-01 2.127775996923446655e-01 3.536480665206909180e-01 4.294939041137695312e-01 4.233569502830505371e-01 3.386434316635131836e-01 1.491312235593795776e-01 1.505125015974044800e-01 4.336660206317901611e-01 4.318544864654541016e-01 3.586792349815368652e-01 2.025987207889556885e-01 1.300657689571380615e-01 8.115516602993011475e-02 6.588362157344818115e-02 6.400060653686523438e-02 6.166900694370269775e-02 6.141711771488189697e-02 6.421212852001190186e-02 6.513439118862152100e-02 6.345985829830169678e-02 6.042195856571197510e-02 6.010022759437561035e-02 5.967424809932708740e-02 5.845046043395996094e-02 5.701863765716552734e-02 5.749976634979248047e-02 6.242953240871429443e-02 6.698018312454223633e-02 7.488206028938293457e-02 8.198094367980957031e-02 8.004422485828399658e-02 7.534469664096832275e-02 7.393257319927215576e-02 6.734573841094970703e-02 6.621122360229492188e-02 6.253452599048614502e-02 5.958972871303558350e-02 5.717262625694274902e-02 5.182713270187377930e-02 5.329920351505279541e-02 5.575342476367950439e-02 5.668950080871582031e-02 5.491371452808380127e-02 4.898235201835632324e-02 4.387149214744567871e-02 3.928251564502716064e-02 3.432841598987579346e-02 3.148047626018524170e-02 3.008541464805603027e-02 3.161615133285522461e-02
7.596933841705322266e-02 7.222078740596771240e-02 7.557974755764007568e-02 7.350994646549224854e-02 8.792635798454284668e-02 1.383446604013442993e-01 2.434005290269851685e-01 9.999792575836181641e-01 9.999973177909851074e-01 0.000000000000000000e+00 9.999976158142089844e-01 9.999845027923583984e-01 2.841494679450988770e-01 1.907853037118911743e-01 1.471417546272277832e-01 1.338299065828323364e-01 1.373303383588790894e-01 1.481098830699920654e-01 1.707473099231719971e-01 2.567806243896484375e-01 3.861346840858459473e-01 4.829581975936889648e-01 4.764836132526397705e-01 1.732811480760574341e-01 1.500214338302612305e-01 5.901931524276733398e-01 5.538917779922485352e-01 4.850586056709289551e-01 3.847196698188781738e-01 2.946253120899200439e-01 1.136641800403594971e-01 7.600755989551544189e-02 7.012021541595458984e-02 7.049630582332611084e-02 6.786687672138214111e-02 6.418891251087188721e-02 6.175807118415832520e-02 5.883769690990447998e-02 5.692073702812194824e-02 5.714614689350128174e-02 5.739851295948028564e-02 5.696883797645568848e-02 5.423851311206817627e-02 5.360445380210876465e-02 5.465677380561828613e-02 5.507537722587585449e-02 5.922769010066986084e-02 6.451357901096343994e-02 6.727352738380432129e-02 6.948396563529968262e-02 6.858944892883300781e-02 6.778909265995025635e-02 6.307061016559600830e-02 6.061813235282897949e-02 5.638371407985687256e-02 5.194041132926940918e-02 4.816871881484985352e-02 4.595828056335449219e-02 4.504013061523437500e-02 4.482294619083404541e-02 4.611518979072570801e-02 4.665258526802062988e-02 4.214495420455932617e-02 3.854089975357055664e-02 3.435325622558593750e-02 3.220103681087493896e-02 3.009191155433654785e-02 2.858893573284149170e-02 2.933853864669799805e-02
6.668919324874877930e-02 6.075207889080047607e-02 6.382240355014801025e-02 6.955952942371368408e-02 6.968922913074493408e-02 8.938378095626831055e-02 1.485073864459991455e-01 2.694394290447235107e-01 9.999825954437255859e-01 9.999976158142089844e-01 0.000000000000000000e+00 9.999979734420776367e-01 9.999856948852539062e-01 2.713473439216613770e-01 1.755374819040298462e-01 1.419682949781417847e-01 1.246759444475173950e-01 1.178466677665710449e-01 1.220145672559738159e-01 1.743139177560806274e-01 3.667328059673309326e-01 4.175336360931396484e-01 2.471308708190917969e-01 1.537365019321441650e-01 7.005406618118286133e-01 6.589661836624145508e-01 5.839403867721557617e-01 5.054727792739868164e-01 4.271135330200195312e-01 1.111211776733398438e-01 8.415982127189636230e-02 6.971856951713562012e-02 6.851309537887573242e-02 6.533020734786987305e-02 5.802673101425170898e-02 5.189886689186096191e-02 4.899238049983978271e-02 4.814735054969787598e-02 4.726128280162811279e-02 4.870934784412384033e-02 4.935473203659057617e-02 4.821804165840148926e-02 4.711383581161499023e-02 4.687161743640899658e-02 4.749427735805511475e-02 4.831759631633758545e-02 4.987683892250061035e-02 5.215726792812347412e-02 5.394463241100311279e-02 5.526825785636901855e-02 5.483759939670562744e-02 5.444817245006561279e-02 5.407848954200744629e-02 5.219152569770812988e-02 4.822817444801330566e-02 4.439856112003326416e-02 4.232691228389739990e-02 4.155479371547698975e-02 3.992447257041931152e-02 3.914900124073028564e-02 3.964798152446746826e-02 3.880199790000915527e-02 3.678475320339202881e-02 3.388398885726928711e-02 3.115016222000122070e-02 2.972103655338287354e-02 2.897857129573822021e-02 2.719628810882568359e-02 2.814367413520812988e-02
5.751410126686096191e-02 5.667087435722351074e-02 5.436833202838897705e-02 6.090728938579559326e-02 6.778353452682495117e-02 7.886421680450439453e-02 9.987249970436096191e-02 1.698110401630401611e-01 2.883210778236389160e-01 9.999845027923583984e-01 9.999979734420776367e-01 0.000000000000000000e+00 9.999983906745910645e-01 9.999864101409912109e-01 2.550290226936340332e-01 1.593293696641921997e-01 1.265848577022552490e-01 1.068834364414215088e-01 1.141830682754516602e-01 1.503439992666244507e-01 3.062320351600646973e-01 3.491984903812408447e-01 2.071153819561004639e-01 6.930022239685058594e-01 7.244192957878112793e-01 6.869832277297973633e-01 6.231924295425415039e-01 5.696448683738708496e-01 1.015154719352722168e-01 8.751362562179565430e-02 6.892465054988861084e-02 6.044490635395050049e-02 5.457875132560729980e-02 4.900938272476196289e-02 4.482020437717437744e-02 4.154926538467407227e-02 3.884811699390411377e-02 3.822465240955352783e-02 3.899516165256500244e-02 4.022522270679473877e-02 4.108959436416625977e-02 4.072728753089904785e-02 4.026918113231658936e-02 4.009938240051269531e-02 3.983248770236968994e-02 3.984093666076660156e-02 4.049004614353179932e-02 4.178144037723541260e-02 4.271101951599121094e-02 4.316519200801849365e-02 4.336167871952056885e-02 4.370726644992828369e-02 4.406446218490600586e-02 4.305197298526763916e-02 4.087238013744354248e-02 3.892572224140167236e-02 3.769934177398681641e-02 3.699411451816558838e-02 3.543284535408020020e-02 3.408999741077423096e-02 3.455194830894470215e-02 3.421397507190704346e-02 3.298164904117584229e-02 3.091092407703399658e-02 2.847291529178619385e-02 2.771714329719543457e-02 2.783086895942687988e-02 2.659656107425689697e-02 2.794411778450012207e-02
5.133625864982604980e-02 5.230998992919921875e-02 5.359324812889099121e-02 5.484175682067871094e-02 6.448175013065338135e-02 7.943834364414215088e-02 9.561650454998016357e-02 1.170450299978256226e-01 1.879509389400482178e-01 2.841494679450988770e-01 9.999856948852539062e-01 9.999983906745910645e-01 0.000000000000000000e+00 9.999986886978149414e-01 9.999865293502807617e-01 2.444119453430175781e-01 1.484296172857284546e-01 1.141406446695327759e-01 1.273171156644821167e-01 1.731647700071334839e-01 2.451289296150207520e-01 3.447590172290802002e-01 6.273641586303710938e-01 7.019004821777343750e-01 7.202030420303344727e-01 7.210792303085327148e-01 6.872612833976745605e-01 9.073400497436523438e-02 9.321722388267517090e-02 6.709910929203033447e-02 5.641430616378784180e-02 4.603935778141021729e-02 4.169139266014099121e-02 3.754828870296478271e-02 3.423142433166503906e-02 3.232327103614807129e-02 3.217352926731109619e-02 3.270423412322998047e-02 3.344243764877319336e-02 3.398396074771881104e-02 3.390216827392578125e-02 3.397683799266815186e-02 3.386509418487548828e-02 3.353475034236907959e-02 3.318078815937042236e-02 3.303465247154235840e-02 3.329522907733917236e-02 3.390999138355255127e-02 3.442238271236419678e-02 3.468430042266845703e-02 3.526012599468231201e-02 3.595969080924987793e-02 3.638830780982971191e-02 3.614054620265960693e-02 3.525640070438385010e-02 3.441420197486877441e-02 3.402762115001678467e-02 3.340120613574981689e-02 3.233776986598968506e-02 3.183007240295410156e-02 3.331625461578369141e-02 3.301694989204406738e-02 3.092592954635620117e-02 2.901904284954071045e-02 2.690067887306213379e-02 2.658702433109283447e-02 2.753761410713195801e-02 2.682714164257049561e-02 2.820163965225219727e-02
4.497522115707397461e-02 4.785336554050445557e-02 5.057707428932189941e-02 5.598443746566772461e-02 6.061567366123199463e-02 7.707701623439788818e-02 1.128635257482528687e-01 1.116139739751815796e-01 1.345572471618652344e-01 1.907853037118911743e-01 2.713473439216613770e-01 9.999864101409912109e-01 9.999986886978149414e-01 0.000000000000000000e+00 9.999988675117492676e-01 9.999850392341613770e-01 2.662677168846130371e-01 1.564501076936721802e-01 1.398798376321792603e-01 2.088769972324371338e-01 3.361929655075073242e-01 5.087136030197143555e-01 6.686125993728637695e-01 7.153999805450439453e-01 7.295471429824829102e-01 7.237944602966308594e-01 8.681920170783996582e-02 9.001329541206359863e-02 7.552219927310943604e-02 5.844844877719879150e-02 4.387114942073822021e-02 3.639541566371917725e-02 3.116308152675628662e-02 2.881331741809844971e-02 2.821476757526397705e-02 2.854509651660919189e-02 2.937130630016326904e-02 3.023800253868103027e-02 3.081123530864715576e-02 3.095780313014984131e-02 3.097033500671386719e-02 3.073738515377044678e-02 3.044523298740386963e-02 3.020803630352020264e-02 3.008323907852172852e-02 3.011824190616607666e-02 3.034108877182006836e-02 3.063729405403137207e-02 3.085526823997497559e-02 3.093659877777099609e-02 3.108771145343780518e-02 3.140695393085479736e-02 3.192020952701568604e-02 3.235223889350891113e-02 3.229114413261413574e-02 3.215797245502471924e-02 3.177005052566528320e-02 3.139699995517730713e-02 3.090482950210571289e-02 3.161856532096862793e-02 3.306303918361663818e-02 3.236347436904907227e-02 2.967156469821929932e-02 2.824111282825469971e-02 2.628789842128753662e-02 2.646653354167938232e-02 2.788549661636352539e-02 2.709740400314331055e-02 2.869869768619537354e-02
3.848724067211151123e-02 4.290074110031127930e-02 4.864308238029479980e-02 5.409575998783111572e-02 6.488761305809020996e-02 7.823996245861053467e-02 1.078336238861083984e-01 1.498593837022781372e-01 1.279044598340988159e-01 1.471417546272277832e-01 1.755374819040298462e-01 2.550290226936340332e-01 9.999865293502807617e-01 9.999988675117492676e-01 0.000000000000000000e+00 9.999989867210388184e-01 9.999859929084777832e-01 3.590113520622253418e-01 2.186212837696075439e-01 2.657954096794128418e-01 4.037426710128784180e-01 6.393254995346069336e-01 7.149387598037719727e-01 7.314459681510925293e-01 7.113763093948364258e-01 9.569470584392547607e-02 8.686223626136779785e-02 7.234108448028564453e-02 6.717416644096374512e-02 4.967039823532104492e-02 3.718717396259307861e-02 3.038650751113891602e-02 2.671837806701660156e-02 2.540400624275207520e-02 2.558912336826324463e-02 2.660229802131652832e-02 2.790783345699310303e-02 2.892410755157470703e-02 2.949166297912597656e-02 2.970488369464874268e-02 2.971018850803375244e-02 2.962298691272735596e-02 2.959810197353363037e-02 2.954997122287750244e-02 2.948756515979766846e-02 2.950379252433776855e-02 2.963085472583770752e-02 2.979663014411926270e-02 2.988965809345245361e-02 2.994753420352935791e-02 3.012393414974212646e-02 3.037555515766143799e-02 3.067064285278320312e-02 3.094793856143951416e-02 3.116850554943084717e-02 3.119909763336181641e-02 3.085917234420776367e-02 3.059527277946472168e-02 3.054068982601165771e-02 3.162585198879241943e-02 3.295026719570159912e-02 3.180792927742004395e-02 2.958267927169799805e-02 2.801972627639770508e-02 2.623738348484039307e-02 2.663467824459075928e-02 2.824008464813232422e-02 2.731345593929290771e-02 2.913980185985565186e-02
3.498958051204681396e-02 3.857417404651641846e-02 4.615126550197601318e-02 5.347120761871337891e-02 6.532754004001617432e-02 8.829142153263092041e-02 1.121343076229095459e-01 1.375397592782974243e-01 1.439438164234161377e-01 1.338299065828323364e-01 1.419682949781417847e-01 1.593293696641921997e-01 2.444119453430175781e-01 9.999850392341613770e-01 9.999989867210388184e-01 0.000000000000000000e+00 9.999992847442626953e-01 9.999904632568359375e-01 6.784930825233459473e-01 4.340858161449432373e-01 4.040626883506774902e-01 4.650402069091796875e-01 6.424930095672607422e-01 6.014012098312377930e-01 1.331147253513336182e-01 1.106562614440917969e-01 8.038151264190673828e-02 6.894515454769134521e-02 6.100609898567199707e-02 4.688386619091033936e-02 3.429308533668518066e-02 2.815058827400207520e-02 2.498368918895721436e-02 2.392366528511047363e-02 2.433939278125762939e-02 2.562689781188964844e-02 2.709175646305084229e-02 2.815647423267364502e-02 2.883659303188323975e-02 2.911707758903503418e-02 2.923434972763061523e-02 2.932535111904144287e-02 2.941147983074188232e-02 2.951875329017639160e-02 2.954807877540588379e-02 2.955061197280883789e-02 2.959081530570983887e-02 2.957896888256072998e-02 2.956382930278778076e-02 2.957975864410400391e-02 2.969159185886383057e-02 2.988199889659881592e-02 3.006534278392791748e-02 3.047986328601837158e-02 3.092201054096221924e-02 3.104433417320251465e-02 3.078927099704742432e-02 3.039869666099548340e-02 3.012563288211822510e-02 3.058186173439025879e-02 3.171046078205108643e-02 3.090763092041015625e-02 2.955083549022674561e-02 2.798505127429962158e-02 2.645856142044067383e-02 2.696584165096282959e-02 2.855110168457031250e-02 2.758447825908660889e-02 2.940127253532409668e-02
3.372694551944732666e-02 3.581897914409637451e-02 4.291580617427825928e-02 5.306096374988555908e-02 6.819207966327667236e-02 8.715383708477020264e-02 1.145909875631332397e-01 1.406730711460113525e-01 1.542346626520156860e-01 1.373303383588790894e-01 1.246759444475173950e-01 1.265848577022552490e-01 1.484296172857284546e-01 2.662677168846130371e-01 9.999859929084777832e-01 9.999992847442626953e-01 0.000000000000000000e+00 9.999995827674865723e-01 9.999917149543762207e-01 7.869473695755004883e-01 3.497117757797241211e-01 3.261306285858154297e-01 2.631788253784179688e-01 1.114673465490341187e-01 1.042351424694061279e-01 9.412822127342224121e-02 8.276034891605377197e-02 7.065914571285247803e-02 6.036992371082305908e-02 4.802435636520385742e-02 3.580737113952636719e-02 2.864062786102294922e-02 2.528057992458343506e-02 2.418644726276397705e-02 2.472491562366485596e-02 2.584317326545715332e-02 2.691341936588287354e-02 2.783347666263580322e-02 2.841006219387054443e-02 2.880808711051940918e-02 2.910995483398437500e-02 2.942480146884918213e-02 2.973970770835876465e-02 2.993491291999816895e-02 2.999778091907501221e-02 2.998745441436767578e-02 2.990803122520446777e-02 2.978846430778503418e-02 2.970631420612335205e-02 2.968268096446990967e-02 2.976694703102111816e-02 2.984721958637237549e-02 2.994884550571441650e-02 3.030304610729217529e-02 3.058920800685882568e-02 3.056368231773376465e-02 3.022859990596771240e-02 2.979378402233123779e-02 2.937142550945281982e-02 2.962130308151245117e-02 3.051820397377014160e-02 2.986271679401397705e-02 2.917683124542236328e-02 2.783554792404174805e-02 2.654217183589935303e-02 2.705319225788116455e-02 2.860473096370697021e-02 2.762316167354583740e-02 2.952080965042114258e-02
3.376212716102600098e-02 3.522837162017822266e-02 4.167783260345458984e-02 5.257204174995422363e-02 6.697870790958404541e-02 8.243107795715332031e-02 1.007954180240631104e-01 1.336652040481567383e-01 1.672866791486740112e-01 1.481098830699920654e-01 1.178466677665710449e-01 1.068834364414215088e-01 1.141406446695327759e-01 1.564501076936721802e-01 3.590113520622253418e-01 9.999904632568359375e-01 9.999995827674865723e-01 0.000000000000000000e+00 9.999996423721313477e-01 9.999922513961791992e-01 6.110371947288513184e-01 2.923453450202941895e-01 1.816698014736175537e-01 1.263352185487747192e-01 1.192147880792617798e-01 9.605315327644348145e-02 8.357112109661102295e-02 7.481020689010620117e-02 6.356523931026458740e-02 5.433371663093566895e-02 4.143656790256500244e-02 3.282809257507324219e-02 2.856346964836120605e-02 2.705773711204528809e-02 2.658124268054962158e-02 2.667388319969177246e-02 2.707391977310180664e-02 2.764825522899627686e-02 2.814202010631561279e-02 2.861058712005615234e-02 2.915053069591522217e-02 2.969039976596832275e-02 3.023158013820648193e-02 3.052930533885955811e-02 3.057226538658142090e-02 3.044588863849639893e-02 3.025215864181518555e-02 3.009122610092163086e-02 3.001813590526580811e-02 2.998431026935577393e-02 3.001570701599121094e-02 2.997301518917083740e-02 2.994495630264282227e-02 2.993987500667572021e-02 2.998399734497070312e-02 2.983912825584411621e-02 2.952584624290466309e-02 2.919228374958038330e-02 2.920839190483093262e-02 2.933263778686523438e-02 2.970165014266967773e-02 2.956674993038177490e-02 2.877388894557952881e-02 2.763932943344116211e-02 2.641974389553070068e-02 2.687940001487731934e-02 2.845971286296844482e-02 2.756498754024505615e-02 2.952215075492858887e-02
3.434304893016815186e-02 3.526407480239868164e-02 4.074792563915252686e-02 4.902949929237365723e-02 6.072477996349334717e-02 7.404665648937225342e-02 9.392419457435607910e-02 1.253609955310821533e-01 1.840455532073974609e-01 1.707473099231719971e-01 1.220145672559738159e-01 1.141830682754516602e-01 1.273171156644821167e-01 1.398798376321792603e-01 2.186212837696075439e-01 6.784930825233459473e-01 9.999917149543762207e-01 9.999996423721313477e-01 0.000000000000000000e+00 9.999996423721313477e-01 9.999902844429016113e-01 6.735080480575561523e-01 2.879785299301147461e-01 1.671587079763412476e-01 1.214553266763687134e-01 1.069101691246032715e-01 8.347095549106597900e-02 7.518003880977630615e-02 6.713831424713134766e-02 6.005468964576721191e-02 5.188849568367004395e-02 4.272127151489257812e-02 3.621341288089752197e-02 3.257632255554199219e-02 3.023882210254669189e-02 2.864623069763183594e-02 2.806879580020904541e-02 2.775399386882781982e-02 2.792394161224365234e-02 2.843762934207916260e-02 2.908666431903839111e-02 2.981285750865936279e-02 3.043638169765472412e-02 3.081922233104705811e-02 3.088961541652679443e-02 3.071622550487518311e-02 3.054293990135192871e-02 3.038765490055084229e-02 3.028503060340881348e-02 3.023287653923034668e-02 3.013856709003448486e-02 3.002382814884185791e-02 2.986620366573333740e-02 2.973240613937377930e-02 2.953261137008666992e-02 2.929814159870147705e-02 2.904656529426574707e-02 2.887973189353942871e-02 2.886429429054260254e-02 2.898748219013214111e-02 2.929617464542388916e-02 2.924591302871704102e-02 2.854461967945098877e-02 2.750456333160400391e-02 2.634368836879730225e-02 2.677017450332641602e-02 2.831596136093139648e-02 2.761879563331604004e-02 2.940858900547027588e-02
3.491479158401489258e-02 3.485387563705444336e-02 3.842262923717498779e-02 4.453115165233612061e-02 5.238285660743713379e-02 6.583003699779510498e-02 8.415146172046661377e-02 1.359807252883911133e-01 2.127775996923446655e-01 2.567806243896484375e-01 1.743139177560806274e-01 1.503439992666244507e-01 1.731647700071334839e-01 2.088769972324371338e-01 2.657954096794128418e-01 4.340858161449432373e-01 7.869473695755004883e-01 9.999922513961791992e-01 9.999996423721313477e-01 0.000000000000000000e+00 9.999994039535522461e-01 9.999899864196777344e-01 7.313813567161560059e-01 2.949308156967163086e-01 1.396219730377197266e-01 1.058604717254638672e-01 8.803562819957733154e-02 7.456357777118682861e-02 6.810925900936126709e-02 6.476248800754547119e-02 5.993658304214477539e-02 5.500252544879913330e-02 4.875823855400085449e-02 4.272387921810150146e-02 3.733085095882415771e-02 3.240340948104858398e-02 2.973692119121551514e-02 2.846539020538330078e-02 2.810695767402648926e-02 2.829082310199737549e-02 2.887393534183502197e-02 2.956701815128326416e-02 3.016518056392669678e-02 3.050513565540313721e-02 3.056712448596954346e-02 3.048355877399444580e-02 3.038315474987030029e-02 3.032127022743225098e-02 3.026117384433746338e-02 3.012868762016296387e-02 2.998636662960052490e-02 2.988974750041961670e-02 2.969273924827575684e-02 2.944694459438323975e-02 2.921584248542785645e-02 2.892208099365234375e-02 2.866354584693908691e-02 2.847425639629364014e-02 2.848564088344573975e-02 2.868145704269409180e-02 2.899561822414398193e-02 2.903157472610473633e-02 2.847522497177124023e-02 2.743153274059295654e-02 2.638857066631317139e-02 2.676039934158325195e-02 2.828602492809295654e-02 2.773393690586090088e-02 2.935391664505004883e-02
3.547799587249755859e-02 3.434045612812042236e-02 3.655983507633209229e-02 4.046252369880676270e-02 4.700420796871185303e-02 5.909289419651031494e-02 8.855012059211730957e-02 1.602201908826828003e-01 3.536480665206909180e-01 3.861346840858459473e-01 3.667328059673309326e-01 3.062320351600646973e-01 2.451289296150207520e-01 3.361929655075073242e-01 4.037426710128784180e-01 4.040626883506774902e-01 3.497117757797241211e-01 6.110371947288513184e-01 9.999902844429016113e-01 9.999994039535522461e-01 0.000000000000000000e+00 9.999995231628417969e-01 9.999912381172180176e-01 6.407811045646667480e-01 2.525025010108947754e-01 1.176186352968215942e-01 8.968926966190338135e-02 8.021070063114166260e-02 7.317319512367248535e-02 6.657110154628753662e-02 6.652203202247619629e-02 6.411004066467285156e-02 6.172448396682739258e-02 5.721406638622283936e-02 4.784660041332244873e-02 3.917124867439270020e-02 3.361156582832336426e-02 3.073734045028686523e-02 2.911023795604705811e-02 2.855242788791656494e-02 2.856665849685668945e-02 2.899453043937683105e-02 2.942949533462524414e-02 2.972206473350524902e-02 2.988426387310028076e-02 2.998842298984527588e-02 3.005766868591308594e-02 3.011310100555419922e-02 3.006611764430999756e-02 2.988952398300170898e-02 2.983689308166503906e-02 2.970057725906372070e-02 2.949216961860656738e-02 2.920667827129364014e-02 2.888998389244079590e-02 2.853846549987792969e-02 2.824370563030242920e-02 2.806496620178222656e-02 2.813304960727691650e-02 2.837246656417846680e-02 2.884471416473388672e-02 2.894701063632965088e-02 2.845516800880432129e-02 2.750186622142791748e-02 2.645356953144073486e-02 2.678442001342773438e-02 2.830386161804199219e-02 2.781516313552856445e-02 2.921500802040100098e-02
3.535357117652893066e-02 3.402844071388244629e-02 3.506508469581604004e-02 3.805604577064514160e-02 4.289445281028747559e-02 5.341684818267822266e-02 7.973985373973846436e-02 2.344188541173934937e-01 4.294939041137695312e-01 4.829581975936889648e-01 4.175336360931396484e-01 3.491984903812408447e-01 3.447590172290802002e-01 5.087136030197143555e-01 6.393254995346069336e-01 4.650402069091796875e-01 3.261306285858154297e-01 2.923453450202941895e-01 6.735080480575561523e-01 9.999899864196777344e-01 9.999995231628417969e-01 0.000000000000000000e+00 9.999995827674865723e-01 9.999918341636657715e-01 5.118126869201660156e-01 2.021672129631042480e-01 1.047515571117401123e-01 8.392532169818878174e-02 8.701409399509429932e-02 7.807601988315582275e-02 7.243441045284271240e-02 7.598963379859924316e-02 7.137168943881988525e-02 6.864871084690093994e-02 6.183046102523803711e-02 4.979845881462097168e-02 4.073008894920349121e-02 3.489266335964202881e-02 3.141158819198608398e-02 2.946723997592926025e-02 2.870377898216247559e-02 2.843430638313293457e-02 2.847851812839508057e-02 2.876496315002441406e-02 2.907633781433105469e-02 2.938124537467956543e-02 2.968597412109375000e-02 2.985744178295135498e-02 2.988089621067047119e-02 2.975377440452575684e-02 2.965806424617767334e-02 2.942967414855957031e-02 2.912841737270355225e-02 2.884124219417572021e-02 2.848027646541595459e-02 2.804389595985412598e-02 2.775776386260986328e-02 2.766521275043487549e-02 2.780878543853759766e-02 2.814330160617828369e-02 2.875263988971710205e-02 2.896723151206970215e-02 2.847965061664581299e-02 2.750091254711151123e-02 2.647078037261962891e-02 2.678322792053222656e-02 2.820922434329986572e-02 2.778398990631103516e-02 2.906829118728637695e-02
3.513607382774353027e-02 3.361038863658905029e-02 3.455668687820434570e-02 3.736630082130432129e-02 4.020333290100097656e-02 4.751275479793548584e-02 7.113152742385864258e-02 2.267089188098907471e-01 4.233569502830505371e-01 4.764836132526397705e-01 2.471308708190917969e-01 2.071153819561004639e-01 6.273641586303710938e-01 6.686125993728637695e-01 7.149387598037719727e-01 6.424930095672607422e-01 2.631788253784179688e-01 1.816698014736175537e-01 2.879785299301147461e-01 7.313813567161560059e-01 9.999912381172180176e-01 9.999995827674865723e-01 0.000000000000000000e+00 9.999995827674865723e-01 9.999914765357971191e-01 4.130080044269561768e-01 1.759143173694610596e-01 1.029309034347534180e-01 8.929508924484252930e-02 9.780971705913543701e-02 8.718477189540863037e-02 8.593037724494934082e-02 8.460181951522827148e-02 7.648667693138122559e-02 7.069122791290283203e-02 6.409280002117156982e-02 5.239404737949371338e-02 4.259985685348510742e-02 3.565621376037597656e-02 3.190405666828155518e-02 2.984368801116943359e-02 2.843810617923736572e-02 2.769403159618377686e-02 2.775354683399200439e-02 2.813443541526794434e-02 2.865351736545562744e-02 2.918294072151184082e-02 2.953322231769561768e-02 2.966074645519256592e-02 2.965797483921051025e-02 2.946852147579193115e-02 2.916385233402252197e-02 2.879309654235839844e-02 2.840821444988250732e-02 2.803102135658264160e-02 2.762182056903839111e-02 2.741537988185882568e-02 2.740305662155151367e-02 2.755934000015258789e-02 2.798806130886077881e-02 2.858626842498779297e-02 2.883258461952209473e-02 2.827231585979461670e-02 2.730920910835266113e-02 2.622637152671813965e-02 2.655592560768127441e-02 2.809379994869232178e-02 2.770005166530609131e-02 2.896261215209960938e-02
