0.000000000000000000e+00 9.994029998779296875e-01 9.991391897201538086e-01 1.339112073183059692e-01 1.214451193809509277e-01 1.014250069856643677e-01 7.307942211627960205e-02 7.314713299274444580e-02 6.463980674743652344e-02 6.914451718330383301e-02 6.983588635921478271e-02 6.317873299121856689e-02 5.727834999561309814e-02 4.949228465557098389e-02 4.186981916427612305e-02 3.797526657581329346e-02 3.511862456798553467e-02 3.372858464717864990e-02 3.316760063171386719e-02 3.314410150051116943e-02 3.359799087047576904e-02 3.391322493553161621e-02 3.365004062652587891e-02 3.293560445308685303e-02 3.254395723342895508e-02 3.286609053611755371e-02 3.350080549716949463e-02 3.422765433788299561e-02 3.513158857822418213e-02 3.615535795688629150e-02 3.702506422996520996e-02 3.697928786277770996e-02 3.649288415908813477e-02 3.634276986122131348e-02 3.762947022914886475e-02 3.883451223373413086e-02 4.013505578041076660e-02 4.547367990016937256e-02 6.538498401641845703e-02 1.610978841781616211e-01 3.988743424415588379e-01 3.733763396739959717e-01 9.256683290004730225e-02 9.569998085498809814e-02 7.832881808280944824e-01 8.695667982101440430e-01 8.605426549911499023e-01
9.994029998779296875e-01 0.000000000000000000e+00 9.997807741165161133e-01 9.997243881225585938e-01 1.504494696855545044e-01 1.274518370628356934e-01 1.012459695339202881e-01 6.998461484909057617e-02 6.886497139930725098e-02 6.889376044273376465e-02 6.483924388885498047e-02 6.528703868389129639e-02 6.027805805206298828e-02 5.431473255157470703e-02 4.799747467041015625e-02 4.193004965782165527e-02 3.725555539131164551e-02 3.403009474277496338e-02 3.249071538448333740e-02 3.227317333221435547e-02 3.255388140678405762e-02 3.287281095981597900e-02 3.304064273834228516e-02 3.301258385181427002e-02 3.302854299545288086e-02 3.295265138149261475e-02 3.295607864856719971e-02 3.321474790573120117e-02 3.379148244857788086e-02 3.435197472572326660e-02 3.465348482131958008e-02 3.498296439647674561e-02 3.544965386390686035e-02 3.552664816379547119e-02 3.776854276657104492e-02 3.908781707286834717e-02 3.880952298641204834e-02 4.551303386688232422e-02 8.863943815231323242e-02 2.371048927307128906e-01 2.623712420463562012e-01 8.632871508598327637e-02 8.413645625114440918e-02 7.517455816268920898e-01 9.111546277999877930e-01 9.022408127784729004e-01 8.644996881484985352e-01
9.991391897201538086e-01 9.997807741165161133e-01 0.000000000000000000e+00 9.998925924301147461e-01 9.995173215866088867e-01 1.645074039697647095e-01 1.282031536102294922e-01 9.155769646167755127e-02 7.559832930564880371e-02 7.719007134437561035e-02 7.030837237834930420e-02 6.511975824832916260e-02 6.540788710117340088e-02 5.985134840011596680e-02 5.453024804592132568e-02 5.021446943283081055e-02 4.487062990665435791e-02 4.104706645011901855e-02 3.700435161590576172e-02 3.452622890472412109e-02 3.332358598709106445e-02 3.297001123428344727e-02 3.303404152393341064e-02 3.328374028205871582e-02 3.338095545768737793e-02 3.372518718242645264e-02 3.456771373748779297e-02 3.566211462020874023e-02 3.637255728244781494e-02 3.605888783931732178e-02 3.537930548191070557e-02 3.506992757320404053e-02 3.552481532096862793e-02 3.773351013660430908e-02 4.159142076969146729e-02 4.335993528366088867e-02 4.617305099964141846e-02 6.512576341629028320e-02 1.365243494510650635e-01 1.825076937675476074e-01 8.125197887420654297e-02 8.494816720485687256e-02 7.285144329071044922e-01 7.850583195686340332e-01 8.501233458518981934e-01 8.963651061058044434e-01 8.573084473609924316e-01
1.339112073183059692e-01 9.997243881225585938e-01 9.998925924301147461e-01 0.000000000000000000e+00 9.998899102210998535e-01 9.997389912605285645e-01 1.820900589227676392e-01 1.282850950956344604e-01 9.078933298587799072e-02 7.896222174167633057e-02 8.611856400966644287e-02 7.675085961818695068e-02 7.203073799610137939e-02 7.289700210094451904e-02 6.650911271572113037e-02 6.210680305957794189e-02 5.724728107452392578e-02 5.016356706619262695e-02 4.420182108879089355e-02 3.843986988067626953e-02 3.501817584037780762e-02 3.405058383941650391e-02 3.435772657394409180e-02 3.526547551155090332e-02 3.669869899749755859e-02 3.886710107326507568e-02 4.108963906764984131e-02 4.245156049728393555e-02 4.204513132572174072e-02 4.015114903450012207e-02 3.840595483779907227e-02 3.691135346889495850e-02 3.809013962745666504e-02 4.172284901142120361e-02 4.616428911685943604e-02 5.052870512008666992e-02 6.476384401321411133e-02 9.820792078971862793e-02 1.407407075166702271e-01 9.897537529468536377e-02 9.504590928554534912e-02 6.787750720977783203e-01 6.788936853408813477e-01 7.088660001754760742e-01 7.975634336471557617e-01 9.289016723632812500e-01 4.786612093448638916e-02
1.214451193809509277e-01 1.504494696855545044e-01 9.995173215866088867e-01 9.998899102210998535e-01 0.000000000000000000e+00 9.999486804008483887e-01 9.998730421066284180e-01 1.940696984529495239e-01 1.284878253936767578e-01 9.315834939479827881e-02 8.436171710491180420e-02 9.561897814273834229e-02 8.864502608776092529e-02 8.559302985668182373e-02 9.043784439563751221e-02 8.236041665077209473e-02 7.648347318172454834e-02 6.639519333839416504e-02 5.940869450569152832e-02 5.035828053951263428e-02 4.264570772647857666e-02 3.963361680507659912e-02 3.903102874755859375e-02 3.953544795513153076e-02 4.149462282657623291e-02 4.390448331832885742e-02 4.607780277729034424e-02 4.709841310977935791e-02 4.554955661296844482e-02 4.256439208984375000e-02 4.063318669795989990e-02 4.056638479232788086e-02 4.201009869575500488e-02 4.510551691055297852e-02 5.265465378761291504e-02 7.142974436283111572e-02 1.093142479658126831e-01 1.523306518793106079e-01 1.440481841564178467e-01 1.312633305788040161e-01 5.404757261276245117e-01 7.451832294464111328e-01 6.600363850593566895e-01 6.228551268577575684e-01 8.330680131912231445e-01 4.419744014739990234e-02 3.746272623538970947e-02
1.014250069856643677e-01 1.274518370628356934e-01 1.645074039697647095e-01 9.997389912605285645e-01 9.999486804008483887e-01 0.000000000000000000e+00 9.999807476997375488e-01 9.999323487281799316e-01 2.209104001522064209e-01 1.420810669660568237e-01 1.097752600908279419e-01 1.102681905031204224e-01 1.286343038082122803e-01 1.241835355758666992e-01 1.218703687191009521e-01 1.166198849678039551e-01 9.593187272548675537e-02 8.604159951210021973e-02 8.059534430503845215e-02 7.234470546245574951e-02 5.995436012744903564e-02 5.199187994003295898e-02 4.759405553340911865e-02 4.694758355617523193e-02 4.815573990345001221e-02 4.980899393558502197e-02 5.164040625095367432e-02 5.103987455368041992e-02 4.857605695724487305e-02 4.658974707126617432e-02 4.526796936988830566e-02 4.543770849704742432e-02 4.722037911415100098e-02 5.441901087760925293e-02 7.599747180938720703e-02 1.238753795623779297e-01 1.718350499868392944e-01 2.068282961845397949e-01 2.797839641571044922e-01 4.973825514316558838e-01 6.837899684906005859e-01 7.743959426879882812e-01 6.533610820770263672e-01 7.136200070381164551e-01 4.907184839248657227e-02 3.604915738105773926e-02 3.667455911636352539e-02
7.307942211627960205e-02 1.012459695339202881e-01 1.282031536102294922e-01 1.820900589227676392e-01 9.998730421066284180e-01 9.999807476997375488e-01 0.000000000000000000e+00 9.999911785125732422e-01 9.999568462371826172e-01 2.588301897048950195e-01 1.766971349716186523e-01 1.361346393823623657e-01 1.348124593496322632e-01 1.701556444168090820e-01 1.424203515052795410e-01 1.333242952823638916e-01 1.222006529569625854e-01 1.018298864364624023e-01 1.054386049509048462e-01 1.037676334381103516e-01 8.973705768585205078e-02 6.850183010101318359e-02 6.026704609394073486e-02 5.671299993991851807e-02 5.570526421070098877e-02 5.600027740001678467e-02 5.598782002925872803e-02 5.396987497806549072e-02 5.278633534908294678e-02 5.307981371879577637e-02 5.366645753383636475e-02 5.289641022682189941e-02 5.528497695922851562e-02 7.146026194095611572e-02 1.169357448816299438e-01 1.825089454650878906e-01 2.290544360876083374e-01 3.278560042381286621e-01 4.266325831413269043e-01 5.071643590927124023e-01 5.622531175613403320e-01 4.706776738166809082e-01 5.082672834396362305e-01 6.301286816596984863e-02 3.826874494552612305e-02 3.443951904773712158e-02 3.719837963581085205e-02
7.314713299274444580e-02 6.998461484909057617e-02 9.155769646167755127e-02 1.282850950956344604e-01 1.940696984529495239e-01 9.999323487281799316e-01 9.999911785125732422e-01 0.000000000000000000e+00 9.999947547912597656e-01 9.999588131904602051e-01 3.237847983837127686e-01 2.022639960050582886e-01 1.564428806304931641e-01 1.429000198841094971e-01 1.588905304670333862e-01 1.349344402551651001e-01 1.241361647844314575e-01 1.214899271726608276e-01 1.179399192333221436e-01 1.278493255376815796e-01 1.268741041421890259e-01 1.060395985841751099e-01 8.637166023254394531e-02 7.541553676128387451e-02 6.892475485801696777e-02 6.407921016216278076e-02 6.097893416881561279e-02 5.959734320640563965e-02 6.171871721744537354e-02 6.310422718524932861e-02 6.209255754947662354e-02 6.053395569324493408e-02 6.681580841541290283e-02 9.061267971992492676e-02 1.616649478673934937e-01 2.161286026239395142e-01 3.121836185455322266e-01 3.989452421665191650e-01 3.736807405948638916e-01 3.043798208236694336e-01 3.412788808345794678e-01 2.761661112308502197e-01 8.334136009216308594e-02 4.503214359283447266e-02 3.631573915481567383e-02 3.457812964916229248e-02 3.779783844947814941e-02
6.463980674743652344e-02 6.886497139930725098e-02 7.559832930564880371e-02 9.078933298587799072e-02 1.284878253936767578e-01 2.209104001522064209e-01 9.999568462371826172e-01 9.999947547912597656e-01 0.000000000000000000e+00 9.999949932098388672e-01 9.999572038650512695e-01 3.787626326084136963e-01 2.219381481409072876e-01 1.636450141668319702e-01 1.380636841058731079e-01 1.316961348056793213e-01 1.200145483016967773e-01 1.273206472396850586e-01 1.309374421834945679e-01 1.354188323020935059e-01 1.437571048736572266e-01 1.433236747980117798e-01 1.266280114650726318e-01 1.051812767982482910e-01 8.585253357887268066e-02 7.356917858123779297e-02 6.811450421810150146e-02 6.873126327991485596e-02 7.303401827812194824e-02 7.171252369880676270e-02 6.729608774185180664e-02 6.542868912220001221e-02 7.453559339046478271e-02 1.148594617843627930e-01 1.862606406211853027e-01 2.830308675765991211e-01 3.709909617900848389e-01 3.702366948127746582e-01 3.037395477294921875e-01 2.153599113225936890e-01 1.922391206026077271e-01 1.079628169536590576e-01 5.971546471118927002e-02 4.436606168746948242e-02 3.890419006347656250e-02 3.469006717205047607e-02 3.836549818515777588e-02
6.914451718330383301e-02 6.889376044273376465e-02 7.719007134437561035e-02 7.896222174167633057e-02 9.315834939479827881e-02 1.420810669660568237e-01 2.588301897048950195e-01 9.999588131904602051e-01 9.999949932098388672e-01 0.000000000000000000e+00 9.999948740005493164e-01 9.999608993530273438e-01 4.326646327972412109e-01 2.349951714277267456e-01 1.555797457695007324e-01 1.239717304706573486e-01 1.202288717031478882e-01 1.174607276916503906e-01 1.342890560626983643e-01 1.428998708724975586e-01 1.512450575828552246e-01 1.579046547412872314e-01 1.498018652200698853e-01 1.251851618289947510e-01 9.680297970771789551e-02 7.984726130962371826e-02 7.226873934268951416e-02 7.226669788360595703e-02 7.399822771549224854e-02 6.888717412948608398e-02 6.467752158641815186e-02 6.483145058155059814e-02 8.222876489162445068e-02 1.341674029827117920e-01 2.394835203886032104e-01 3.197057843208312988e-01 3.591138124465942383e-01 3.408936262130737305e-01 2.322915345430374146e-01 1.360859274864196777e-01 1.084472239017486572e-01 7.284489274024963379e-02 5.185119807720184326e-02 4.435163736343383789e-02 3.738622367382049561e-02 3.536921739578247070e-02 3.687857091426849365e-02
6.983588635921478271e-02 6.483924388885498047e-02 7.030837237834930420e-02 8.611856400966644287e-02 8.436171710491180420e-02 1.097752600908279419e-01 1.766971349716186523e-01 3.237847983837127686e-01 9.999572038650512695e-01 9.999948740005493164e-01 0.000000000000000000e+00 9.999954700469970703e-01 9.999673366546630859e-01 4.546502828598022461e-01 2.175381928682327271e-01 1.463595777750015259e-01 1.214925795793533325e-01 1.183060705661773682e-01 1.221326142549514771e-01 1.426753699779510498e-01 1.578543186187744141e-01 1.606671363115310669e-01 1.589959263801574707e-01 1.423493474721908569e-01 1.096053868532180786e-01 8.502699434757232666e-02 7.061009109020233154e-02 6.651988625526428223e-02 6.479923427104949951e-02 6.214055418968200684e-02 6.225799024105072021e-02 7.012227177619934082e-02 1.020760238170623779e-01 1.818771064281463623e-01 2.741847634315490723e-01 3.214455842971801758e-01 3.674318790435791016e-01 2.758491635322570801e-01 1.410390138626098633e-01 1.007492393255233765e-01 8.125291764736175537e-02 5.841630697250366211e-02 4.625645279884338379e-02 3.862614929676055908e-02 3.518933057785034180e-02 3.392365574836730957e-02 3.382638096809387207e-02
6.317873299121856689e-02 6.528703868389129639e-02 6.511975824832916260e-02 7.675085961818695068e-02 9.561897814273834229e-02 1.102681905031204224e-01 1.361346393823623657e-01 2.022639960050582886e-01 3.787626326084136963e-01 9.999608993530273438e-01 9.999954700469970703e-01 0.000000000000000000e+00 9.999967813491821289e-01 9.999757409095764160e-01 3.626585006713867188e-01 2.061272710561752319e-01 1.387201249599456787e-01 1.179595291614532471e-01 1.188590079545974731e-01 1.232475340366363525e-01 1.438518315553665161e-01 1.639745682477951050e-01 1.616239845752716064e-01 1.463797837495803833e-01 1.165114641189575195e-01 9.006296098232269287e-02 7.153429090976715088e-02 6.468775868415832520e-02 6.012843549251556396e-02 5.885182321071624756e-02 6.457586586475372314e-02 8.879506587982177734e-02 1.518795192241668701e-01 2.332900017499923706e-01 3.050245642662048340e-01 3.629385828971862793e-01 3.488403856754302979e-01 1.809990853071212769e-01 1.150083243846893311e-01 9.027518332004547119e-02 6.255166232585906982e-02 4.602321982383728027e-02 3.903402388095855713e-02 3.513903915882110596e-02 3.229224681854248047e-02 3.213414549827575684e-02 3.139181435108184814e-02
5.727834999561309814e-02 6.027805805206298828e-02 6.540788710117340088e-02 7.203073799610137939e-02 8.864502608776092529e-02 1.286343038082122803e-01 1.348124593496322632e-01 1.564428806304931641e-01 2.219381481409072876e-01 4.326646327972412109e-01 9.999673366546630859e-01 9.999967813491821289e-01 0.000000000000000000e+00 9.999977350234985352e-01 9.999827742576599121e-01 3.673095405101776123e-01 2.043262720108032227e-01 1.325848251581192017e-01 1.174348741769790649e-01 1.267587542533874512e-01 1.299038380384445190e-01 1.556691080331802368e-01 1.690706014633178711e-01 1.425050497055053711e-01 1.190393865108489990e-01 9.351858496665954590e-02 7.657089829444885254e-02 6.803867220878601074e-02 5.992974340915679932e-02 6.248874962329864502e-02 8.819025754928588867e-02 1.481008082628250122e-01 2.173034101724624634e-01 2.893238663673400879e-01 3.969940543174743652e-01 4.179227352142333984e-01 3.004142343997955322e-01 1.602171510457992554e-01 1.058333069086074829e-01 7.315841317176818848e-02 5.262438952922821045e-02 4.086333513259887695e-02 3.356291353702545166e-02 3.123895823955535889e-02 2.978482842445373535e-02 3.024467825889587402e-02 3.025624155998229980e-02
4.949228465557098389e-02 5.431473255157470703e-02 5.985134840011596680e-02 7.289700210094451904e-02 8.559302985668182373e-02 1.241835355758666992e-01 1.701556444168090820e-01 1.429000198841094971e-01 1.636450141668319702e-01 2.349951714277267456e-01 4.546502828598022461e-01 9.999757409095764160e-01 9.999977350234985352e-01 0.000000000000000000e+00 9.999985694885253906e-01 9.999880194664001465e-01 3.895194232463836670e-01 2.046609222888946533e-01 1.325291097164154053e-01 1.198278516530990601e-01 1.456712484359741211e-01 1.486075818538665771e-01 1.576248705387115479e-01 1.330528557300567627e-01 1.208940595388412476e-01 1.045485734939575195e-01 9.143894910812377930e-02 8.498574793338775635e-02 7.916188240051269531e-02 1.164198070764541626e-01 1.685396432876586914e-01 2.112220376729965210e-01 2.668937146663665771e-01 4.137962460517883301e-01 4.919103085994720459e-01 4.301278591156005859e-01 2.754110395908355713e-01 1.602184325456619263e-01 9.317307174205780029e-02 7.017968595027923584e-02 5.101248621940612793e-02 3.824810683727264404e-02 3.106981515884399414e-02 2.874699234962463379e-02 2.915181219577789307e-02 2.918136119842529297e-02 2.995009720325469971e-02
4.186981916427612305e-02 4.799747467041015625e-02 5.453024804592132568e-02 6.650911271572113037e-02 9.043784439563751221e-02 1.218703687191009521e-01 1.424203515052795410e-01 1.588905304670333862e-01 1.380636841058731079e-01 1.555797457695007324e-01 2.175381928682327271e-01 3.626585006713867188e-01 9.999827742576599121e-01 9.999985694885253906e-01 0.000000000000000000e+00 9.999989867210388184e-01 9.999914169311523438e-01 3.891337513923645020e-01 2.103771120309829712e-01 1.356750279664993286e-01 1.255609542131423950e-01 1.540392935276031494e-01 1.338569819927215576e-01 1.214783489704132080e-01 1.202098429203033447e-01 1.146174371242523193e-01 1.145190149545669556e-01 1.383780688047409058e-01 2.110109925270080566e-01 2.542393803596496582e-01 2.460408806800842285e-01 2.257887572050094604e-01 3.546367287635803223e-01 5.658065676689147949e-01 5.574419498443603516e-01 4.557934403419494629e-01 2.899822294712066650e-01 1.514679640531539917e-01 9.336858987808227539e-02 7.036466896533966064e-02 4.862448573112487793e-02 3.641191124916076660e-02 3.027309477329254150e-02 2.810882031917572021e-02 2.880719304084777832e-02 2.905446290969848633e-02 3.026390075683593750e-02
3.797526657581329346e-02 4.193004965782165527e-02 5.021446943283081055e-02 6.210680305957794189e-02 8.236041665077209473e-02 1.166198849678039551e-01 1.333242952823638916e-01 1.349344402551651001e-01 1.316961348056793213e-01 1.239717304706573486e-01 1.463595777750015259e-01 2.061272710561752319e-01 3.673095405101776123e-01 9.999880194664001465e-01 9.999989867210388184e-01 0.000000000000000000e+00 9.999992847442626953e-01 9.999929070472717285e-01 3.811979591846466064e-01 2.158752977848052979e-01 1.410647928714752197e-01 1.258537769317626953e-01 1.189391314983367920e-01 1.085933446884155273e-01 1.006464660167694092e-01 1.143133640289306641e-01 1.472943872213363647e-01 2.860990762710571289e-01 3.684182167053222656e-01 3.283610343933105469e-01 1.984077692031860352e-01 2.866517901420593262e-01 6.768736839294433594e-01 6.659042835235595703e-01 6.222164630889892578e-01 4.945832192897796631e-01 3.629797697067260742e-01 1.440605074167251587e-01 9.039269387722015381e-02 6.493075191974639893e-02 4.523691534996032715e-02 3.559164702892303467e-02 3.012165427207946777e-02 2.798680961132049561e-02 2.909456193447113037e-02 2.923513948917388916e-02 3.036144375801086426e-02
3.511862456798553467e-02 3.725555539131164551e-02 4.487062990665435791e-02 5.724728107452392578e-02 7.648347318172454834e-02 9.593187272548675537e-02 1.222006529569625854e-01 1.241361647844314575e-01 1.200145483016967773e-01 1.202288717031478882e-01 1.214925795793533325e-01 1.387201249599456787e-01 2.043262720108032227e-01 3.895194232463836670e-01 9.999914169311523438e-01 9.999992847442626953e-01 0.000000000000000000e+00 9.999994039535522461e-01 9.999927878379821777e-01 3.498698472976684570e-01 2.003399282693862915e-01 1.287437677383422852e-01 1.004223078489303589e-01 9.152369201183319092e-02 8.147174119949340820e-02 8.812929689884185791e-02 1.954424679279327393e-01 3.432961702346801758e-01 3.669515252113342285e-01 2.051000446081161499e-01 2.448686361312866211e-01 7.845560312271118164e-01 7.896615266799926758e-01 7.460334300994873047e-01 6.824455261230468750e-01 5.406538844108581543e-01 2.174749076366424561e-01 1.186913102865219116e-01 7.813467085361480713e-02 5.730287730693817139e-02 4.191987216472625732e-02 3.464916348457336426e-02 2.925585210323333740e-02 2.782072126865386963e-02 2.922926843166351318e-02 2.916803956031799316e-02 3.016884624958038330e-02
3.372858464717864990e-02 3.403009474277496338e-02 4.104706645011901855e-02 5.016356706619262695e-02 6.639519333839416504e-02 8.604159951210021973e-02 1.018298864364624023e-01 1.214899271726608276e-01 1.273206472396850586e-01 1.174607276916503906e-01 1.183060705661773682e-01 1.179595291614532471e-01 1.325848251581192017e-01 2.046609222888946533e-01 3.891337513923645020e-01 9.999929070472717285e-01 9.999994039535522461e-01 0.000000000000000000e+00 9.999994039535522461e-01 9.999917149543762207e-01 2.944394350051879883e-01 1.582882553339004517e-01 1.020428240299224854e-01 7.367922365665435791e-02 7.070545852184295654e-02 7.708382606506347656e-02 1.682348847389221191e-01 3.044534921646118164e-01 2.032089382410049438e-01 2.218196839094161987e-01 8.496135473251342773e-01 8.690196275711059570e-01 8.479391336441040039e-01 8.079359531402587891e-01 7.074970006942749023e-01 1.831736266613006592e-01 1.385345011949539185e-01 8.080925047397613525e-02 5.892379581928253174e-02 4.442530870437622070e-02 3.692641854286193848e-02 3.077252209186553955e-02 2.718473970890045166e-02 2.735550701618194580e-02 2.914313971996307373e-02 2.899342775344848633e-02 3.001324832439422607e-02
3.316760063171386719e-02 3.249071538448333740e-02 3.700435161590576172e-02 4.420182108879089355e-02 5.940869450569152832e-02 8.059534430503845215e-02 1.054386049509048462e-01 1.179399192333221436e-01 1.309374421834945679e-01 1.342890560626983643e-01 1.221326142549514771e-01 1.188590079545974731e-01 1.174348741769790649e-01 1.325291097164154053e-01 2.103771120309829712e-01 3.811979591846466064e-01 9.999927878379821777e-01 9.999994039535522461e-01 0.000000000000000000e+00 9.999995231628417969e-01 9.999904036521911621e-01 2.551418542861938477e-01 1.274493783712387085e-01 8.713224530220031738e-02 7.543498277664184570e-02 9.510003030300140381e-02 1.361826807260513306e-01 2.000577002763748169e-01 2.414422631263732910e-01 8.151072263717651367e-01 8.845850825309753418e-01 8.859599828720092773e-01 8.818584680557250977e-01 8.356982469558715820e-01 1.353030055761337280e-01 1.484284847974777222e-01 8.896936476230621338e-02 5.796870589256286621e-02 4.306891560554504395e-02 3.599061071872711182e-02 3.135247528553009033e-02 2.746309340000152588e-02 2.603940665721893311e-02 2.656027674674987793e-02 2.901653945446014404e-02 2.863316237926483154e-02 2.989299595355987549e-02
3.314410150051116943e-02 3.227317333221435547e-02 3.452622890472412109e-02 3.843986988067626953e-02 5.035828053951263428e-02 7.234470546245574951e-02 1.037676334381103516e-01 1.278493255376815796e-01 1.354188323020935059e-01 1.428998708724975586e-01 1.426753699779510498e-01 1.232475340366363525e-01 1.267587542533874512e-01 1.198278516530990601e-01 1.356750279664993286e-01 2.158752977848052979e-01 3.498698472976684570e-01 9.999917149543762207e-01 9.999995231628417969e-01 0.000000000000000000e+00 9.999994635581970215e-01 9.999875426292419434e-01 2.457693517208099365e-01 1.170494705438613892e-01 9.945987164974212646e-02 1.144470125436782837e-01 1.423387825489044189e-01 1.867402046918869019e-01 7.224732637405395508e-01 8.643907904624938965e-01 8.734749555587768555e-01 9.021468162536621094e-01 8.935968875885009766e-01 1.072505414485931396e-01 1.211003810167312622e-01 9.466946125030517578e-02 6.479702889919281006e-02 4.359859228134155273e-02 3.458371758460998535e-02 2.966949343681335449e-02 2.725023031234741211e-02 2.582575380802154541e-02 2.482885122299194336e-02 2.587513625621795654e-02 2.847667038440704346e-02 2.845256030559539795e-02 2.981190383434295654e-02
3.359799087047576904e-02 3.255388140678405762e-02 3.332358598709106445e-02 3.501817584037780762e-02 4.264570772647857666e-02 5.995436012744903564e-02 8.973705768585205078e-02 1.268741041421890259e-01 1.437571048736572266e-01 1.512450575828552246e-01 1.578543186187744141e-01 1.438518315553665161e-01 1.299038380384445190e-01 1.456712484359741211e-01 1.255609542131423950e-01 1.410647928714752197e-01 2.003399282693862915e-01 2.944394350051879883e-01 9.999904036521911621e-01 9.999994635581970215e-01 0.000000000000000000e+00 9.999994039535522461e-01 9.999867677688598633e-01 3.155249953269958496e-01 1.500553041696548462e-01 1.413517892360687256e-01 2.268231511116027832e-01 6.711398363113403320e-01 8.235436677932739258e-01 8.615739345550537109e-01 8.999692201614379883e-01 8.967840075492858887e-01 9.125763177871704102e-02 1.065527498722076416e-01 8.097428083419799805e-02 7.646550238132476807e-02 5.054233968257904053e-02 3.551125526428222656e-02 2.862977981567382812e-02 2.624234557151794434e-02 2.483512461185455322e-02 2.411273121833801270e-02 2.368469536304473877e-02 2.514207363128662109e-02 2.789452672004699707e-02 2.806198596954345703e-02 2.964505553245544434e-02
3.391322493553161621e-02 3.287281095981597900e-02 3.297001123428344727e-02 3.405058383941650391e-02 3.963361680507659912e-02 5.199187994003295898e-02 6.850183010101318359e-02 1.060395985841751099e-01 1.433236747980117798e-01 1.579046547412872314e-01 1.606671363115310669e-01 1.639745682477951050e-01 1.556691080331802368e-01 1.486075818538665771e-01 1.540392935276031494e-01 1.258537769317626953e-01 1.287437677383422852e-01 1.582882553339004517e-01 2.551418542861938477e-01 9.999875426292419434e-01 9.999994039535522461e-01 0.000000000000000000e+00 9.999996423721313477e-01 9.999907016754150391e-01 4.552487134933471680e-01 2.590603232383728027e-01 3.912661373615264893e-01 6.693126559257507324e-01 8.436802625656127930e-01 8.466098308563232422e-01 8.681727051734924316e-01 9.959526360034942627e-02 1.017999053001403809e-01 7.653769850730895996e-02 6.887246668338775635e-02 6.401863694190979004e-02 4.255402088165283203e-02 3.104016184806823730e-02 2.655214071273803711e-02 2.411289513111114502e-02 2.296291291713714600e-02 2.258068323135375977e-02 2.273516356945037842e-02 2.432076632976531982e-02 2.720916271209716797e-02 2.764788269996643066e-02 2.947454154491424561e-02
3.365004062652587891e-02 3.304064273834228516e-02 3.303404152393341064e-02 3.435772657394409180e-02 3.903102874755859375e-02 4.759405553340911865e-02 6.026704609394073486e-02 8.637166023254394531e-02 1.266280114650726318e-01 1.498018652200698853e-01 1.589959263801574707e-01 1.616239845752716064e-01 1.690706014633178711e-01 1.576248705387115479e-01 1.338569819927215576e-01 1.189391314983367920e-01 1.004223078489303589e-01 1.020428240299224854e-01 1.274493783712387085e-01 2.457693517208099365e-01 9.999867677688598633e-01 9.999996423721313477e-01 0.000000000000000000e+00 9.999997615814208984e-01 9.999929070472717285e-01 8.265001177787780762e-01 5.486117601394653320e-01 6.108758449554443359e-01 6.885843873023986816e-01 7.294933795928955078e-01 1.022460907697677612e-01 1.101301908493041992e-01 8.804430067539215088e-02 7.336312532424926758e-02 6.480062007904052734e-02 5.844630300998687744e-02 4.009425640106201172e-02 3.043639659881591797e-02 2.577327191829681396e-02 2.328848838806152344e-02 2.220727503299713135e-02 2.208696305751800537e-02 2.222064137458801270e-02 2.375698089599609375e-02 2.670329809188842773e-02 2.732460200786590576e-02 2.936151623725891113e-02
3.293560445308685303e-02 3.301258385181427002e-02 3.328374028205871582e-02 3.526547551155090332e-02 3.953544795513153076e-02 4.694758355617523193e-02 5.671299993991851807e-02 7.541553676128387451e-02 1.051812767982482910e-01 1.251851618289947510e-01 1.423493474721908569e-01 1.463797837495803833e-01 1.425050497055053711e-01 1.330528557300567627e-01 1.214783489704132080e-01 1.085933446884155273e-01 9.152369201183319092e-02 7.367922365665435791e-02 8.713224530220031738e-02 1.170494705438613892e-01 3.155249953269958496e-01 9.999907016754150391e-01 9.999997615814208984e-01 0.000000000000000000e+00 9.999998807907104492e-01 9.999942183494567871e-01 8.606290221214294434e-01 5.152295827865600586e-01 4.717080891132354736e-01 1.187914609909057617e-01 1.125096827745437622e-01 9.616211056709289551e-02 8.304421603679656982e-02 7.502713799476623535e-02 6.632585823535919189e-02 5.637730658054351807e-02 4.318170249462127686e-02 3.207910060882568359e-02 2.652390301227569580e-02 2.415452897548675537e-02 2.320441603660583496e-02 2.270869910717010498e-02 2.235722541809082031e-02 2.349309623241424561e-02 2.622392773628234863e-02 2.718082070350646973e-02 2.939902245998382568e-02
3.254395723342895508e-02 3.302854299545288086e-02 3.338095545768737793e-02 3.669869899749755859e-02 4.149462282657623291e-02 4.815573990345001221e-02 5.570526421070098877e-02 6.892475485801696777e-02 8.585253357887268066e-02 9.680297970771789551e-02 1.096053868532180786e-01 1.165114641189575195e-01 1.190393865108489990e-01 1.208940595388412476e-01 1.202098429203033447e-01 1.006464660167694092e-01 8.147174119949340820e-02 7.070545852184295654e-02 7.543498277664184570e-02 9.945987164974212646e-02 1.500553041696548462e-01 4.552487134933471680e-01 9.999929070472717285e-01 9.999998807907104492e-01 0.000000000000000000e+00 9.999997615814208984e-01 9.999923706054687500e-01 7.249360680580139160e-01 3.336274027824401855e-01 1.905487179756164551e-01 1.259133368730545044e-01 1.081549227237701416e-01 8.379046618938446045e-02 7.586540281772613525e-02 6.655016541481018066e-02 5.899871885776519775e-02 4.985091090202331543e-02 3.847359120845794678e-02 3.122727572917938232e-02 2.763393521308898926e-02 2.566871047019958496e-02 2.414397895336151123e-02 2.304907143115997314e-02 2.356155216693878174e-02 2.597343921661376953e-02 2.707196772098541260e-02 2.954742312431335449e-02
3.286609053611755371e-02 3.295265138149261475e-02 3.372518718242645264e-02 3.886710107326507568e-02 4.390448331832885742e-02 4.980899393558502197e-02 5.600027740001678467e-02 6.407921016216278076e-02 7.356917858123779297e-02 7.984726130962371826e-02 8.502699434757232666e-02 9.006296098232269287e-02 9.351858496665954590e-02 1.045485734939575195e-01 1.146174371242523193e-01 1.143133640289306641e-01 8.812929689884185791e-02 7.708382606506347656e-02 9.510003030300140381e-02 1.144470125436782837e-01 1.413517892360687256e-01 2.590603232383728027e-01 8.265001177787780762e-01 9.999942183494567871e-01 9.999997615814208984e-01 0.000000000000000000e+00 9.999997019767761230e-01 9.999800324440002441e-01 7.136329412460327148e-01 3.096476197242736816e-01 1.693394929170608521e-01 1.105923056602478027e-01 8.639021217823028564e-02 7.293526828289031982e-02 6.737536191940307617e-02 5.966483056545257568e-02 5.380199849605560303e-02 4.749019443988800049e-02 4.022526741027832031e-02 3.407847881317138672e-02 3.024250268936157227e-02 2.691926062107086182e-02 2.439519762992858887e-02 2.402925491333007812e-02 2.608352899551391602e-02 2.704159915447235107e-02 2.956771850585937500e-02
3.350080549716949463e-02 3.295607864856719971e-02 3.456771373748779297e-02 4.108963906764984131e-02 4.607780277729034424e-02 5.164040625095367432e-02 5.598782002925872803e-02 6.097893416881561279e-02 6.811450421810150146e-02 7.226873934268951416e-02 7.061009109020233154e-02 7.153429090976715088e-02 7.657089829444885254e-02 9.143894910812377930e-02 1.145190149545669556e-01 1.472943872213363647e-01 1.954424679279327393e-01 1.682348847389221191e-01 1.361826807260513306e-01 1.423387825489044189e-01 2.268231511116027832e-01 3.912661373615264893e-01 5.486117601394653320e-01 8.606290221214294434e-01 9.999923706054687500e-01 9.999997019767761230e-01 0.000000000000000000e+00 9.999992847442626953e-01 9.999823570251464844e-01 6.998433470726013184e-01 2.852133512496948242e-01 1.314796060323715210e-01 9.230969846248626709e-02 7.176610827445983887e-02 6.654784083366394043e-02 6.058187782764434814e-02 5.684928596019744873e-02 5.337350070476531982e-02 4.857163131237030029e-02 4.396113753318786621e-02 3.687565028667449951e-02 3.147743642330169678e-02 2.718387544155120850e-02 2.568830549716949463e-02 2.690842747688293457e-02 2.755051851272583008e-02 2.941867709159851074e-02
3.422765433788299561e-02 3.321474790573120117e-02 3.566211462020874023e-02 4.245156049728393555e-02 4.709841310977935791e-02 5.103987455368041992e-02 5.396987497806549072e-02 5.959734320640563965e-02 6.873126327991485596e-02 7.226669788360595703e-02 6.651988625526428223e-02 6.468775868415832520e-02 6.803867220878601074e-02 8.498574793338775635e-02 1.383780688047409058e-01 2.860990762710571289e-01 3.432961702346801758e-01 3.044534921646118164e-01 2.000577002763748169e-01 1.867402046918869019e-01 6.711398363113403320e-01 6.693126559257507324e-01 6.108758449554443359e-01 5.152295827865600586e-01 7.249360680580139160e-01 9.999800324440002441e-01 9.999992847442626953e-01 0.000000000000000000e+00 9.999992251396179199e-01 9.999833106994628906e-01 6.386805772781372070e-01 2.342270314693450928e-01 1.104394644498825073e-01 8.229252696037292480e-02 6.873926520347595215e-02 6.804633140563964844e-02 6.108888983726501465e-02 5.902685225009918213e-02 5.724038183689117432e-02 5.165062844753265381e-02 4.496808350086212158e-02 3.717911243438720703e-02 3.143544495105743408e-02 2.896028757095336914e-02 2.864192426204681396e-02 2.808175981044769287e-02 2.922099828720092773e-02
3.513158857822418213e-02 3.379148244857788086e-02 3.637255728244781494e-02 4.204513132572174072e-02 4.554955661296844482e-02 4.857605695724487305e-02 5.278633534908294678e-02 6.171871721744537354e-02 7.303401827812194824e-02 7.399822771549224854e-02 6.479923427104949951e-02 6.012843549251556396e-02 5.992974340915679932e-02 7.916188240051269531e-02 2.110109925270080566e-01 3.684182167053222656e-01 3.669515252113342285e-01 2.032089382410049438e-01 2.414422631263732910e-01 7.224732637405395508e-01 8.235436677932739258e-01 8.436802625656127930e-01 6.885843873023986816e-01 4.717080891132354736e-01 3.336274027824401855e-01 7.136329412460327148e-01 9.999823570251464844e-01 9.999992251396179199e-01 0.000000000000000000e+00 9.999992251396179199e-01 9.999833106994628906e-01 5.113340616226196289e-01 1.812751293182373047e-01 1.037724763154983521e-01 8.165228366851806641e-02 7.542523741722106934e-02 7.338540256023406982e-02 6.575377285480499268e-02 6.341318786144256592e-02 5.670985579490661621e-02 4.973803460597991943e-02 4.448378086090087891e-02 3.727120161056518555e-02 3.310582041740417480e-02 3.099335730075836182e-02 2.888585627079010010e-02 2.933584153652191162e-02
3.615535795688629150e-02 3.435197472572326660e-02 3.605888783931732178e-02 4.015114903450012207e-02 4.256439208984375000e-02 4.658974707126617432e-02 5.307981371879577637e-02 6.310422718524932861e-02 7.171252369880676270e-02 6.888717412948608398e-02 6.214055418968200684e-02 5.885182321071624756e-02 6.248874962329864502e-02 1.164198070764541626e-01 2.542393803596496582e-01 3.283610343933105469e-01 2.051000446081161499e-01 2.218196839094161987e-01 8.151072263717651367e-01 8.643907904624938965e-01 8.615739345550537109e-01 8.466098308563232422e-01 7.294933795928955078e-01 1.187914609909057617e-01 1.905487179756164551e-01 3.096476197242736816e-01 6.998433470726013184e-01 9.999833106994628906e-01 9.999992251396179199e-01 0.000000000000000000e+00 9.999989867210388184e-01 9.999768733978271484e-01 4.042344689369201660e-01 1.632409840822219849e-01 1.040800958871841431e-01 8.660347759723663330e-02 8.564460277557373047e-02 7.967603206634521484e-02 6.955271959304809570e-02 6.215839087963104248e-02 5.383807420730590820e-02 4.872271418571472168e-02 4.387731850147247314e-02 3.842188417911529541e-02 3.405581414699554443e-02 3.031656146049499512e-02 2.972377836704254150e-02
3.702506422996520996e-02 3.465348482131958008e-02 3.537930548191070557e-02 3.840595483779907227e-02 4.063318669795989990e-02 4.526796936988830566e-02 5.366645753383636475e-02 6.209255754947662354e-02 6.729608774185180664e-02 6.467752158641815186e-02 6.225799024105072021e-02 6.457586586475372314e-02 8.819025754928588867e-02 1.685396432876586914e-01 2.460408806800842285e-01 1.984077692031860352e-01 2.448686361312866211e-01 8.496135473251342773e-01 8.845850825309753418e-01 8.734749555587768555e-01 8.999692201614379883e-01 8.681727051734924316e-01 1.022460907697677612e-01 1.125096827745437622e-01 1.259133368730545044e-01 1.693394929170608521e-01 2.852133512496948242e-01 6.386805772781372070e-01 9.999833106994628906e-01 9.999989867210388184e-01 0.000000000000000000e+00 9.999985098838806152e-01 9.999690055847167969e-01 3.487095534801483154e-01 1.608237177133560181e-01 1.069359928369522095e-01 9.099707007408142090e-02 8.978651463985443115e-02 7.945522665977478027e-02 6.693971157073974609e-02 5.917133390903472900e-02 5.350701510906219482e-02 4.840222001075744629e-02 4.397632181644439697e-02 3.859750926494598389e-02 3.255127370357513428e-02 3.068968653678894043e-02
3.697928786277770996e-02 3.498296439647674561e-02 3.506992757320404053e-02 3.691135346889495850e-02 4.056638479232788086e-02 4.543770849704742432e-02 5.289641022682189941e-02 6.053395569324493408e-02 6.542868912220001221e-02 6.483145058155059814e-02 7.012227177619934082e-02 8.879506587982177734e-02 1.481008082628250122e-01 2.112220376729965210e-01 2.257887572050094604e-01 2.866517901420593262e-01 7.845560312271118164e-01 8.690196275711059570e-01 8.859599828720092773e-01 9.021468162536621094e-01 8.967840075492858887e-01 9.959526360034942627e-02 1.101301908493041992e-01 9.616211056709289551e-02 1.081549227237701416e-01 1.105923056602478027e-01 1.314796060323715210e-01 2.342270314693450928e-01 5.113340616226196289e-01 9.999768733978271484e-01 9.999985098838806152e-01 0.000000000000000000e+00 9.999979734420776367e-01 9.999626278877258301e-01 3.147700726985931396e-01 1.605431437492370605e-01 1.082981675863265991e-01 9.269480407238006592e-02 8.926375210285186768e-02 7.710513472557067871e-02 6.484493613243103027e-02 6.002835929393768311e-02 5.403891205787658691e-02 4.801541566848754883e-02 4.393713176250457764e-02 3.676693141460418701e-02 3.291510045528411865e-02
3.649288415908813477e-02 3.544965386390686035e-02 3.552481532096862793e-02 3.809013962745666504e-02 4.201009869575500488e-02 4.722037911415100098e-02 5.528497695922851562e-02 6.681580841541290283e-02 7.453559339046478271e-02 8.222876489162445068e-02 1.020760238170623779e-01 1.518795192241668701e-01 2.173034101724624634e-01 2.668937146663665771e-01 3.546367287635803223e-01 6.768736839294433594e-01 7.896615266799926758e-01 8.479391336441040039e-01 8.818584680557250977e-01 8.935968875885009766e-01 9.125763177871704102e-02 1.017999053001403809e-01 8.804430067539215088e-02 8.304421603679656982e-02 8.379046618938446045e-02 8.639021217823028564e-02 9.230969846248626709e-02 1.104394644498825073e-01 1.812751293182373047e-01 4.042344689369201660e-01 9.999690055847167969e-01 9.999979734420776367e-01 0.000000000000000000e+00 9.999971985816955566e-01 9.999570846557617188e-01 2.943032979965209961e-01 1.613380908966064453e-01 1.099458932876586914e-01 9.388406574726104736e-02 8.848649263381958008e-02 7.515656948089599609e-02 6.571765244007110596e-02 6.178420782089233398e-02 5.367149412631988525e-02 4.852314293384552002e-02 4.235029220581054688e-02 3.641521930694580078e-02
3.634276986122131348e-02 3.552664816379547119e-02 3.773351013660430908e-02 4.172284901142120361e-02 4.510551691055297852e-02 5.441901087760925293e-02 7.146026194095611572e-02 9.061267971992492676e-02 1.148594617843627930e-01 1.341674029827117920e-01 1.818771064281463623e-01 2.332900017499923706e-01 2.893238663673400879e-01 4.137962460517883301e-01 5.658065676689147949e-01 6.659042835235595703e-01 7.460334300994873047e-01 8.079359531402587891e-01 8.356982469558715820e-01 1.072505414485931396e-01 1.065527498722076416e-01 7.653769850730895996e-02 7.336312532424926758e-02 7.502713799476623535e-02 7.586540281772613525e-02 7.293526828289031982e-02 7.176610827445983887e-02 8.229252696037292480e-02 1.037724763154983521e-01 1.632409840822219849e-01 3.487095534801483154e-01 9.999626278877258301e-01 9.999971985816955566e-01 0.000000000000000000e+00 9.999960064888000488e-01 9.999496340751647949e-01 2.838975191116333008e-01 1.621642559766769409e-01 1.115642338991165161e-01 9.507752954959869385e-02 8.729377388954162598e-02 7.501034438610076904e-02 6.667864322662353516e-02 5.965018272399902344e-02 5.262616276741027832e-02 4.764902591705322266e-02 4.033401608467102051e-02
