0.000000000000000000e+00 9.991023540496826172e-01 9.988558292388916016e-01 1.324222236871719360e-01 1.282820850610733032e-01 1.142543554306030273e-01 8.181394636631011963e-02 8.180661499500274658e-02 7.144135236740112305e-02 7.072821259498596191e-02 6.382766366004943848e-02 5.612666904926300049e-02 5.027869343757629395e-02 4.367367923259735107e-02 3.788122534751892090e-02 3.449892997741699219e-02 3.325453400611877441e-02 3.357817232608795166e-02 3.431560099124908447e-02 3.484438359737396240e-02 3.478690981864929199e-02 3.507205843925476074e-02 3.722399473190307617e-02 3.882800042629241943e-02 3.935341536998748779e-02 3.726089000701904297e-02 3.953281044960021973e-02 5.592766404151916504e-02 1.325534284114837646e-01 3.462450504302978516e-01 3.379089236259460449e-01 8.327859640121459961e-02 9.565280377864837646e-02 7.955141067504882812e-01 8.644228577613830566e-01 8.437985777854919434e-01
9.991023540496826172e-01 0.000000000000000000e+00 9.996516704559326172e-01 9.996301531791687012e-01 1.528719365596771240e-01 1.412145644426345825e-01 1.129005998373031616e-01 7.798793911933898926e-02 7.246486842632293701e-02 6.674645841121673584e-02 5.751919746398925781e-02 5.502474308013916016e-02 5.140829086303710938e-02 4.701808094978332520e-02 4.239049553871154785e-02 3.790937364101409912e-02 3.500442206859588623e-02 3.495256602764129639e-02 3.563477098941802979e-02 3.525570034980773926e-02 3.485418856143951416e-02 3.521530330181121826e-02 3.725500404834747314e-02 3.791356086730957031e-02 3.622879087924957275e-02 3.434999287128448486e-02 3.879430890083312988e-02 6.322914361953735352e-02 1.966022700071334839e-01 2.160297930240631104e-01 8.270472288131713867e-02 8.700494468212127686e-02 7.611063122749328613e-01 9.076091051101684570e-01 8.924083709716796875e-01 8.382812738418579102e-01
9.988558292388916016e-01 9.996516704559326172e-01 0.000000000000000000e+00 9.998320341110229492e-01 9.993641972541809082e-01 1.676091849803924561e-01 1.378159672021865845e-01 9.716723859310150146e-02 7.497669756412506104e-02 7.013407349586486816e-02 6.024084985256195068e-02 5.262574553489685059e-02 5.284735560417175293e-02 5.047526955604553223e-02 4.855057597160339355e-02 4.592530429363250732e-02 4.237377643585205078e-02 4.127456247806549072e-02 3.960639238357543945e-02 3.801205754280090332e-02 3.684666752815246582e-02 3.772996366024017334e-02 3.917324542999267578e-02 4.016782343387603760e-02 3.892603516578674316e-02 3.921335935592651367e-02 5.299319326877593994e-02 9.838630259037017822e-02 1.436563432216644287e-01 7.762010395526885986e-02 8.343839645385742188e-02 7.184840440750122070e-01 7.544230222702026367e-01 8.297075629234313965e-01 8.779508471488952637e-01 8.410212397575378418e-01
1.324222236871719360e-01 9.996301531791687012e-01 9.998320341110229492e-01 0.000000000000000000e+00 9.998457431793212891e-01 9.996888637542724609e-01 1.879131942987442017e-01 1.345055103302001953e-01 8.871065080165863037e-02 6.879889965057373047e-02 6.677050888538360596e-02 5.850964784622192383e-02 5.364567041397094727e-02 5.591523647308349609e-02 5.509771406650543213e-02 5.418106913566589355e-02 5.296842753887176514e-02 5.103859305381774902e-02 4.764221608638763428e-02 4.305875301361083984e-02 4.044209420680999756e-02 4.037025570869445801e-02 4.117456078529357910e-02 4.143029451370239258e-02 4.260668158531188965e-02 5.420386791229248047e-02 7.745411992073059082e-02 1.094960272312164307e-01 8.002553880214691162e-02 8.420987427234649658e-02 6.427080631256103516e-01 6.508656740188598633e-01 6.918999552726745605e-01 7.648273706436157227e-01 9.139187335968017578e-01 4.788999259471893311e-02
1.282820850610733032e-01 1.528719365596771240e-01 9.993641972541809082e-01 9.998457431793212891e-01 0.000000000000000000e+00 9.999391436576843262e-01 9.998666048049926758e-01 1.983754932880401611e-01 1.294766366481781006e-01 8.537839353084564209e-02 6.757505238056182861e-02 6.666228175163269043e-02 6.345875561237335205e-02 6.090357899665832520e-02 6.667992472648620605e-02 6.583489477634429932e-02 6.532038748264312744e-02 6.190969049930572510e-02 5.763347446918487549e-02 5.136413872241973877e-02 4.675002396106719971e-02 4.395586252212524414e-02 4.241667687892913818e-02 4.529392719268798828e-02 5.810286104679107666e-02 8.753882348537445068e-02 1.246352791786193848e-01 1.463063508272171021e-01 1.312188208103179932e-01 3.101482391357421875e-01 5.936901569366455078e-01 5.852393507957458496e-01 4.704119265079498291e-01 7.771550416946411133e-01 4.504255950450897217e-02 3.894887864589691162e-02
1.142543554306030273e-01 1.412145644426345825e-01 1.676091849803924561e-01 9.996888637542724609e-01 9.999391436576843262e-01 0.000000000000000000e+00 9.999800920486450195e-01 9.999385476112365723e-01 2.182893604040145874e-01 1.348308026790618896e-01 8.926837146282196045e-02 7.703028619289398193e-02 7.997362315654754639e-02 7.869079709053039551e-02 8.107201755046844482e-02 8.652114868164062500e-02 8.251930773258209229e-02 8.184289932250976562e-02 7.823479175567626953e-02 6.975914537906646729e-02 6.308875977993011475e-02 5.446922779083251953e-02 5.476625263690948486e-02 6.679648160934448242e-02 1.043757796287536621e-01 1.559440195560455322e-01 2.152567207813262939e-01 2.828143239021301270e-01 3.782336413860321045e-01 4.773757457733154297e-01 6.008153557777404785e-01 5.172160863876342773e-01 5.378126502037048340e-01 4.759874939918518066e-02 3.638197481632232666e-02 3.765431046485900879e-02
8.181394636631011963e-02 1.129005998373031616e-01 1.378159672021865845e-01 1.879131942987442017e-01 9.998666048049926758e-01 9.999800920486450195e-01 0.000000000000000000e+00 9.999920725822448730e-01 9.999665617942810059e-01 2.452798038721084595e-01 1.468246728181838989e-01 1.003169715404510498e-01 9.858635067939758301e-02 1.189065426588058472e-01 1.102056056261062622e-01 1.158925294876098633e-01 1.162776201963424683e-01 1.152763366699218750e-01 1.151532232761383057e-01 1.181529462337493896e-01 9.930479526519775391e-02 8.280001580715179443e-02 8.347767591476440430e-02 1.155632734298706055e-01 1.801914721727371216e-01 2.688770592212677002e-01 3.668925762176513672e-01 4.397318363189697266e-01 3.765127956867218018e-01 4.029810428619384766e-01 3.648115694522857666e-01 3.592508435249328613e-01 5.827046930789947510e-02 3.682775795459747314e-02 3.308187425136566162e-02 3.704272210597991943e-02
8.180661499500274658e-02 7.798793911933898926e-02 9.716723859310150146e-02 1.345055103302001953e-01 1.983754932880401611e-01 9.999385476112365723e-01 9.999920725822448730e-01 0.000000000000000000e+00 9.999960660934448242e-01 9.999744892120361328e-01 2.806075513362884521e-01 1.767647266387939453e-01 1.235346794128417969e-01 1.190150678157806396e-01 1.521986573934555054e-01 1.458544135093688965e-01 1.645731478929519653e-01 1.717127561569213867e-01 1.769034564495086670e-01 1.931947916746139526e-01 1.888677477836608887e-01 1.548699289560317993e-01 1.619738936424255371e-01 2.149521559476852417e-01 2.879161238670349121e-01 3.715563714504241943e-01 4.270254373550415039e-01 3.740050792694091797e-01 2.241681069135665894e-01 2.184445559978485107e-01 2.423759549856185913e-01 7.045897841453552246e-02 4.121512174606323242e-02 3.392890095710754395e-02 3.295233845710754395e-02 3.610967099666595459e-02
7.144135236740112305e-02 7.246486842632293701e-02 7.497669756412506104e-02 8.871065080165863037e-02 1.294766366481781006e-01 2.182893604040145874e-01 9.999665617942810059e-01 9.999960660934448242e-01 0.000000000000000000e+00 9.999968409538269043e-01 9.999771118164062500e-01 3.118193447589874268e-01 2.006864547729492188e-01 1.511340737342834473e-01 1.386027038097381592e-01 1.523294746875762939e-01 1.767033040523529053e-01 1.997664868831634521e-01 2.269512563943862915e-01 2.672587037086486816e-01 3.049507141113281250e-01 3.156989216804504395e-01 3.142334818840026855e-01 3.312281668186187744e-01 3.758712112903594971e-01 4.405142068862915039e-01 4.002780616283416748e-01 1.831366568803787231e-01 1.501826792955398560e-01 1.601771712303161621e-01 9.735146164894104004e-02 5.058747529983520508e-02 3.891701996326446533e-02 3.364251554012298584e-02 3.138965368270874023e-02 3.416109085083007812e-02
7.072821259498596191e-02 6.674645841121673584e-02 7.013407349586486816e-02 6.879889965057373047e-02 8.537839353084564209e-02 1.348308026790618896e-01 2.452798038721084595e-01 9.999744892120361328e-01 9.999968409538269043e-01 0.000000000000000000e+00 9.999969005584716797e-01 9.999782443046569824e-01 3.068544864654541016e-01 1.976669430732727051e-01 1.626097708940505981e-01 1.457179486751556396e-01 1.501021087169647217e-01 1.695108711719512939e-01 2.108101248741149902e-01 3.171799778938293457e-01 3.737002611160278320e-01 3.876828551292419434e-01 3.802388310432434082e-01 4.202786684036254883e-01 4.603944122791290283e-01 4.463703334331512451e-01 3.140473067760467529e-01 1.889761984348297119e-01 1.501703411340713501e-01 1.032933443784713745e-01 6.120561063289642334e-02 4.105775058269500732e-02 3.509128093719482422e-02 3.165821731090545654e-02 3.040483593940734863e-02 3.209446370601654053e-02
6.382766366004943848e-02 5.751919746398925781e-02 6.024084985256195068e-02 6.677050888538360596e-02 6.757505238056182861e-02 8.926837146282196045e-02 1.468246728181838989e-01 2.806075513362884521e-01 9.999771118164062500e-01 9.999969005584716797e-01 0.000000000000000000e+00 9.999973773956298828e-01 9.999797344207763672e-01 2.807067036628723145e-01 1.762517988681793213e-01 1.572241932153701782e-01 1.389183998107910156e-01 1.383974254131317139e-01 1.565399467945098877e-01 2.234847396612167358e-01 3.288384377956390381e-01 3.443756997585296631e-01 3.012682199478149414e-01 5.268915891647338867e-01 5.281561017036437988e-01 4.722309112548828125e-01 3.511341214179992676e-01 2.455466985702514648e-01 1.331361532211303711e-01 7.870677113533020020e-02 4.677465558052062988e-02 3.402179479598999023e-02 3.083693981170654297e-02 2.974312007427215576e-02 2.931356430053710938e-02 3.038945794105529785e-02
5.612666904926300049e-02 5.502474308013916016e-02 5.262574553489685059e-02 5.850964784622192383e-02 6.666228175163269043e-02 7.703028619289398193e-02 1.003169715404510498e-01 1.767647266387939453e-01 3.118193447589874268e-01 9.999782443046569824e-01 9.999973773956298828e-01 0.000000000000000000e+00 9.999979734420776367e-01 9.999811649322509766e-01 2.681187391281127930e-01 1.596873551607131958e-01 1.419493705034255981e-01 1.318718045949935913e-01 1.385710388422012329e-01 1.808340549468994141e-01 2.814092636108398438e-01 2.916944026947021484e-01 6.062995791435241699e-01 5.969393849372863770e-01 6.014076471328735352e-01 5.520483851432800293e-01 4.463927447795867920e-01 1.953195482492446899e-01 1.025083363056182861e-01 5.771365761756896973e-02 3.699283301830291748e-02 3.000554442405700684e-02 2.829051017761230469e-02 2.774840593338012695e-02 2.763578295707702637e-02 2.857755124568939209e-02
5.027869343757629395e-02 5.140829086303710938e-02 5.284735560417175293e-02 5.364567041397094727e-02 6.345875561237335205e-02 7.997362315654754639e-02 9.858635067939758301e-02 1.235346794128417969e-01 2.006864547729492188e-01 3.068544864654541016e-01 9.999797344207763672e-01 9.999979734420776367e-01 0.000000000000000000e+00 9.999982714653015137e-01 9.999794363975524902e-01 2.773147821426391602e-01 1.545571237802505493e-01 1.309722065925598145e-01 1.547848433256149292e-01 1.782200187444686890e-01 2.559137940406799316e-01 5.667170286178588867e-01 6.483886241912841797e-01 6.340352892875671387e-01 6.278203725814819336e-01 5.814127922058105469e-01 2.275146842002868652e-01 1.435302644968032837e-01 7.510030269622802734e-02 4.566866159439086914e-02 3.407591581344604492e-02 2.787286043167114258e-02 2.580937743186950684e-02 2.636486291885375977e-02 2.607443928718566895e-02 2.746713161468505859e-02
4.367367923259735107e-02 4.701808094978332520e-02 5.047526955604553223e-02 5.591523647308349609e-02 6.090357899665832520e-02 7.869079709053039551e-02 1.189065426588058472e-01 1.190150678157806396e-01 1.511340737342834473e-01 1.976669430732727051e-01 2.807067036628723145e-01 9.999811649322509766e-01 9.999982714653015137e-01 0.000000000000000000e+00 9.999982118606567383e-01 9.999763369560241699e-01 3.198066353797912598e-01 1.684948205947875977e-01 1.689429432153701782e-01 2.355265766382217407e-01 5.265046358108520508e-01 6.942819356918334961e-01 7.110153436660766602e-01 7.109773755073547363e-01 6.514185667037963867e-01 1.641182452440261841e-01 1.804750114679336548e-01 1.281331330537796021e-01 7.526616752147674561e-02 4.426537454128265381e-02 3.263992071151733398e-02 2.615828812122344971e-02 2.444747090339660645e-02 2.523489296436309814e-02 2.526387572288513184e-02 2.749697864055633545e-02
3.788122534751892090e-02 4.239049553871154785e-02 4.855057597160339355e-02 5.509771406650543213e-02 6.667992472648620605e-02 8.107201755046844482e-02 1.102056056261062622e-01 1.521986573934555054e-01 1.386027038097381592e-01 1.626097708940505981e-01 1.762517988681793213e-01 2.681187391281127930e-01 9.999794363975524902e-01 9.999982118606567383e-01 0.000000000000000000e+00 9.999984502792358398e-01 9.999765157699584961e-01 4.230442047119140625e-01 2.848605811595916748e-01 3.081784844398498535e-01 5.295917391777038574e-01 7.615926265716552734e-01 7.486886978149414062e-01 7.042407393455505371e-01 1.833325922489166260e-01 1.893482208251953125e-01 1.543742716312408447e-01 1.199502646923065186e-01 7.672834396362304688e-02 4.596088826656341553e-02 3.298871219158172607e-02 2.628527581691741943e-02 2.433200180530548096e-02 2.504938840866088867e-02 2.538096904754638672e-02 2.774111926555633545e-02
3.449892997741699219e-02 3.790937364101409912e-02 4.592530429363250732e-02 5.418106913566589355e-02 6.583489477634429932e-02 8.652114868164062500e-02 1.158925294876098633e-01 1.458544135093688965e-01 1.523294746875762939e-01 1.457179486751556396e-01 1.572241932153701782e-01 1.596873551607131958e-01 2.773147821426391602e-01 9.999763369560241699e-01 9.999984502792358398e-01 0.000000000000000000e+00 9.999986290931701660e-01 9.999781847000122070e-01 6.879277229309082031e-01 3.890086412429809570e-01 4.176592230796813965e-01 5.432279109954833984e-01 6.480661630630493164e-01 1.361480057239532471e-01 1.954951137304306030e-01 1.750413924455642700e-01 1.353758424520492554e-01 1.111047416925430298e-01 8.186155557632446289e-02 5.129174888134002686e-02 3.508143126964569092e-02 2.736194431781768799e-02 2.490800619125366211e-02 2.546294033527374268e-02 2.583441138267517090e-02 2.800358831882476807e-02
3.325453400611877441e-02 3.500442206859588623e-02 4.237377643585205078e-02 5.296842753887176514e-02 6.532038748264312744e-02 8.251930773258209229e-02 1.162776201963424683e-01 1.645731478929519653e-01 1.767033040523529053e-01 1.501021087169647217e-01 1.389183998107910156e-01 1.419493705034255981e-01 1.545571237802505493e-01 3.198066353797912598e-01 9.999765157699584961e-01 9.999986290931701660e-01 0.000000000000000000e+00 9.999988675117492676e-01 9.999794363975524902e-01 6.624609231948852539e-01 3.051230907440185547e-01 3.206062316894531250e-01 1.291528046131134033e-01 1.271097660064697266e-01 1.452982723712921143e-01 1.502113938331604004e-01 1.343070268630981445e-01 1.115946769714355469e-01 8.231055736541748047e-02 5.509519577026367188e-02 3.853321075439453125e-02 2.952390909194946289e-02 2.638122439384460449e-02 2.649860084056854248e-02 2.636419236660003662e-02 2.813704311847686768e-02
3.357817232608795166e-02 3.495256602764129639e-02 4.127456247806549072e-02 5.103859305381774902e-02 6.190969049930572510e-02 8.184289932250976562e-02 1.152763366699218750e-01 1.717127561569213867e-01 1.997664868831634521e-01 1.695108711719512939e-01 1.383974254131317139e-01 1.318718045949935913e-01 1.309722065925598145e-01 1.684948205947875977e-01 4.230442047119140625e-01 9.999781847000122070e-01 9.999988675117492676e-01 0.000000000000000000e+00 9.999988079071044922e-01 9.999729394912719727e-01 5.843418836593627930e-01 2.505365014076232910e-01 1.706664264202117920e-01 1.457785964012145996e-01 1.472754627466201782e-01 1.330950558185577393e-01 1.184351742267608643e-01 1.017427593469619751e-01 8.024400472640991211e-02 5.798000097274780273e-02 4.279543459415435791e-02 3.281551599502563477e-02 2.895234525203704834e-02 2.855631709098815918e-02 2.711182832717895508e-02 2.828322350978851318e-02
3.431560099124908447e-02 3.563477098941802979e-02 3.960639238357543945e-02 4.764221608638763428e-02 5.763347446918487549e-02 7.823479175567626953e-02 1.151532232761383057e-01 1.769034564495086670e-01 2.269512563943862915e-01 2.108101248741149902e-01 1.565399467945098877e-01 1.385710388422012329e-01 1.547848433256149292e-01 1.689429432153701782e-01 2.848605811595916748e-01 6.879277229309082031e-01 9.999794363975524902e-01 9.999988079071044922e-01 0.000000000000000000e+00 9.999980926513671875e-01 9.999506473541259766e-01 6.320114135742187500e-01 2.694547772407531738e-01 1.726682186126708984e-01 1.430399715900421143e-01 1.363332271575927734e-01 1.042221933603286743e-01 9.204708039760589600e-02 7.379405200481414795e-02 5.824206769466400146e-02 4.745936393737792969e-02 3.895309567451477051e-02 3.300666809082031250e-02 3.094691038131713867e-02 2.824786305427551270e-02 2.871426939964294434e-02
3.484438359737396240e-02 3.525570034980773926e-02 3.801205754280090332e-02 4.305875301361083984e-02 5.136413872241973877e-02 6.975914537906646729e-02 1.181529462337493896e-01 1.931947916746139526e-01 2.672587037086486816e-01 3.171799778938293457e-01 2.234847396612167358e-01 1.808340549468994141e-01 1.782200187444686890e-01 2.355265766382217407e-01 3.081784844398498535e-01 3.890086412429809570e-01 6.624609231948852539e-01 9.999729394912719727e-01 9.999980926513671875e-01 0.000000000000000000e+00 9.999963045120239258e-01 9.999505281448364258e-01 6.661741137504577637e-01 2.779150605201721191e-01 1.581063270568847656e-01 1.280710846185684204e-01 1.019800603389739990e-01 8.830225467681884766e-02 7.158546149730682373e-02 5.916738510131835938e-02 5.112537741661071777e-02 4.407179355621337891e-02 3.919461369514465332e-02 3.437565267086029053e-02 3.004188835620880127e-02 2.953755855560302734e-02
3.478690981864929199e-02 3.485418856143951416e-02 3.684666752815246582e-02 4.044209420680999756e-02 4.675002396106719971e-02 6.308875977993011475e-02 9.930479526519775391e-02 1.888677477836608887e-01 3.049507141113281250e-01 3.737002611160278320e-01 3.288384377956390381e-01 2.814092636108398438e-01 2.559137940406799316e-01 5.265046358108520508e-01 5.295917391777038574e-01 4.176592230796813965e-01 3.051230907440185547e-01 5.843418836593627930e-01 9.999506473541259766e-01 9.999963045120239258e-01 0.000000000000000000e+00 9.999959468841552734e-01 9.999469518661499023e-01 6.177747249603271484e-01 2.593295574188232422e-01 1.399471461772918701e-01 1.096029281616210938e-01 8.970084786415100098e-02 7.911199331283569336e-02 6.126728653907775879e-02 5.417206883430480957e-02 4.873760044574737549e-02 4.309810698032379150e-02 3.913711011409759521e-02 3.291693329811096191e-02 3.110373020172119141e-02
3.507205843925476074e-02 3.521530330181121826e-02 3.772996366024017334e-02 4.037025570869445801e-02 4.395586252212524414e-02 5.446922779083251953e-02 8.280001580715179443e-02 1.548699289560317993e-01 3.156989216804504395e-01 3.876828551292419434e-01 3.443756997585296631e-01 2.916944026947021484e-01 5.667170286178588867e-01 6.942819356918334961e-01 7.615926265716552734e-01 5.432279109954833984e-01 3.206062316894531250e-01 2.505365014076232910e-01 6.320114135742187500e-01 9.999505281448364258e-01 9.999959468841552734e-01 0.000000000000000000e+00 9.999952912330627441e-01 9.999359846115112305e-01 5.668464303016662598e-01 2.238469868898391724e-01 1.253717541694641113e-01 9.503421187400817871e-02 8.263194561004638672e-02 7.230770587921142578e-02 5.717124044895172119e-02 5.212713778018951416e-02 4.676990211009979248e-02 4.285010695457458496e-02 3.733615577220916748e-02 3.376746177673339844e-02
3.722399473190307617e-02 3.725500404834747314e-02 3.917324542999267578e-02 4.117456078529357910e-02 4.241667687892913818e-02 5.476625263690948486e-02 8.347767591476440430e-02 1.619738936424255371e-01 3.142334818840026855e-01 3.802388310432434082e-01 3.012682199478149414e-01 6.062995791435241699e-01 6.483886241912841797e-01 7.110153436660766602e-01 7.486886978149414062e-01 6.480661630630493164e-01 1.291528046131134033e-01 1.706664264202117920e-01 2.694547772407531738e-01 6.661741137504577637e-01 9.999469518661499023e-01 9.999952912330627441e-01 0.000000000000000000e+00 9.999939203262329102e-01 9.999058842658996582e-01 4.392689466476440430e-01 1.792958676815032959e-01 1.124205887317657471e-01 8.800594508647918701e-02 7.812373340129852295e-02 6.700177490711212158e-02 5.585636198520660400e-02 5.052112042903900146e-02 4.669870436191558838e-02 4.159399867057800293e-02 3.707449138164520264e-02
3.882800042629241943e-02 3.791356086730957031e-02 4.016782343387603760e-02 4.143029451370239258e-02 4.529392719268798828e-02 6.679648160934448242e-02 1.155632734298706055e-01 2.149521559476852417e-01 3.312281668186187744e-01 4.202786684036254883e-01 5.268915891647338867e-01 5.969393849372863770e-01 6.340352892875671387e-01 7.109773755073547363e-01 7.042407393455505371e-01 1.361480057239532471e-01 1.271097660064697266e-01 1.457785964012145996e-01 1.726682186126708984e-01 2.779150605201721191e-01 6.177747249603271484e-01 9.999359846115112305e-01 9.999939203262329102e-01 0.000000000000000000e+00 9.999902844429016113e-01 9.998694658279418945e-01 2.916053831577301025e-01 1.551255881786346436e-01 1.072200089693069458e-01 8.163708448410034180e-02 7.249318063259124756e-02 6.245359778404235840e-02 5.278138816356658936e-02 4.854060709476470947e-02 4.523624479770660400e-02 3.974102437496185303e-02
3.935341536998748779e-02 3.622879087924957275e-02 3.892603516578674316e-02 4.260668158531188965e-02 5.810286104679107666e-02 1.043757796287536621e-01 1.801914721727371216e-01 2.879161238670349121e-01 3.758712112903594971e-01 4.603944122791290283e-01 5.281561017036437988e-01 6.014076471328735352e-01 6.278203725814819336e-01 6.514185667037963867e-01 1.833325922489166260e-01 1.954951137304306030e-01 1.452982723712921143e-01 1.472754627466201782e-01 1.430399715900421143e-01 1.581063270568847656e-01 2.593295574188232422e-01 5.668464303016662598e-01 9.999058842658996582e-01 9.999902844429016113e-01 0.000000000000000000e+00 9.999842047691345215e-01 9.998345375061035156e-01 2.562300860881805420e-01 1.454447805881500244e-01 1.025060117244720459e-01 7.622419297695159912e-02 6.712166965007781982e-02 5.585877597332000732e-02 4.897758364677429199e-02 4.695227742195129395e-02 4.235008358955383301e-02
3.726089000701904297e-02 3.434999287128448486e-02 3.921335935592651367e-02 5.420386791229248047e-02 8.753882348537445068e-02 1.559440195560455322e-01 2.688770592212677002e-01 3.715563714504241943e-01 4.405142068862915039e-01 4.463703334331512451e-01 4.722309112548828125e-01 5.520483851432800293e-01 5.814127922058105469e-01 1.641182452440261841e-01 1.893482208251953125e-01 1.750413924455642700e-01 1.502113938331604004e-01 1.330950558185577393e-01 1.363332271575927734e-01 1.280710846185684204e-01 1.399471461772918701e-01 2.238469868898391724e-01 4.392689466476440430e-01 9.998694658279418945e-01 9.999842047691345215e-01 0.000000000000000000e+00 9.999769926071166992e-01 9.998008608818054199e-01 2.259538024663925171e-01 1.394639611244201660e-01 9.949256479740142822e-02 7.024869322776794434e-02 5.750057101249694824e-02 5.071163177490234375e-02 4.589109122753143311e-02 4.369905591011047363e-02
3.953281044960021973e-02 3.879430890083312988e-02 5.299319326877593994e-02 7.745411992073059082e-02 1.246352791786193848e-01 2.152567207813262939e-01 3.668925762176513672e-01 4.270254373550415039e-01 4.002780616283416748e-01 3.140473067760467529e-01 3.511341214179992676e-01 4.463927447795867920e-01 2.275146842002868652e-01 1.804750114679336548e-01 1.543742716312408447e-01 1.353758424520492554e-01 1.343070268630981445e-01 1.184351742267608643e-01 1.042221933603286743e-01 1.019800603389739990e-01 1.096029281616210938e-01 1.253717541694641113e-01 1.792958676815032959e-01 2.916053831577301025e-01 9.998345375061035156e-01 9.999769926071166992e-01 0.000000000000000000e+00 9.999700784683227539e-01 9.997538924217224121e-01 1.971144229173660278e-01 1.325641572475433350e-01 9.084846079349517822e-02 5.967296659946441650e-02 4.968492686748504639e-02 4.474896192550659180e-02 4.168774187564849854e-02
5.592766404151916504e-02 6.322914361953735352e-02 9.838630259037017822e-02 1.094960272312164307e-01 1.463063508272171021e-01 2.828143239021301270e-01 4.397318363189697266e-01 3.740050792694091797e-01 1.831366568803787231e-01 1.889761984348297119e-01 2.455466985702514648e-01 1.953195482492446899e-01 1.435302644968032837e-01 1.281331330537796021e-01 1.199502646923065186e-01 1.111047416925430298e-01 1.115946769714355469e-01 1.017427593469619751e-01 9.204708039760589600e-02 8.830225467681884766e-02 8.970084786415100098e-02 9.503421187400817871e-02 1.124205887317657471e-01 1.551255881786346436e-01 2.562300860881805420e-01 9.998008608818054199e-01 9.999700784683227539e-01 0.000000000000000000e+00 9.999544620513916016e-01 9.995989203453063965e-01 1.793869733810424805e-01 1.267691999673843384e-01 7.690343260765075684e-02 5.039286613464355469e-02 4.344427585601806641e-02 3.891414403915405273e-02
1.325534284114837646e-01 1.966022700071334839e-01 1.436563432216644287e-01 8.002553880214691162e-02 1.312188208103179932e-01 3.782336413860321045e-01 3.765127956867218018e-01 2.241681069135665894e-01 1.501826792955398560e-01 1.501703411340713501e-01 1.331361532211303711e-01 1.025083363056182861e-01 7.510030269622802734e-02 7.526616752147674561e-02 7.672834396362304688e-02 8.186155557632446289e-02 8.231055736541748047e-02 8.024400472640991211e-02 7.379405200481414795e-02 7.158546149730682373e-02 7.911199331283569336e-02 8.263194561004638672e-02 8.800594508647918701e-02 1.072200089693069458e-01 1.454447805881500244e-01 2.259538024663925171e-01 9.997538924217224121e-01 9.999544620513916016e-01 0.000000000000000000e+00 9.998968839645385742e-01 9.991980791091918945e-01 1.663128733634948730e-01 1.208211034536361694e-01 6.654894351959228516e-02 4.582643508911132812e-02 3.881725668907165527e-02
3.462450504302978516e-01 2.160297930240631104e-01 7.762010395526885986e-02 8.420987427234649658e-02 3.101482391357421875e-01 4.773757457733154297e-01 4.029810428619384766e-01 2.184445559978485107e-01 1.601771712303161621e-01 1.032933443784713745e-01 7.870677113533020020e-02 5.771365761756896973e-02 4.566866159439086914e-02 4.426537454128265381e-02 4.596088826656341553e-02 5.129174888134002686e-02 5.509519577026367188e-02 5.798000097274780273e-02 5.824206769466400146e-02 5.916738510131835938e-02 6.126728653907775879e-02 7.230770587921142578e-02 7.812373340129852295e-02 8.163708448410034180e-02 1.025060117244720459e-01 1.394639611244201660e-01 1.971144229173660278e-01 9.995989203453063965e-01 9.998968839645385742e-01 0.000000000000000000e+00 9.997740983963012695e-01 9.986658096313476562e-01 1.572253108024597168e-01 1.086688935756683350e-01 5.810061097145080566e-02 4.381076991558074951e-02
3.379089236259460449e-01 8.270472288131713867e-02 8.343839645385742188e-02 6.427080631256103516e-01 5.936901569366455078e-01 6.008153557777404785e-01 3.648115694522857666e-01 2.423759549856185913e-01 9.735146164894104004e-02 6.120561063289642334e-02 4.677465558052062988e-02 3.699283301830291748e-02 3.407591581344604492e-02 3.263992071151733398e-02 3.298871219158172607e-02 3.508143126964569092e-02 3.853321075439453125e-02 4.279543459415435791e-02 4.745936393737792969e-02 5.112537741661071777e-02 5.417206883430480957e-02 5.717124044895172119e-02 6.700177490711212158e-02 7.249318063259124756e-02 7.622419297695159912e-02 9.949256479740142822e-02 1.325641572475433350e-01 1.793869733810424805e-01 9.991980791091918945e-01 9.997740983963012695e-01 0.000000000000000000e+00 9.995936155319213867e-01 9.979999661445617676e-01 1.418974846601486206e-01 1.010456830263137817e-01 5.637101829051971436e-02
8.327859640121459961e-02 8.700494468212127686e-02 7.184840440750122070e-01 6.508656740188598633e-01 5.852393507957458496e-01 5.172160863876342773e-01 3.592508435249328613e-01 7.045897841453552246e-02 5.058747529983520508e-02 4.105775058269500732e-02 3.402179479598999023e-02 3.000554442405700684e-02 2.787286043167114258e-02 2.615828812122344971e-02 2.628527581691741943e-02 2.736194431781768799e-02 2.952390909194946289e-02 3.281551599502563477e-02 3.895309567451477051e-02 4.407179355621337891e-02 4.873760044574737549e-02 5.212713778018951416e-02 5.585636198520660400e-02 6.245359778404235840e-02 6.712166965007781982e-02 7.024869322776794434e-02 9.084846079349517822e-02 1.267691999673843384e-01 1.663128733634948730e-01 9.986658096313476562e-01 9.995936155319213867e-01 0.000000000000000000e+00 9.992007017135620117e-01 9.967602491378784180e-01 1.358871608972549438e-01 9.128592908382415771e-02
9.565280377864837646e-02 7.611063122749328613e-01 7.544230222702026367e-01 6.918999552726745605e-01 4.704119265079498291e-01 5.378126502037048340e-01 5.827046930789947510e-02 4.121512174606323242e-02 3.891701996326446533e-02 3.509128093719482422e-02 3.083693981170654297e-02 2.829051017761230469e-02 2.580937743186950684e-02 2.444747090339660645e-02 2.433200180530548096e-02 2.490800619125366211e-02 2.638122439384460449e-02 2.895234525203704834e-02 3.300666809082031250e-02 3.919461369514465332e-02 4.309810698032379150e-02 4.676990211009979248e-02 5.052112042903900146e-02 5.278138816356658936e-02 5.585877597332000732e-02 5.750057101249694824e-02 5.967296659946441650e-02 7.690343260765075684e-02 1.208211034536361694e-01 1.572253108024597168e-01 9.979999661445617676e-01 9.992007017135620117e-01 0.000000000000000000e+00 9.989346861839294434e-01 9.937355518341064453e-01 1.435935944318771362e-01
7.955141067504882812e-01 9.076091051101684570e-01 8.297075629234313965e-01 7.648273706436157227e-01 7.771550416946411133e-01 4.759874939918518066e-02 3.682775795459747314e-02 3.392890095710754395e-02 3.364251554012298584e-02 3.165821731090545654e-02 2.974312007427215576e-02 2.774840593338012695e-02 2.636486291885375977e-02 2.523489296436309814e-02 2.504938840866088867e-02 2.546294033527374268e-02 2.649860084056854248e-02 2.855631709098815918e-02 3.094691038131713867e-02 3.437565267086029053e-02 3.913711011409759521e-02 4.285010695457458496e-02 4.669870436191558838e-02 4.854060709476470947e-02 4.897758364677429199e-02 5.071163177490234375e-02 4.968492686748504639e-02 5.039286613464355469e-02 6.654894351959228516e-02 1.086688935756683350e-01 1.418974846601486206e-01 9.967602491378784180e-01 9.989346861839294434e-01 0.000000000000000000e+00 9.979767799377441406e-01 9.845467209815979004e-01
8.644228577613830566e-01 8.924083709716796875e-01 8.779508471488952637e-01 9.139187335968017578e-01 4.504255950450897217e-02 3.638197481632232666e-02 3.308187425136566162e-02 3.295233845710754395e-02 3.138965368270874023e-02 3.040483593940734863e-02 2.931356430053710938e-02 2.763578295707702637e-02 2.607443928718566895e-02 2.526387572288513184e-02 2.538096904754638672e-02 2.583441138267517090e-02 2.636419236660003662e-02 2.711182832717895508e-02 2.824786305427551270e-02 3.004188835620880127e-02 3.291693329811096191e-02 3.733615577220916748e-02 4.159399867057800293e-02 4.523624479770660400e-02 4.695227742195129395e-02 4.589109122753143311e-02 4.474896192550659180e-02 4.344427585601806641e-02 4.582643508911132812e-02 5.810061097145080566e-02 1.010456830263137817e-01 1.358871608972549438e-01 9.937355518341064453e-01 9.979767799377441406e-01 0.000000000000000000e+00 9.963115453720092773e-01
8.437985777854919434e-01 8.382812738418579102e-01 8.410212397575378418e-01 4.788999259471893311e-02 3.894887864589691162e-02 3.765431046485900879e-02 3.704272210597991943e-02 3.610967099666595459e-02 3.416109085083007812e-02 3.209446370601654053e-02 3.038945794105529785e-02 2.857755124568939209e-02 2.746713161468505859e-02 2.749697864055633545e-02 2.774111926555633545e-02 2.800358831882476807e-02 2.813704311847686768e-02 2.828322350978851318e-02 2.871426939964294434e-02 2.953755855560302734e-02 3.110373020172119141e-02 3.376746177673339844e-02 3.707449138164520264e-02 3.974102437496185303e-02 4.235008358955383301e-02 4.369905591011047363e-02 4.168774187564849854e-02 3.891414403915405273e-02 3.881725668907165527e-02 4.381076991558074951e-02 5.637101829051971436e-02 9.128592908382415771e-02 1.435935944318771362e-01 9.845467209815979004e-01 9.963115453720092773e-01 0.000000000000000000e+00
