0.000000000000000000e+00 9.992586374282836914e-01 9.989835023880004883e-01 1.415085643529891968e-01 1.246157735586166382e-01 1.011438518762588501e-01 7.137420773506164551e-02 6.912137567996978760e-02 6.066735088825225830e-02 6.457640230655670166e-02 6.596714258193969727e-02 6.079900264739990234e-02 5.637985467910766602e-02 4.951924085617065430e-02 4.255318641662597656e-02 3.896084427833557129e-02 3.627927601337432861e-02 3.447677195072174072e-02 3.345212340354919434e-02 3.316731750965118408e-02 3.353685140609741211e-02 3.404548764228820801e-02 3.435574471950531006e-02 3.422646224498748779e-02 3.376790881156921387e-02 3.339721262454986572e-02 3.338769078254699707e-02 3.368508815765380859e-02 3.408347070217132568e-02 3.455115854740142822e-02 3.532482683658599854e-02 3.595285117626190186e-02 3.615395724773406982e-02 3.580427169799804688e-02 3.504379093647003174e-02 3.425934910774230957e-02 3.364652395248413086e-02 3.343860805034637451e-02 3.351977467536926270e-02 3.389178216457366943e-02 3.447088599205017090e-02 3.509445488452911377e-02 3.550590574741363525e-02 3.573189675807952881e-02 3.589214384555816650e-02 3.600046038627624512e-02 3.603217005729675293e-02 3.598868846893310547e-02 3.591483831405639648e-02 3.573547303676605225e-02 3.547611832618713379e-02 3.531314432621002197e-02 3.507471084594726562e-02 3.479366004467010498e-02 3.434081375598907471e-02 3.383305668830871582e-02 3.338892757892608643e-02 3.323625028133392334e-02 3.321872651576995850e-02 3.336955606937408447e-02 3.354942798614501953e-02 3.382566571235656738e-02 3.410375118255615234e-02 3.436470031738281250e-02 3.484049439430236816e-02 3.535725176334381104e-02 3.575958311557769775e-02 3.660383820533752441e-02 3.808501362800598145e-02 3.990527987480163574e-02 4.071614146232604980e-02 4.051148891448974609e-02 3.948858380317687988e-02 3.813296556472778320e-02 3.696078062057495117e-02 3.614647686481475830e-02 3.549167513847351074e-02 3.499796986579895020e-02 3.508225083351135254e-02 3.581339120864868164e-02 3.680054843425750732e-02 3.761859238147735596e-02 3.818169236183166504e-02 3.822839260101318359e-02 3.761947154998779297e-02 3.659880161285400391e-02 3.566308319568634033e-02 3.493677079677581787e-02 3.483042120933532715e-02 3.498509526252746582e-02 3.504623472690582275e-02 3.507383167743682861e-02 3.556810319423675537e-02 3.660349547863006592e-02 3.721581399440765381e-02 3.713566064834594727e-02 3.617732226848602295e-02 3.630869090557098389e-02 3.702935576438903809e-02 3.788146376609802246e-02 3.834384679794311523e-02 3.877149522304534912e-02 4.158799350261688232e-02 6.557306647300720215e-02 1.844609975814819336e-01 3.734209537506103516e-01 3.111838400363922119e-01 8.582662045955657959e-02 1.143577694892883301e-01 9.055896997451782227e-01 9.388611316680908203e-01 9.081997275352478027e-01
9.992586374282836914e-01 0.000000000000000000e+00 9.997478723526000977e-01 9.996675848960876465e-01 1.507105678319931030e-01 1.249360889196395874e-01 9.732189774513244629e-02 6.575736403465270996e-02 6.387050449848175049e-02 6.405214965343475342e-02 6.129395961761474609e-02 6.323702633380889893e-02 5.966192483901977539e-02 5.463637411594390869e-02 4.896305501461029053e-02 4.300481081008911133e-02 3.766699135303497314e-02 3.399471938610076904e-02 3.189611434936523438e-02 3.109109401702880859e-02 3.123611211776733398e-02 3.209978342056274414e-02 3.294442594051361084e-02 3.314542770385742188e-02 3.310912847518920898e-02 3.323969244956970215e-02 3.351111710071563721e-02 3.386628627777099609e-02 3.436124324798583984e-02 3.480882942676544189e-02 3.527612984180450439e-02 3.553755581378936768e-02 3.538730740547180176e-02 3.498126566410064697e-02 3.436695039272308350e-02 3.357689082622528076e-02 3.299573063850402832e-02 3.278435766696929932e-02 3.289212286472320557e-02 3.330177068710327148e-02 3.389729559421539307e-02 3.443132340908050537e-02 3.487825393676757812e-02 3.516077995300292969e-02 3.537535667419433594e-02 3.558117151260375977e-02 3.586143255233764648e-02 3.632375597953796387e-02 3.681848943233489990e-02 3.726637363433837891e-02 3.756581246852874756e-02 3.760282695293426514e-02 3.734992444515228271e-02 3.686638176441192627e-02 3.601646423339843750e-02 3.489953279495239258e-02 3.381352126598358154e-02 3.307314217090606689e-02 3.260371088981628418e-02 3.243221342563629150e-02 3.252637386322021484e-02 3.264644742012023926e-02 3.271402418613433838e-02 3.288558125495910645e-02 3.316305577754974365e-02 3.345286846160888672e-02 3.365641832351684570e-02 3.399142622947692871e-02 3.577548265457153320e-02 3.898546099662780762e-02 4.063655436038970947e-02 4.070580005645751953e-02 3.987376391887664795e-02 3.798079490661621094e-02 3.631345927715301514e-02 3.494103252887725830e-02 3.434988856315612793e-02 3.495477139949798584e-02 3.618049621582031250e-02 3.754474222660064697e-02 3.876146674156188965e-02 3.972741961479187012e-02 4.024164378643035889e-02 4.002837836742401123e-02 3.916016221046447754e-02 3.814223408699035645e-02 3.686092793941497803e-02 3.590758144855499268e-02 3.546082973480224609e-02 3.495299816131591797e-02 3.424911201000213623e-02 3.398375213146209717e-02 3.446657955646514893e-02 3.527243435382843018e-02 3.557531535625457764e-02 3.541430830955505371e-02 3.515911102294921875e-02 3.623586893081665039e-02 3.651085495948791504e-02 3.758977353572845459e-02 3.689903020858764648e-02 3.714655339717864990e-02 5.351734161376953125e-02 1.539333611726760864e-01 3.135638833045959473e-01 2.588121294975280762e-01 7.420808076858520508e-02 9.644168615341186523e-02 9.003391861915588379e-01 9.665736556053161621e-01 9.664994478225708008e-01 9.190374612808227539e-01
9.989835023880004883e-01 9.997478723526000977e-01 0.000000000000000000e+00 9.998686909675598145e-01 9.994217753410339355e-01 1.618505120277404785e-01 1.246613115072250366e-01 8.738131821155548096e-02 6.842859089374542236e-02 7.034745812416076660e-02 6.476087868213653564e-02 6.114584207534790039e-02 6.329919397830963135e-02 5.878567695617675781e-02 5.477830767631530762e-02 5.169458687305450439e-02 4.608349502086639404e-02 4.126121103763580322e-02 3.646968305110931396e-02 3.363028168678283691e-02 3.267319500446319580e-02 3.318655490875244141e-02 3.411386907100677490e-02 3.446252644062042236e-02 3.458632528781890869e-02 3.451532125473022461e-02 3.460508584976196289e-02 3.510874509811401367e-02 3.578594326972961426e-02 3.616309165954589844e-02 3.638690710067749023e-02 3.649851679801940918e-02 3.622096776962280273e-02 3.541433811187744141e-02 3.444012999534606934e-02 3.366500139236450195e-02 3.315186500549316406e-02 3.313314914703369141e-02 3.345118463039398193e-02 3.397472202777862549e-02 3.470006585121154785e-02 3.543257713317871094e-02 3.603376448154449463e-02 3.646595776081085205e-02 3.679889440536499023e-02 3.714504837989807129e-02 3.756472468376159668e-02 3.802254796028137207e-02 3.841882944107055664e-02 3.874677419662475586e-02 3.879965841770172119e-02 3.844867646694183350e-02 3.773134946823120117e-02 3.676046431064605713e-02 3.560113906860351562e-02 3.438365459442138672e-02 3.338564932346343994e-02 3.260883688926696777e-02 3.230582177639007568e-02 3.256261348724365234e-02 3.295807540416717529e-02 3.323796391487121582e-02 3.369255363941192627e-02 3.397980332374572754e-02 3.388398885726928711e-02 3.376744687557220459e-02 3.381326794624328613e-02 3.479029238224029541e-02 3.776407241821289062e-02 4.081149399280548096e-02 4.256284236907958984e-02 4.294419288635253906e-02 4.268373548984527588e-02 4.136897623538970947e-02 3.909090161323547363e-02 3.717426955699920654e-02 3.644907474517822266e-02 3.693006932735443115e-02 3.845599293708801270e-02 4.014746844768524170e-02 4.192300140857696533e-02 4.344123601913452148e-02 4.404690861701965332e-02 4.369325935840606689e-02 4.234932363033294678e-02 4.022580385208129883e-02 3.788964450359344482e-02 3.632315993309020996e-02 3.594088554382324219e-02 3.549034893512725830e-02 3.504088521003723145e-02 3.507289290428161621e-02 3.569875657558441162e-02 3.574414551258087158e-02 3.515745699405670166e-02 3.593273460865020752e-02 3.828620910644531250e-02 4.145029187202453613e-02 4.255169630050659180e-02 4.216484725475311279e-02 4.248571395874023438e-02 5.256980657577514648e-02 1.253355741500854492e-01 2.651642560958862305e-01 2.232833653688430786e-01 6.501874327659606934e-02 8.608087897300720215e-02 8.739647865295410156e-01 9.390972256660461426e-01 9.691500663757324219e-01 9.653221964836120605e-01 8.988958597183227539e-01
1.415085643529891968e-01 9.996675848960876465e-01 9.998686909675598145e-01 0.000000000000000000e+00 9.998691082000732422e-01 9.997003674507141113e-01 1.787646114826202393e-01 1.256715357303619385e-01 9.014391899108886719e-02 7.426173985004425049e-02 7.931399345397949219e-02 7.124142348766326904e-02 6.712988018989562988e-02 7.044355571269989014e-02 6.555671989917755127e-02 6.025086343288421631e-02 5.579775571823120117e-02 5.027480423450469971e-02 4.345759749412536621e-02 3.911352157592773438e-02 3.592605888843536377e-02 3.510232269763946533e-02 3.540077805519104004e-02 3.565767407417297363e-02 3.627428412437438965e-02 3.692387044429779053e-02 3.745278716087341309e-02 3.809249401092529297e-02 3.861166536808013916e-02 3.904019296169281006e-02 3.946775197982788086e-02 3.933449089527130127e-02 3.863127529621124268e-02 3.748352825641632080e-02 3.668475151062011719e-02 3.599642217159271240e-02 3.550876677036285400e-02 3.542058169841766357e-02 3.577217459678649902e-02 3.659327328205108643e-02 3.756423294544219971e-02 3.859214484691619873e-02 3.953565657138824463e-02 4.029400646686553955e-02 4.075488448143005371e-02 4.105246067047119141e-02 4.147887229919433594e-02 4.203094542026519775e-02 4.258890450000762939e-02 4.288017749786376953e-02 4.265026748180389404e-02 4.182033240795135498e-02 4.061667621135711670e-02 3.922769427299499512e-02 3.784252703189849854e-02 3.670887649059295654e-02 3.609703481197357178e-02 3.553335368633270264e-02 3.551223874092102051e-02 3.601600229740142822e-02 3.710739314556121826e-02 3.809033334255218506e-02 3.812317550182342529e-02 3.728231787681579590e-02 3.612466156482696533e-02 3.557540476322174072e-02 3.608576953411102295e-02 3.788816928863525391e-02 4.109248518943786621e-02 4.423442482948303223e-02 4.660758376121520996e-02 4.861785471439361572e-02 4.843586683273315430e-02 4.520599544048309326e-02 4.264150559902191162e-02 4.100345075130462646e-02 4.093800485134124756e-02 4.313762485980987549e-02 4.686731100082397461e-02 5.046147108078002930e-02 5.229046940803527832e-02 5.257843434810638428e-02 5.210685729980468750e-02 5.013972520828247070e-02 4.684571921825408936e-02 4.373300075531005859e-02 4.127857089042663574e-02 4.047253727912902832e-02 3.978605568408966064e-02 3.921882808208465576e-02 3.950901329517364502e-02 3.941199183464050293e-02 3.818130493164062500e-02 3.720054030418395996e-02 3.707164525985717773e-02 3.892117738723754883e-02 4.202635586261749268e-02 4.514725506305694580e-02 4.842555522918701172e-02 5.162958800792694092e-02 6.214497983455657959e-02 1.456828266382217407e-01 2.748526930809020996e-01 2.049729675054550171e-01 5.965976417064666748e-02 7.916949689388275146e-02 8.520251512527465820e-01 9.008249044418334961e-01 9.417542219161987305e-01 9.633396863937377930e-01 9.656067490577697754e-01 4.922544956207275391e-02
1.246157735586166382e-01 1.507105678319931030e-01 9.994217753410339355e-01 9.998691082000732422e-01 0.000000000000000000e+00 9.999427199363708496e-01 9.998631477355957031e-01 1.916121542453765869e-01 1.267928928136825562e-01 9.476749598979949951e-02 8.187820017337799072e-02 8.941662311553955078e-02 8.285556733608245850e-02 8.393192291259765625e-02 9.223133325576782227e-02 8.083716034889221191e-02 7.325054705142974854e-02 6.376262009143829346e-02 5.720622837543487549e-02 5.108229815959930420e-02 4.585225880146026611e-02 4.247230291366577148e-02 4.110237956047058105e-02 4.056970775127410889e-02 4.037679731845855713e-02 4.054799675941467285e-02 4.114505648612976074e-02 4.195047914981842041e-02 4.342457652091979980e-02 4.488262534141540527e-02 4.570052027702331543e-02 4.531311988830566406e-02 4.421557486057281494e-02 4.246325790882110596e-02 4.035933315753936768e-02 3.905725479125976562e-02 3.845973312854766846e-02 3.833892941474914551e-02 3.868131339550018311e-02 3.983724117279052734e-02 4.130958020687103271e-02 4.265417158603668213e-02 4.356203973293304443e-02 4.414494335651397705e-02 4.445765912532806396e-02 4.435794055461883545e-02 4.409445822238922119e-02 4.388985037803649902e-02 4.368154704570770264e-02 4.337292909622192383e-02 4.297956824302673340e-02 4.246999323368072510e-02 4.199057817459106445e-02 4.152841866016387939e-02 4.093962907791137695e-02 4.024648666381835938e-02 3.985498845577239990e-02 3.917653858661651611e-02 3.894436359405517578e-02 3.921808302402496338e-02 3.971877694129943848e-02 4.014851152896881104e-02 4.005470871925354004e-02 3.938232362270355225e-02 3.871527314186096191e-02 3.815919160842895508e-02 3.913913667201995850e-02 4.191893339157104492e-02 4.612784087657928467e-02 5.104620754718780518e-02 5.484975874423980713e-02 5.762757360935211182e-02 5.721209943294525146e-02 5.232883989810943604e-02 4.930567741394042969e-02 4.839630424976348877e-02 5.077244341373443604e-02 5.599476397037506104e-02 6.238844990730285645e-02 6.636309623718261719e-02 6.978255510330200195e-02 6.898646056652069092e-02 6.369754672050476074e-02 5.700796842575073242e-02 5.080801248550415039e-02 4.692177474498748779e-02 4.423622786998748779e-02 4.165391623973846436e-02 4.014053940773010254e-02 4.015870392322540283e-02 4.092413187026977539e-02 4.118166863918304443e-02 4.032553732395172119e-02 3.929297626018524170e-02 3.969925642013549805e-02 4.092510044574737549e-02 4.300270974636077881e-02 4.666791856288909912e-02 5.059178173542022705e-02 6.334844231605529785e-02 1.747520714998245239e-01 3.251866996288299561e-01 2.421221584081649780e-01 6.787523627281188965e-02 7.948306202888488770e-02 7.740754485130310059e-01 8.624367713928222656e-01 8.978512287139892578e-01 9.296923279762268066e-01 9.482990503311157227e-01 4.034335911273956299e-02 3.469392657279968262e-02
1.011438518762588501e-01 1.249360889196395874e-01 1.618505120277404785e-01 9.997003674507141113e-01 9.999427199363708496e-01 0.000000000000000000e+00 9.999800324440002441e-01 9.999328851699829102e-01 2.154090255498886108e-01 1.381639689207077026e-01 1.078344881534576416e-01 1.073069125413894653e-01 1.398384273052215576e-01 1.359725147485733032e-01 1.408978253602981567e-01 1.353023648262023926e-01 1.053051501512527466e-01 9.416209161281585693e-02 8.953541517257690430e-02 8.183893561363220215e-02 6.925889849662780762e-02 5.780245363712310791e-02 5.182640254497528076e-02 4.853145778179168701e-02 4.731401801109313965e-02 4.714792966842651367e-02 4.800316691398620605e-02 4.987880587577819824e-02 5.223137140274047852e-02 5.454465746879577637e-02 5.500267446041107178e-02 5.410678684711456299e-02 5.215698480606079102e-02 4.981535673141479492e-02 4.759830236434936523e-02 4.563599824905395508e-02 4.442641139030456543e-02 4.406479001045227051e-02 4.449205100536346436e-02 4.604853689670562744e-02 4.742085933685302734e-02 4.891051352024078369e-02 5.007605254650115967e-02 5.121637880802154541e-02 5.189935863018035889e-02 5.190718173980712891e-02 5.130346119403839111e-02 5.031608045101165771e-02 4.931898415088653564e-02 4.844538867473602295e-02 4.753312468528747559e-02 4.657067358493804932e-02 4.566386342048645020e-02 4.502013325691223145e-02 4.439844191074371338e-02 4.404972493648529053e-02 4.397200047969818115e-02 4.316020011901855469e-02 4.294905066490173340e-02 4.313068091869354248e-02 4.322589933872222900e-02 4.298658668994903564e-02 4.247331619262695312e-02 4.214671254158020020e-02 4.207794368267059326e-02 4.302172362804412842e-02 4.563471674919128418e-02 5.093099176883697510e-02 5.922658741474151611e-02 6.710526347160339355e-02 7.510767877101898193e-02 8.431240916252136230e-02 8.096338808536529541e-02 7.355631887912750244e-02 6.648893654346466064e-02 6.633558869361877441e-02 7.280075550079345703e-02 8.230906724929809570e-02 1.000434160232543945e-01 1.187823712825775146e-01 1.230083703994750977e-01 1.134581565856933594e-01 9.325508773326873779e-02 7.236531376838684082e-02 5.881911516189575195e-02 5.142365396022796631e-02 4.725036025047302246e-02 4.338936507701873779e-02 4.217571020126342773e-02 4.207785427570343018e-02 4.227940738201141357e-02 4.246611893177032471e-02 4.182524979114532471e-02 4.135596752166748047e-02 4.203093051910400391e-02 4.268394410610198975e-02 4.444454610347747803e-02 4.853068292140960693e-02 5.790989100933074951e-02 1.330652385950088501e-01 3.230525851249694824e-01 3.162581324577331543e-01 9.009024500846862793e-02 9.383960068225860596e-02 8.008755445480346680e-01 8.532382249832153320e-01 8.908272385597229004e-01 9.157326221466064453e-01 9.298704266548156738e-01 3.854975104331970215e-02 2.956695854663848877e-02 3.391151130199432373e-02
7.137420773506164551e-02 9.732189774513244629e-02 1.246613115072250366e-01 1.787646114826202393e-01 9.998631477355957031e-01 9.999800324440002441e-01 0.000000000000000000e+00 9.999914765357971191e-01 9.999594688415527344e-01 2.509432435035705566e-01 1.736941039562225342e-01 1.416310369968414307e-01 1.536366045475006104e-01 1.918880939483642578e-01 1.731781810522079468e-01 1.657685637474060059e-01 1.552513539791107178e-01 1.449411660432815552e-01 1.538690775632858276e-01 1.654448509216308594e-01 1.449706107378005981e-01 1.100083738565444946e-01 7.766948640346527100e-02 6.774699687957763672e-02 6.192462146282196045e-02 5.886466801166534424e-02 5.874840915203094482e-02 6.213121116161346436e-02 6.836435198783874512e-02 7.302698493003845215e-02 7.612466812133789062e-02 7.305936515331268311e-02 6.644010543823242188e-02 6.013585627079010010e-02 5.611331760883331299e-02 5.338568985462188721e-02 5.155374109745025635e-02 5.073072016239166260e-02 5.159591138362884521e-02 5.338850617408752441e-02 5.525027215480804443e-02 5.908912420272827148e-02 6.286627054214477539e-02 6.530140340328216553e-02 6.627538800239562988e-02 6.541372835636138916e-02 6.323862075805664062e-02 6.045953929424285889e-02 5.748224258422851562e-02 5.530171096324920654e-02 5.340369045734405518e-02 5.084426701068878174e-02 4.919961094856262207e-02 4.893288016319274902e-02 4.900944232940673828e-02 4.828856885433197021e-02 4.811817407608032227e-02 4.861049354076385498e-02 4.912251234054565430e-02 4.879571497440338135e-02 4.821275174617767334e-02 4.700228571891784668e-02 4.609051346778869629e-02 4.584527015686035156e-02 4.618833959102630615e-02 4.787121713161468506e-02 5.278433859348297119e-02 6.302419304847717285e-02 7.895970344543457031e-02 1.065173000097274780e-01 1.415642946958541870e-01 1.633660197257995605e-01 1.437141746282577515e-01 1.133166998624801636e-01 1.021384894847869873e-01 1.021313220262527466e-01 1.116217523813247681e-01 1.295310258865356445e-01 1.453845053911209106e-01 1.512083858251571655e-01 1.461507230997085571e-01 1.242349296808242798e-01 9.950566291809082031e-02 7.912576198577880859e-02 6.454385817050933838e-02 5.537928640842437744e-02 5.059550702571868896e-02 4.743269085884094238e-02 4.598100483417510986e-02 4.500079154968261719e-02 4.490865767002105713e-02 4.465141892433166504e-02 4.420718550682067871e-02 4.430907964706420898e-02 4.473125934600830078e-02 4.565986990928649902e-02 4.978454113006591797e-02 5.525976419448852539e-02 1.021337211132049561e-01 2.213950157165527344e-01 3.019736409187316895e-01 1.835432797670364380e-01 1.361995637416839600e-01 7.887897491455078125e-01 8.536995649337768555e-01 8.583339452743530273e-01 8.848115205764770508e-01 8.889453411102294922e-01 4.280129075050354004e-02 2.900938689708709717e-02 3.031329810619354248e-02 3.574913740158081055e-02
6.912137567996978760e-02 6.575736403465270996e-02 8.738131821155548096e-02 1.256715357303619385e-01 1.916121542453765869e-01 9.999328851699829102e-01 9.999914765357971191e-01 0.000000000000000000e+00 9.999951720237731934e-01 9.999624490737915039e-01 3.154644966125488281e-01 2.049767524003982544e-01 1.757300645112991333e-01 1.645806580781936646e-01 1.803176701068878174e-01 1.579775065183639526e-01 1.786946058273315430e-01 2.045924663543701172e-01 2.329614013433456421e-01 2.787949442863464355e-01 2.796272039413452148e-01 2.290035039186477661e-01 1.625641137361526489e-01 1.175546199083328247e-01 9.390749037265777588e-02 8.452908694744110107e-02 8.237406611442565918e-02 8.858419954776763916e-02 9.725286066532135010e-02 1.040762811899185181e-01 1.027238517999649048e-01 9.381139278411865234e-02 8.348585665225982666e-02 7.534761726856231689e-02 6.973926723003387451e-02 6.635543704032897949e-02 6.404116749763488770e-02 6.228767335414886475e-02 6.178252398967742920e-02 6.249830126762390137e-02 6.397287547588348389e-02 6.592208147048950195e-02 6.740194559097290039e-02 6.772914528846740723e-02 6.732815504074096680e-02 6.541796028614044189e-02 6.203147768974304199e-02 5.827262997627258301e-02 5.582442879676818848e-02 5.374056100845336914e-02 5.300442874431610107e-02 5.258615314960479736e-02 5.036845803260803223e-02 5.000859498977661133e-02 5.124443769454956055e-02 5.359627306461334229e-02 5.527655780315399170e-02 5.571478605270385742e-02 5.518037080764770508e-02 5.369479954242706299e-02 5.177322030067443848e-02 4.988516867160797119e-02 4.883709549903869629e-02 4.873518645763397217e-02 4.973246157169342041e-02 5.367238819599151611e-02 6.566320359706878662e-02 9.023813903331756592e-02 1.345402002334594727e-01 2.139806449413299561e-01 2.655110955238342285e-01 2.720863819122314453e-01 2.212082147598266602e-01 1.769988387823104858e-01 1.504541188478469849e-01 1.388339698314666748e-01 1.385424286127090454e-01 1.428956538438796997e-01 1.499854177236557007e-01 1.483892798423767090e-01 1.328450143337249756e-01 1.090826541185379028e-01 8.825448155403137207e-02 7.703815400600433350e-02 6.767189502716064453e-02 6.101123988628387451e-02 5.607561767101287842e-02 5.262847244739532471e-02 4.981179535388946533e-02 4.832735657691955566e-02 4.768152534961700439e-02 4.683499038219451904e-02 4.755151271820068359e-02 4.838865995407104492e-02 5.004905164241790771e-02 5.378089845180511475e-02 5.971610546112060547e-02 9.867548942565917969e-02 1.537226736545562744e-01 2.100853621959686279e-01 2.216565608978271484e-01 2.086393535137176514e-01 6.270266771316528320e-01 7.825663685798645020e-01 8.071376085281372070e-01 8.076524138450622559e-01 8.292499780654907227e-01 5.168226361274719238e-02 3.095027804374694824e-02 2.939274907112121582e-02 3.152534365653991699e-02 3.496396541595458984e-02
6.066735088825225830e-02 6.387050449848175049e-02 6.842859089374542236e-02 9.014391899108886719e-02 1.267928928136825562e-01 2.154090255498886108e-01 9.999594688415527344e-01 9.999951720237731934e-01 0.000000000000000000e+00 9.999954700469970703e-01 9.999623298645019531e-01 3.632060289382934570e-01 2.168094068765640259e-01 1.687325686216354370e-01 1.445049941539764404e-01 1.494143903255462646e-01 1.641819179058074951e-01 2.130981385707855225e-01 2.713362276554107666e-01 3.225170075893402100e-01 3.693251609802246094e-01 3.517114520072937012e-01 2.963147163391113281e-01 2.193794995546340942e-01 1.671409904956817627e-01 1.343317776918411255e-01 1.244799643754959106e-01 1.242639869451522827e-01 1.272837221622467041e-01 1.222833693027496338e-01 1.152797639369964600e-01 1.012795269489288330e-01 8.707359433174133301e-02 7.558518648147583008e-02 6.908524036407470703e-02 6.522716581821441650e-02 6.270055472850799561e-02 6.118303537368774414e-02 6.064803898334503174e-02 6.082405149936676025e-02 6.118966639041900635e-02 6.179943680763244629e-02 6.225505471229553223e-02 6.236815452575683594e-02 6.197695434093475342e-02 6.093810498714447021e-02 5.927251279354095459e-02 5.663032829761505127e-02 5.416835844516754150e-02 5.102935433387756348e-02 4.876887798309326172e-02 4.827433824539184570e-02 4.890449345111846924e-02 5.139413475990295410e-02 5.488951504230499268e-02 5.815394222736358643e-02 6.012144684791564941e-02 6.036792695522308350e-02 5.888929963111877441e-02 5.715446174144744873e-02 5.529743432998657227e-02 5.346722900867462158e-02 5.214309692382812500e-02 5.246075987815856934e-02 5.564476549625396729e-02 6.992857158184051514e-02 9.548248350620269775e-02 1.415143460035324097e-01 2.387767434120178223e-01 3.144521415233612061e-01 3.512864708900451660e-01 3.099860846996307373e-01 2.367797046899795532e-01 1.837799847126007080e-01 1.496316492557525635e-01 1.328896135091781616e-01 1.294722706079483032e-01 1.288767606019973755e-01 1.181605607271194458e-01 1.078602969646453857e-01 9.659627079963684082e-02 8.856306970119476318e-02 8.541257679462432861e-02 7.943122088909149170e-02 7.225778698921203613e-02 6.523814797401428223e-02 5.930489301681518555e-02 5.428194999694824219e-02 5.125510692596435547e-02 4.925222694873809814e-02 4.936034977436065674e-02 5.007381737232208252e-02 5.233637988567352295e-02 5.440375208854675293e-02 5.818304419517517090e-02 6.569561362266540527e-02 1.011800169944763184e-01 1.714577078819274902e-01 2.004994601011276245e-01 1.960314512252807617e-01 2.673114538192749023e-01 4.139144718647003174e-01 5.304677486419677734e-01 6.565471887588500977e-01 6.737737655639648438e-01 7.200453877449035645e-01 6.171040236949920654e-02 3.777766227722167969e-02 3.233402967453002930e-02 2.979359030723571777e-02 2.878712117671966553e-02 3.552460670471191406e-02
6.457640230655670166e-02 6.405214965343475342e-02 7.034745812416076660e-02 7.426173985004425049e-02 9.476749598979949951e-02 1.381639689207077026e-01 2.509432435035705566e-01 9.999624490737915039e-01 9.999954700469970703e-01 0.000000000000000000e+00 9.999951124191284180e-01 9.999615550041198730e-01 3.685913980007171631e-01 2.112498581409454346e-01 1.631740927696228027e-01 1.437292546033859253e-01 1.554483473300933838e-01 1.979267150163650513e-01 2.569395005702972412e-01 3.153155446052551270e-01 3.374691009521484375e-01 3.564337790012359619e-01 3.318270444869995117e-01 2.912063598632812500e-01 2.320957332849502563e-01 1.820728778839111328e-01 1.476999521255493164e-01 1.280808001756668091e-01 1.187804043292999268e-01 1.107833832502365112e-01 1.014222204685211182e-01 9.119033813476562500e-02 7.906800508499145508e-02 7.045415043830871582e-02 6.373341381549835205e-02 5.977001786231994629e-02 5.720169842243194580e-02 5.587306618690490723e-02 5.516766011714935303e-02 5.408267676830291748e-02 5.632348358631134033e-02 5.815471708774566650e-02 5.899521708488464355e-02 5.777455866336822510e-02 5.548609793186187744e-02 5.296479165554046631e-02 5.120825767517089844e-02 4.906797409057617188e-02 4.700562357902526855e-02 4.538008570671081543e-02 4.467082023620605469e-02 4.521405696868896484e-02 4.707273840904235840e-02 4.988138377666473389e-02 5.349826812744140625e-02 5.660308897495269775e-02 5.753666162490844727e-02 5.772638320922851562e-02 5.731597542762756348e-02 5.595929920673370361e-02 5.478511750698089600e-02 5.415782332420349121e-02 5.438809096813201904e-02 5.660249292850494385e-02 6.615918874740600586e-02 8.710414171218872070e-02 1.254737973213195801e-01 1.944311857223510742e-01 3.024687170982360840e-01 3.696330189704895020e-01 3.434248566627502441e-01 2.609513998031616211e-01 1.902318149805068970e-01 1.427346915006637573e-01 1.132946461439132690e-01 9.873943030834197998e-02 8.789849281311035156e-02 8.347360789775848389e-02 8.490011096000671387e-02 8.483764529228210449e-02 8.571667969226837158e-02 8.373343944549560547e-02 8.163700997829437256e-02 7.805202901363372803e-02 7.003556191921234131e-02 6.008824706077575684e-02 5.322588980197906494e-02 4.935011267662048340e-02 4.780097305774688721e-02 4.818482697010040283e-02 5.018827319145202637e-02 5.299215018749237061e-02 5.547885596752166748e-02 5.985574424266815186e-02 6.764182448387145996e-02 9.894385933876037598e-02 1.797532588243484497e-01 2.244402319192886353e-01 2.112586498260498047e-01 2.522938251495361328e-01 3.252876102924346924e-01 3.616037964820861816e-01 4.471935629844665527e-01 5.186346769332885742e-01 5.273558497428894043e-01 8.140127360820770264e-02 4.905723035335540771e-02 3.953178226947784424e-02 3.313724696636199951e-02 2.825886011123657227e-02 2.840502560138702393e-02 3.236821293830871582e-02
6.596714258193969727e-02 6.129395961761474609e-02 6.476087868213653564e-02 7.931399345397949219e-02 8.187820017337799072e-02 1.078344881534576416e-01 1.736941039562225342e-01 3.154644966125488281e-01 9.999623298645019531e-01 9.999951124191284180e-01 0.000000000000000000e+00 9.999952316284179688e-01 9.999620318412780762e-01 3.752251565456390381e-01 2.099783271551132202e-01 1.696071773767471313e-01 1.518536061048507690e-01 1.656904220581054688e-01 2.176356613636016846e-01 2.811335027217864990e-01 3.300166428089141846e-01 3.416782021522521973e-01 3.472735881805419922e-01 3.178831338882446289e-01 2.669497728347778320e-01 2.008405178785324097e-01 1.512022167444229126e-01 1.155254989862442017e-01 9.757389128208160400e-02 8.712112903594970703e-02 7.856296002864837646e-02 7.120299339294433594e-02 6.439226865768432617e-02 5.866196751594543457e-02 5.481541156768798828e-02 5.148290097713470459e-02 5.007366836071014404e-02 4.952275753021240234e-02 4.877643287181854248e-02 4.928630590438842773e-02 5.030688643455505371e-02 5.037380754947662354e-02 4.941262304782867432e-02 4.724535346031188965e-02 4.520426690578460693e-02 4.339826107025146484e-02 4.158647358417510986e-02 3.961196541786193848e-02 3.819632530212402344e-02 3.736937046051025391e-02 3.759272396564483643e-02 3.900571167469024658e-02 4.177309572696685791e-02 4.481728374958038330e-02 4.726678133010864258e-02 4.895512759685516357e-02 5.084002017974853516e-02 5.255897343158721924e-02 5.248077213764190674e-02 5.196903645992279053e-02 5.138877034187316895e-02 5.245561897754669189e-02 5.432200431823730469e-02 6.067316234111785889e-02 7.653163373470306396e-02 1.021755486726760864e-01 1.534853875637054443e-01 2.531453073024749756e-01 3.590769469738006592e-01 3.667148947715759277e-01 2.748442888259887695e-01 1.959503740072250366e-01 1.420307457447052002e-01 9.378108382225036621e-02 7.191494107246398926e-02 6.851623952388763428e-02 6.989097595214843750e-02 7.125322520732879639e-02 7.231356203556060791e-02 7.349003851413726807e-02 7.394658029079437256e-02 7.321080565452575684e-02 7.155384123325347900e-02 6.369735300540924072e-02 5.537511408329010010e-02 4.843084514141082764e-02 4.517422616481781006e-02 4.384459555149078369e-02 4.403546452522277832e-02 4.653546214103698730e-02 5.038037896156311035e-02 5.312049388885498047e-02 5.767528712749481201e-02 6.646099686622619629e-02 9.780639410018920898e-02 1.709706336259841919e-01 2.317060381174087524e-01 2.278064936399459839e-01 2.314561158418655396e-01 2.738808393478393555e-01 2.802967727184295654e-01 3.185473680496215820e-01 3.556923568248748779e-01 3.570956587791442871e-01 1.178069710731506348e-01 7.073417305946350098e-02 4.768499732017517090e-02 4.026871919631958008e-02 3.168085217475891113e-02 2.783979475498199463e-02 2.822643518447875977e-02 3.143908083438873291e-02
6.079900264739990234e-02 6.323702633380889893e-02 6.114584207534790039e-02 7.124142348766326904e-02 8.941662311553955078e-02 1.073069125413894653e-01 1.416310369968414307e-01 2.049767524003982544e-01 3.632060289382934570e-01 9.999615550041198730e-01 9.999952316284179688e-01 0.000000000000000000e+00 9.999958872795104980e-01 9.999672770500183105e-01 3.928979337215423584e-01 2.137857079505920410e-01 1.757829636335372925e-01 1.626483350992202759e-01 1.824186742305755615e-01 2.332031130790710449e-01 3.015419840812683105e-01 3.335167467594146729e-01 3.257510066032409668e-01 3.158635199069976807e-01 2.775021195411682129e-01 2.117590755224227905e-01 1.477847248315811157e-01 1.045950502157211304e-01 8.041909337043762207e-02 6.764599680900573730e-02 6.087175011634826660e-02 5.557021498680114746e-02 5.206677317619323730e-02 4.870080947875976562e-02 4.577741026878356934e-02 4.407255351543426514e-02 4.316729307174682617e-02 4.250766336917877197e-02 4.245452582836151123e-02 4.390364885330200195e-02 4.423449933528900146e-02 4.264651238918304443e-02 4.060710966587066650e-02 3.851172327995300293e-02 3.644146025180816650e-02 3.490434587001800537e-02 3.352361917495727539e-02 3.261855244636535645e-02 3.200897574424743652e-02 3.182895481586456299e-02 3.246021270751953125e-02 3.418575227260589600e-02 3.657324612140655518e-02 3.871729969978332520e-02 4.004152119159698486e-02 4.225943982601165771e-02 4.607130587100982666e-02 4.802617430686950684e-02 4.837527871131896973e-02 4.845020174980163574e-02 5.013060569763183594e-02 5.164359509944915771e-02 5.648927390575408936e-02 7.148523628711700439e-02 8.987607061862945557e-02 1.197327822446823120e-01 1.958528310060501099e-01 3.063194751739501953e-01 3.601358234882354736e-01 2.881047725677490234e-01 1.963129788637161255e-01 1.279281377792358398e-01 8.724297583103179932e-02 6.686280667781829834e-02 5.953353643417358398e-02 5.888238549232482910e-02 5.964235961437225342e-02 6.113289296627044678e-02 6.311520934104919434e-02 6.342497467994689941e-02 6.190209090709686279e-02 5.638545751571655273e-02 5.117765069007873535e-02 4.646243155002593994e-02 4.266442358493804932e-02 4.055893421173095703e-02 3.948730230331420898e-02 3.967751562595367432e-02 4.207327961921691895e-02 4.605421423912048340e-02 4.970186948776245117e-02 5.330109596252441406e-02 6.247977912425994873e-02 9.089389443397521973e-02 1.562604010105133057e-01 2.132800370454788208e-01 2.217016816139221191e-01 1.862260997295379639e-01 1.981590390205383301e-01 1.907718628644943237e-01 2.089242190122604370e-01 2.005117982625961304e-01 1.955884397029876709e-01 1.533277332782745361e-01 9.998767077922821045e-02 6.735661625862121582e-02 4.585190117359161377e-02 3.707452118396759033e-02 3.080385923385620117e-02 2.812702953815460205e-02 2.766983211040496826e-02 2.877850830554962158e-02
5.637985467910766602e-02 5.966192483901977539e-02 6.329919397830963135e-02 6.712988018989562988e-02 8.285556733608245850e-02 1.398384273052215576e-01 1.536366045475006104e-01 1.757300645112991333e-01 2.168094068765640259e-01 3.685913980007171631e-01 9.999620318412780762e-01 9.999958872795104980e-01 0.000000000000000000e+00 9.999966621398925781e-01 9.999709725379943848e-01 4.227443337440490723e-01 2.211934030055999756e-01 1.821244806051254272e-01 1.719871312379837036e-01 1.921862065792083740e-01 2.365653514862060547e-01 2.916768789291381836e-01 3.032748103141784668e-01 2.802468240261077881e-01 2.617542743682861328e-01 2.125597149133682251e-01 1.516753733158111572e-01 1.016747057437896729e-01 7.159854471683502197e-02 5.808973312377929688e-02 5.127224326133728027e-02 4.659937322139739990e-02 4.309715330600738525e-02 4.044182598590850830e-02 3.807638585567474365e-02 3.683173656463623047e-02 3.631940484046936035e-02 3.600890934467315674e-02 3.628055751323699951e-02 3.700624406337738037e-02 3.689303994178771973e-02 3.647258877754211426e-02 3.549115359783172607e-02 3.396441042423248291e-02 3.223526477813720703e-02 3.082039952278137207e-02 3.016807138919830322e-02 2.987040579319000244e-02 2.983400225639343262e-02 3.003847599029541016e-02 3.061449527740478516e-02 3.174524009227752686e-02 3.314886987209320068e-02 3.489433228969573975e-02 3.688657283782958984e-02 3.995467722415924072e-02 4.341116547584533691e-02 4.506205022335052490e-02 4.596418142318725586e-02 4.874543845653533936e-02 5.094015598297119141e-02 5.513967573642730713e-02 7.113739848136901855e-02 8.658429980278015137e-02 1.056990772485733032e-01 1.552233397960662842e-01 2.644006013870239258e-01 3.520465493202209473e-01 2.915389537811279297e-01 2.025779932737350464e-01 1.287873238325119019e-01 9.119383990764617920e-02 6.980507075786590576e-02 5.810692906379699707e-02 5.299103260040283203e-02 5.174688994884490967e-02 5.231559276580810547e-02 5.230265855789184570e-02 5.151186883449554443e-02 4.960162937641143799e-02 4.603676497936248779e-02 4.248131811618804932e-02 3.942298889160156250e-02 3.764544427394866943e-02 3.671416640281677246e-02 3.601676225662231445e-02 3.606431186199188232e-02 3.793784976005554199e-02 4.095798730850219727e-02 4.464776813983917236e-02 4.854072630405426025e-02 5.597066879272460938e-02 7.241697609424591064e-02 1.175104081630706787e-01 1.686156690120697021e-01 1.639121919870376587e-01 1.181107759475708008e-01 1.259263306856155396e-01 1.168817430734634399e-01 1.516315788030624390e-01 1.489251703023910522e-01 1.212234348058700562e-01 1.147783398628234863e-01 1.053120493888854980e-01 8.284056186676025391e-02 5.817261338233947754e-02 4.164747893810272217e-02 3.452959656715393066e-02 2.911272644996643066e-02 2.733142673969268799e-02 2.528147399425506592e-02 2.627804875373840332e-02
4.951924085617065430e-02 5.463637411594390869e-02 5.878567695617675781e-02 7.044355571269989014e-02 8.393192291259765625e-02 1.359725147485733032e-01 1.918880939483642578e-01 1.645806580781936646e-01 1.687325686216354370e-01 2.112498581409454346e-01 3.752251565456390381e-01 9.999672770500183105e-01 9.999966621398925781e-01 0.000000000000000000e+00 9.999970793724060059e-01 9.999724626541137695e-01 4.670608043670654297e-01 2.290523052215576172e-01 1.860860884189605713e-01 1.751444190740585327e-01 1.923644691705703735e-01 2.129937410354614258e-01 2.491460889577865601e-01 2.527499794960021973e-01 2.254834771156311035e-01 1.930590569972991943e-01 1.458057612180709839e-01 1.000669002532958984e-01 6.960044801235198975e-02 5.507402122020721436e-02 4.628916084766387939e-02 4.071170091629028320e-02 3.737063705921173096e-02 3.514854609966278076e-02 3.337006270885467529e-02 3.234858810901641846e-02 3.170187771320343018e-02 3.150850534439086914e-02 3.155741095542907715e-02 3.176721930503845215e-02 3.176519274711608887e-02 3.178142011165618896e-02 3.123776614665985107e-02 3.015667200088500977e-02 2.931945025920867920e-02 2.892498672008514404e-02 2.857662737369537354e-02 2.836760878562927246e-02 2.835780382156372070e-02 2.894042432308197021e-02 3.008224070072174072e-02 3.100274503231048584e-02 3.215724229812622070e-02 3.432446718215942383e-02 3.673903644084930420e-02 3.977869451045989990e-02 4.207329452037811279e-02 4.397453367710113525e-02 4.733650386333465576e-02 5.090206861495971680e-02 5.814546346664428711e-02 7.706722617149353027e-02 9.357842803001403809e-02 1.034489125013351440e-01 1.161193996667861938e-01 2.098611146211624146e-01 3.744871020317077637e-01 3.326480686664581299e-01 2.478083074092864990e-01 1.459618806838989258e-01 9.762375056743621826e-02 7.330211997032165527e-02 6.050075590610504150e-02 5.285495519638061523e-02 4.888132214546203613e-02 4.751853644847869873e-02 4.648818075656890869e-02 4.513172805309295654e-02 4.266177117824554443e-02 3.981223702430725098e-02 3.748139739036560059e-02 3.561902046203613281e-02 3.488774597644805908e-02 3.417645394802093506e-02 3.357683122158050537e-02 3.345787525177001953e-02 3.439819812774658203e-02 3.657814860343933105e-02 3.916580975055694580e-02 4.343798756599426270e-02 4.959139227867126465e-02 6.073276698589324951e-02 7.581326365470886230e-02 1.150544583797454834e-01 1.091542541980743408e-01 8.532907068729400635e-02 8.185626566410064697e-02 7.509821653366088867e-02 8.636860549449920654e-02 1.038685888051986694e-01 9.702579677104949951e-02 8.154672384262084961e-02 8.190341293811798096e-02 7.820740342140197754e-02 6.461304426193237305e-02 4.695948958396911621e-02 3.734366595745086670e-02 3.092102706432342529e-02 2.711030840873718262e-02 2.573572099208831787e-02 2.389802038669586182e-02 2.512083947658538818e-02
